area,positionname,longitude,latitude,timepoint,pm2_5,pm10,co,no2,so2,o3,o3_8h,aqi,primarypollutant
阿坝藏族羌族自治州,州农科所,102.1879,31.914,2025-03-15T1100,7,28,0,7,9,72,62,28,
阿坝藏族羌族自治州,马师校,102.2502,31.8896,2025-03-15T1100,24,,0.5,10,5,82,67,35,
阿坝藏族羌族自治州,马尔康中学西区,102.2165,31.9024,2025-03-15T1100,8,15,0.4,6,5,88,79,28,
阿克苏地区,电视台,80.292,41.1694,2025-03-15T1100,67,367,0.5,8,6,64,81,225,颗粒物(PM10)
阿克苏地区,艺术中心,80.2613,41.1551,2025-03-15T1100,83,396,0.5,14,5,63,81,266,颗粒物(PM10)
阿拉善盟,西城区西花园,105.6467,38.8363,2025-03-15T1100,10,77,0.8,6,10,92,90,64,颗粒物(PM10)
阿拉善盟,蒙二幼,105.6985,38.8411,2025-03-15T1100,12,44,0.7,7,5,86,87,44,
阿拉善盟,环保局新楼,105.724,38.8516,2025-03-15T1100,10,53,0.6,3,8,88,91,52,颗粒物(PM10)
阿勒泰地区,市站,88.1264,47.8517,2025-03-15T1100,3,9,0.2,8,2,88,87,28,
阿里地区,阿里监测站,80.1161,32.5,2025-03-15T1100,3,8,0.5,5,6,100,99,32,
阿里地区,阿里藏医院,80.0903,32.5028,2025-03-15T1100,3,11,0.4,2,7,100,101,32,
安康市,香溪洞,109.0318,32.6537,2025-03-15T1100,3,,0.6,2,6,51,50,16,
安康市,汉滨区检察院,109.0072,32.6975,2025-03-15T1100,8,,0.5,11,8,56,33,18,
安康市,市邮政管理局,109.0325,32.6913,2025-03-15T1100,7,7,0.4,9,7,57,33,18,
安庆市,环科院,117.0809,30.5177,2025-03-15T1100,11,11,0.4,15,6,76,82,24,
安庆市,马山宾馆,117.0331,30.5119,2025-03-15T1100,10,11,0.6,9,2,78,82,25,
安庆市,安庆大学,116.9896,30.6145,2025-03-15T1100,10,11,0.3,5,6,84,92,27,
安庆市,市人大,117.0598,30.5351,2025-03-15T1100,11,14,0.4,13,3,75,83,24,
安顺市,伍家关,105.9606,26.2611,2025-03-15T1100,5,,0.6,11,7,60,69,,
安顺市,凤凰山,105.9408,26.2431,2025-03-15T1100,3,10,0.8,13,15,59,68,19,
安顺市,金钟山,105.9439,26.2564,2025-03-15T1100,3,12,0.6,10,13,57,68,18,
安顺市,娄家坡,105.8983,26.2481,2025-03-15T1100,10,16,0.5,14,11,60,67,19,
安阳市,棉研所,114.4839,36.0621,2025-03-15T1100,,,,,,,,,
安阳市,红庙街,114.3551,36.1017,2025-03-15T1100,22,52,0.7,17,7,55,50,51,颗粒物(PM10)
安阳市,银杏小区,114.361,36.0681,2025-03-15T1100,26,56,0.5,19,6,62,55,53,颗粒物(PM10)
安阳市,信访局,114.3922,36.0878,2025-03-15T1100,22,39,0.3,23,8,64,59,39,
安阳市,左辅环卫站,114.4705,36.0637,2025-03-15T1100,26,70,0.5,16,5,81,70,60,颗粒物(PM10)
安阳市,安钢职工学校,114.2917,36.0949,2025-03-15T1100,30,56,0.6,19,5,60,54,53,颗粒物(PM10)
鞍山市,深沟寺,123.044,41.1196,2025-03-15T1100,48,71,0.6,22,13,68,65,67,细颗粒物(PM2.5)
鞍山市,太阳城,123.011,41.0931,2025-03-15T1100,48,72,0.5,18,9,74,73,67,细颗粒物(PM2.5)
鞍山市,太平,123.0485,41.1442,2025-03-15T1100,44,85,0.6,22,11,68,66,68,颗粒物(PM10)
鞍山市,铁西三道街,122.9642,41.0971,2025-03-15T1100,55,89,1.3,28,21,66,66,75,细颗粒物(PM2.5)
鞍山市,明达新区,123.022,41.0821,2025-03-15T1100,48,57,0.8,,,68,72,,
鞍山市,千山,123.1289,41.0228,2025-03-15T1100,,,,,,,72,,
鞍山市,兴盛南路290号,122.9446,41.0826,2025-03-15T1100,48,78,1.0,32,22,65,59,67,细颗粒物(PM2.5)
巴彦淖尔市,附二中,107.4212,40.761,2025-03-15T1100,13,35,0.4,4,4,85,72,35,
巴彦淖尔市,市环保大楼,107.37,40.7372,2025-03-15T1100,18,32,0.3,4,5,,76,,
巴音郭楞蒙古自治州,孔雀公园,86.1472,41.7538,2025-03-15T1100,12,111,0.3,8,4,86,75,81,颗粒物(PM10)
巴音郭楞蒙古自治州,棉纺厂,86.1972,41.7166,2025-03-15T1100,6,121,0.3,16,4,79,58,86,颗粒物(PM10)
巴音郭楞蒙古自治州,经济开发区,86.2357,41.7173,2025-03-15T1100,11,107,0.2,8,6,87,73,79,颗粒物(PM10)
巴中市,苏山坪,106.7677,31.8794,2025-03-15T1100,3,6,0.2,5,4,73,75,23,
巴中市,市五中,106.7768,31.8526,2025-03-15T1100,6,12,0.5,12,4,70,71,22,
巴中市,圣泉水务公司,106.7418,31.8654,2025-03-15T1100,3,10,0.4,9,6,74,64,24,
巴中市,市中心医院,106.7616,31.8344,2025-03-15T1100,10,10,0.4,11,6,72,64,23,
白城市,洮北区环保局,122.7911,45.6077,2025-03-15T1100,17,27,0.3,5,6,86,65,27,
白城市,市环保局,122.8738,45.5725,2025-03-15T1100,11,17,0.3,2,5,87,78,28,
白山市,喜丰,126.4219,41.9171,2025-03-15T1100,12,25,0.7,10,6,86,74,27,
白山市,环保局,126.4077,41.9419,2025-03-15T1100,10,42,0.6,15,8,84,76,42,
白银市,第三小学,104.1724,36.5446,2025-03-15T1100,31,31,0.5,4,7,89,84,45,
白银市,动力公司,104.1465,36.5482,2025-03-15T1100,13,21,0.5,5,2,89,84,28,
百色市,市监测站,106.6103,23.9011,2025-03-15T1100,11,25,0.8,11,7,56,46,25,
百色市,市中心血站,106.6538,23.8859,2025-03-15T1100,6,22,0.8,8,8,54,50,22,
百色市,祈福高中,106.6085,23.8798,2025-03-15T1100,10,20,0.7,8,5,58,50,20,
蚌埠市,工人疗养院,117.396,32.939,2025-03-15T1100,26,54,0.5,18,4,66,56,52,颗粒物(PM10)
蚌埠市,百货大楼,117.3605,32.9427,2025-03-15T1100,22,49,0.4,20,5,56,48,49,
蚌埠市,蚌埠学院,117.4185,32.8911,2025-03-15T1100,23,46,0.4,18,3,63,54,46,
蚌埠市,淮上区政府,117.3533,32.9673,2025-03-15T1100,29,51,0.4,16,5,63,51,51,颗粒物(PM10)
蚌埠市,高新区,117.3145,32.8977,2025-03-15T1100,27,44,0.4,25,30,64,55,44,
蚌埠市,蚌埠田家炳中学,117.3092,32.9314,2025-03-15T1100,25,55,0.4,27,5,63,48,53,颗粒物(PM10)
包头市,市环境监测站,109.8756,40.6532,2025-03-15T1100,14,27,0.4,8,10,85,78,27,
包头市,包头八中,109.9991,40.5842,2025-03-15T1100,7,18,0.4,7,6,86,75,27,
包头市,青山宾馆,109.8538,40.6821,2025-03-15T1100,8,19,0.4,5,7,85,78,27,
包头市,惠龙物流,109.8642,40.6288,2025-03-15T1100,8,15,0.4,8,7,89,80,28,
包头市,东河鸿龙湾,110.0377,40.5546,2025-03-15T1100,3,20,0.3,5,6,87,75,28,
包头市,滨河大厦,109.9154,40.5685,2025-03-15T1100,6,10,0.4,4,8,87,74,28,
包头市,包头市委党校,109.9447,40.6261,2025-03-15T1100,12,28,0.5,6,6,81,74,28,
包头市,昆区政府,109.8331,40.6576,2025-03-15T1100,7,17,0.4,8,6,84,78,27,
宝鸡市,庙沟村,107.185,34.3063,2025-03-15T1100,12,24,0.3,5,6,84,80,27,
宝鸡市,竹园沟,107.0708,34.3017,2025-03-15T1100,9,24,0.4,8,6,78,74,25,
宝鸡市,三陆医院,107.1906,34.3672,2025-03-15T1100,15,25,0.5,6,4,77,74,25,
宝鸡市,监测站,107.1431,34.3547,2025-03-15T1100,14,29,0.4,9,7,77,75,29,
宝鸡市,技工学校,107.1186,34.3739,2025-03-15T1100,9,33,0.7,8,5,80,77,33,
宝鸡市,陈仓区环保局家属楼,107.3906,34.3528,2025-03-15T1100,14,26,0.3,7,7,78,74,26,
宝鸡市,文理学院,107.2058,34.3497,2025-03-15T1100,12,25,0.4,10,5,77,79,25,
宝鸡市,三迪小学,107.2386,34.3622,2025-03-15T1100,17,37,0.6,12,7,74,75,37,
保定市,游泳馆,115.493,38.8632,2025-03-15T1100,26,46,0.4,18,12,78,63,46,
保定市,华电二区,115.5213,38.8959,2025-03-15T1100,17,42,0.3,22,12,78,58,42,
保定市,接待中心,115.4713,38.9108,2025-03-15T1100,31,49,0.1,19,9,75,62,49,
保定市,地表水厂,115.4612,38.8416,2025-03-15T1100,26,54,0.6,18,11,80,65,52,颗粒物(PM10)
保定市,满城区生态环境分局,115.31981,38.95208,2025-03-15T1100,17,29,0.3,14,9,88,60,29,
保定市,清苑区第二中学,115.47694,38.76408,2025-03-15T1100,22,48,0.5,18,10,78,58,48,
保定市,徐水物探局,115.62909,39.02311,2025-03-15T1100,19,41,0.4,17,12,78,58,41,
保定市,双鹰农机,115.4202,38.8656,2025-03-15T1100,26,49,0.6,16,8,79,66,49,
保定市,植保所站,115.5150,38.8590,2025-03-15T1100,31,50,0.2,20,10,74,54,50,
保山市,市环境监测站,99.1678,25.1081,2025-03-15T1100,55,72,0.7,24,7,113,112,75,细颗粒物(PM2.5)
保山市,市环保局,99.1711,25.1328,2025-03-15T1100,46,75,0.9,19,10,120,119,64,细颗粒物(PM2.5)
北海市,牛尾岭水库,109.2262,21.588,2025-03-15T1100,12,17,0.5,,6,14,14,,
北海市,海滩公园,109.1436,21.4086,2025-03-15T1100,17,20,0.6,11,7,38,33,25,
北海市,新市环保局,109.0981,21.4661,2025-03-15T1100,31,54,0.5,14,5,28,29,52,颗粒物(PM10)
北海市,北海工业园,109.1778,21.5233,2025-03-15T1100,29,37,0.4,14,8,26,26,42,
北海市,龙潭自来水厂,109.1911,21.4415,2025-03-15T1100,15,22,0.4,10,7,34,25,22,
北京市,万寿西宫,116.3621,39.8784,2025-03-15T1100,36,66,0.6,23,8,71,57,58,颗粒物(PM10)
北京市,定陵,116.2202,40.2915,2025-03-15T1100,,,,,,,,,
北京市,东四,116.4174,39.9289,2025-03-15T1100,36,62,0.7,19,10,73,61,56,颗粒物(PM10)
北京市,天坛,116.4072,39.8863,2025-03-15T1100,,,,,,,69,,
北京市,农展馆,116.462,39.9365,2025-03-15T1100,29,58,0.8,13,12,76,59,54,颗粒物(PM10)
北京市,官园,116.3392,39.9295,2025-03-15T1100,38,63,0.8,20,11,60,49,57,颗粒物(PM10)
北京市,海淀万柳,116.2878,39.9611,2025-03-15T1100,33,61,0.7,24,8,61,50,56,颗粒物(PM10)
北京市,顺义新城,116.6636,40.135,2025-03-15T1100,24,57,0.5,10,9,72,58,54,颗粒物(PM10)
北京市,怀柔镇,116.6275,40.3275,2025-03-15T1100,43,57,0.7,13,3,58,50,60,细颗粒物(PM2.5)
北京市,昌平镇,116.2296,40.217,2025-03-15T1100,29,64,0.6,20,6,61,38,57,颗粒物(PM10)
北京市,奥体中心,116.3966,39.9821,2025-03-15T1100,32,60,0.9,22,9,67,56,55,颗粒物(PM10)
北京市,延庆夏都,115.9718,40.4529,2025-03-15T1100,22,38,0.5,10,5,70,65,38,
北京市,密云新城,116.8336,40.4095,2025-03-15T1100,33,40,0.7,5,4,65,59,48,
北京市,门头沟三家店,116.088,39.9726,2025-03-15T1100,28,65,0.5,23,7,66,48,58,颗粒物(PM10)
北京市,丰台云岗,116.1541,39.8204,2025-03-15T1100,30,54,0.5,15,8,81,54,52,颗粒物(PM10)
北京市,通州东关,116.6804,39.9081,2025-03-15T1100,26,56,0.8,4,13,77,54,53,颗粒物(PM10)
北京市,房山燕山,115.9577,39.7603,2025-03-15T1100,28,51,0.4,13,3,72,62,51,颗粒物(PM10)
北京市,大兴旧宫,116.4672,39.7733,2025-03-15T1100,31,61,0.7,16,4,64,41,56,颗粒物(PM10)
北京市,延庆石河营,115.986,40.4563,2025-03-15T1100,24,40,0.5,8,4,70,63,40,
北京市,怀柔新城,116.6151,40.3053,2025-03-15T1100,41,60,0.7,12,5,58,49,58,细颗粒物(PM2.5)
北京市,丰台小屯,116.2545,39.8768,2025-03-15T1100,29,58,0.6,17,7,68,37,54,颗粒物(PM10)
北京市,密云镇,116.84,40.3844,2025-03-15T1100,34,47,0.6,9,4,64,59,49,
北京市,八角北路9号,116.1942,39.9158,2025-03-15T1100,28,61,0.5,18,5,69,51,56,颗粒物(PM10)
北京市,洳河巡河路,117.0790,40.1518,2025-03-15T1100,52,63,0.5,14,4,55,48,72,细颗粒物(PM2.5)
本溪市,大峪,123.8275,41.3064,2025-03-15T1100,33,50,0.8,5,7,94,76,50,
本溪市,溪湖,123.7567,41.3325,2025-03-15T1100,55,60,0.8,17,10,98,92,75,细颗粒物(PM2.5)
本溪市,彩屯,123.7169,41.3094,2025-03-15T1100,59,86,1.0,21,12,87,76,80,细颗粒物(PM2.5)
本溪市,东明,123.7669,41.2864,2025-03-15T1100,32,60,0.6,14,9,85,72,55,颗粒物(PM10)
本溪市,新立屯,123.7992,41.2664,2025-03-15T1100,32,47,0.6,13,7,98,85,47,
本溪市,威宁,123.8142,41.3472,2025-03-15T1100,31,53,0.6,5,4,94,73,52,颗粒物(PM10)
毕节市,八中,105.2864,27.3125,2025-03-15T1100,3,6,0.6,8,8,61,54,20,
毕节市,师专,105.31,27.2944,2025-03-15T1100,3,6,0.7,11,6,60,58,19,
毕节市,工业大道,105.3688,27.3598,2025-03-15T1100,3,6,0.6,9,7,63,61,20,
滨州市,第二水厂,118.0018,37.3617,2025-03-15T1100,,,,,,,69,,
滨州市,北中新校,117.9776,37.393,2025-03-15T1100,31,56,0.4,19,9,79,65,53,颗粒物(PM10)
滨州市,中海酒店,117.9378,37.3956,2025-03-15T1100,36,46,0.4,16,8,79,70,52,细颗粒物(PM2.5)
滨州市,开发区一中,117.9378,37.3553,2025-03-15T1100,31,58,0.2,21,8,71,62,54,颗粒物(PM10)
滨州市,金海六路,118.0917,37.694,2025-03-15T1100,9,32,0.4,10,4,88,74,32,
滨州市,滨州市西街道办事处,117.9956,37.3753,2025-03-15T1100,34,51,0.4,15,8,81,66,51,颗粒物(PM10)
亳州市,污水处理厂,115.8072,33.8399,2025-03-15T1100,31,73,0.3,16,4,90,79,62,颗粒物(PM10)
亳州市,三国揽胜宫,115.7789,33.8518,2025-03-15T1100,30,90,0.3,15,4,88,78,70,颗粒物(PM10)
亳州市,亳州学院,115.7633,33.8034,2025-03-15T1100,25,76,0.4,14,4,94,88,63,颗粒物(PM10)
博尔塔拉蒙古自治州,市党校,82.0485,44.8556,2025-03-15T1100,22,,0.5,16,7,66,74,32,
博尔塔拉蒙古自治州,市环保局,82.0806,44.8969,2025-03-15T1100,8,25,0.3,9,6,85,95,27,
沧州市,沧县城建局,116.8842,38.2991,2025-03-15T1100,20,45,0.2,11,2,85,79,45,
沧州市,电视转播站,116.8584,38.3254,2025-03-15T1100,14,40,0.3,13,10,83,78,40,
沧州市,市环保局,116.8709,38.3228,2025-03-15T1100,17,47,0.3,13,7,79,74,47,
沧州市,河北水利电力学院,116.8136,38.3004,2025-03-15T1100,17,51,0.2,14,1,81,77,51,颗粒物(PM10)
昌都市,昌都监测站,97.1806,31.1273,2025-03-15T1100,10,14,0.5,7,8,62,58,20,
昌都市,昌都会议中心,97.1714,31.1406,2025-03-15T1100,7,12,0.2,4,3,70,65,22,
昌吉回族自治州,天山天池,88.1236,43.8886,2025-03-15T1100,7,25,0.4,3,4,84,83,27,
昌吉回族自治州,新区政务中心,87.2717,44.0297,2025-03-15T1100,9,35,0.5,13,7,66,73,35,
昌吉回族自治州,亚心广场,87.3095,44.0142,2025-03-15T1100,17,36,0.5,22,7,67,74,36,
长春市,食品厂,125.3325,43.9166,2025-03-15T1100,33,64,0.4,15,8,78,42,57,颗粒物(PM10)
长春市,客车厂,125.2863,43.9027,2025-03-15T1100,46,55,0.5,17,8,76,38,64,细颗粒物(PM2.5)
长春市,邮电学院,125.2841,43.8463,2025-03-15T1100,38,75,0.5,11,9,80,49,63,颗粒物(PM10)
长春市,劳动公园,125.3716,43.8772,2025-03-15T1100,33,73,0.7,11,8,75,31,62,颗粒物(PM10)
长春市,园林处,125.3297,43.8805,2025-03-15T1100,43,134,0.4,10,,78,48,,
长春市,净月潭,125.4605,43.79,2025-03-15T1100,49,82,0.5,22,9,72,57,68,细颗粒物(PM2.5)
长春市,甩湾子,125.7194,43.515,2025-03-15T1100,,,,,,,,,
长春市,经开区环卫处,125.3863,43.8447,2025-03-15T1100,38,62,0.4,17,7,69,27,56,颗粒物(PM10)
长春市,高新区管委会,125.245,43.7783,2025-03-15T1100,37,66,0.5,20,10,75,30,58,颗粒物(PM10)
长春市,岱山公园,125.1761,43.8325,2025-03-15T1100,29,40,0.3,12,13,85,42,42,
长沙市,经开区环保局,113.0833,28.2325,2025-03-15T1100,17,17,0.3,17,4,56,51,25,
长沙市,高开区环保局,112.8872,28.2189,2025-03-15T1100,23,,0.5,5,4,60,56,33,
长沙市,马坡岭,113.0792,28.2053,2025-03-15T1100,16,19,0.4,13,3,56,53,23,
长沙市,湖南师范大学,112.9394,28.19,2025-03-15T1100,17,28,0.5,5,4,59,54,28,
长沙市,雨花区环保局,113.0178,28.1322,2025-03-15T1100,21,30,0.4,18,4,49,44,30,
长沙市,伍家岭,112.9792,28.2597,2025-03-15T1100,19,,0.4,13,2,54,51,28,
长沙市,火车新站,113.0014,28.1944,2025-03-15T1100,27,,0.4,12,5,55,51,39,
长沙市,天心区环保局,112.9844,28.1178,2025-03-15T1100,15,22,0.4,17,2,58,53,22,
长沙市,湖南中医药大学,112.8908,28.1308,2025-03-15T1100,21,23,0.1,7,2,58,54,30,
长沙市,沙坪,112.9581,28.3611,2025-03-15T1100,17,22,0.4,10,5,53,50,25,
长治市,清华站,113.1147,36.1547,2025-03-15T1100,36,53,0.9,19,7,72,35,52,"颗粒物(PM10),细颗粒物(PM2.5)"
长治市,审计局,113.0886,36.2125,2025-03-15T1100,36,41,0.5,22,8,71,36,52,细颗粒物(PM2.5)
长治市,长治八中,113.0844,36.1856,2025-03-15T1100,48,53,0.5,18,10,75,30,67,细颗粒物(PM2.5)
长治市,德盛苑,113.1569,36.1911,2025-03-15T1100,36,48,0.8,17,7,73,40,52,细颗粒物(PM2.5)
长治市,向阳小学,113.06,36.0464,2025-03-15T1100,62,78,0.6,19,16,64,33,84,细颗粒物(PM2.5)
长治市,屯留一中,112.8792,36.3144,2025-03-15T1100,30,52,0.4,21,7,74,40,51,颗粒物(PM10)
长治市,英华南巷50号,113.1131,36.19948,2025-03-15T1100,39,52,0.7,18,10,78,40,55,细颗粒物(PM2.5)
长治市,学府街1号,113.2367,36.3344,2025-03-15T1100,50,76,0.8,18,8,76,32,69,细颗粒物(PM2.5)
常德市,市二中,111.6975,28.9703,2025-03-15T1100,33,37,0.4,9,3,76,71,48,
常德市,白鹤山,111.7158,29.1456,2025-03-15T1100,,,,,,,,,
常德市,武陵区永安,111.7153,29.0289,2025-03-15T1100,28,42,0.3,9,2,73,66,42,
常德市,鼎城区玉霞,111.6892,28.9881,2025-03-15T1100,26,41,0.4,11,3,76,72,41,
常德市,武陵区长庚,111.6625,29.0531,2025-03-15T1100,24,41,0.4,8,3,72,67,41,
常州市,市监测站,119.9633,31.762,2025-03-15T1100,15,32,0.4,2,8,85,87,32,
常州市,武进监测站,119.9468,31.7069,2025-03-15T1100,18,27,0.5,24,8,82,87,27,
常州市,安家,119.9255,31.9087,2025-03-15T1100,13,34,0.6,19,8,85,84,34,
常州市,行政中心,119.9805,31.8174,2025-03-15T1100,16,28,0.3,16,3,85,86,28,
常州市,经开区,120.0522,31.7748,2025-03-15T1100,19,32,0.4,27,7,83,90,32,
常州市,钟楼,119.9025,31.7964,2025-03-15T1100,15,27,0.5,18,6,85,87,27,
常州市,武进经发区,119.8598,31.7066,2025-03-15T1100,18,29,0.5,24,6,86,88,29,
常州市,金坛城区,119.5826,31.7245,2025-03-15T1100,19,27,0.4,12,6,96,91,30,
朝阳市,西梁,120.4318,41.5881,2025-03-15T1100,8,30,0.3,2,4,84,77,30,
朝阳市,河畔小区,120.4521,41.5646,2025-03-15T1100,11,39,0.5,7,7,87,80,39,
朝阳市,八里堡,120.4176,41.5648,2025-03-15T1100,17,40,0.5,3,7,83,76,40,
朝阳市,农业园区,120.3806,41.5969,2025-03-15T1100,12,80,0.4,10,5,87,79,65,颗粒物(PM10)
潮州市,西园路,116.6367,23.6719,2025-03-15T1100,37,46,0.7,25,3,42,49,53,细颗粒物(PM2.5)
潮州市,市政府,116.6183,23.6608,2025-03-15T1100,49,61,0.9,31,7,46,48,68,细颗粒物(PM2.5)
潮州市,金山,116.6461,23.6761,2025-03-15T1100,49,49,1.0,28,7,38,47,68,细颗粒物(PM2.5)
郴州市,马头岭,113.0073,25.9061,2025-03-15T1100,10,15,1.1,6,7,33,31,15,
郴州市,市职中,113.0116,25.8226,2025-03-15T1100,9,14,0.6,15,5,36,34,14,
郴州市,市审计局,113.0383,25.8071,2025-03-15T1100,10,18,0.5,16,2,33,36,18,
郴州市,市环保局,113.0348,25.7759,2025-03-15T1100,14,16,0.5,12,4,28,29,20,
郴州市,好美居路49号,113.0138,25.8011,2025-03-15T1100,13,17,0.5,15,6,36,34,19,
成都市,金泉两河,103.9728,30.7236,2025-03-15T1100,8,30,0.5,27,2,57,59,30,
成都市,十里店,104.176,30.6872,2025-03-15T1100,15,25,0.6,20,2,67,67,25,
成都市,三瓦窑,104.079,30.5706,2025-03-15T1100,10,28,0.5,17,3,77,66,28,
成都市,沙河铺,104.1114,30.63,2025-03-15T1100,23,34,0.6,18,4,63,58,34,
成都市,君平街,104.0786,30.6531,2025-03-15T1100,22,27,0.6,23,5,69,68,32,
成都市,灵岩寺,103.613,31.0283,2025-03-15T1100,,,,,,,,,
成都市,大石西路,104.0239,30.65639,2025-03-15T1100,22,33,0.5,21,3,64,62,33,
成都市,龙泉驿区区政府,104.2725,30.5589,2025-03-15T1100,7,22,0.5,22,4,53,52,22,
成都市,金博路,104.0106,30.6931,2025-03-15T1100,9,22,0.6,20,6,57,54,22,
成都市,华阳,104.0578,30.5225,2025-03-15T1100,19,22,0.6,22,6,62,60,28,
成都市,青白江技师分院,104.3853,30.7453,2025-03-15T1100,3,24,0.4,30,5,48,45,24,
成都市,科学城,104.0789,30.4072,2025-03-15T1100,11,16,0.5,25,4,60,56,19,
成都市,光华大道三段,103.8506,30.6947,2025-03-15T1100,16,35,0.6,33,4,56,73,35,
成都市,鲸龙路1057号,104.2433,30.5353,2025-03-15T1100,76,,0.6,34,4,50,51,102,细颗粒物(PM2.5)
承德市,铁路,117.9531,40.9081,2025-03-15T1100,17,26,0.3,8,5,79,76,26,
承德市,中国银行,117.9392,40.9763,2025-03-15T1100,16,21,0.3,8,2,74,69,24,
承德市,开发区,117.9503,40.928,2025-03-15T1100,19,35,0.2,10,3,82,80,35,
承德市,文化中心,117.8051,40.9655,2025-03-15T1100,3,24,0.2,8,3,81,73,26,
承德市,离宫,117.9268,41.0026,2025-03-15T1100,21,24,0.3,6,4,77,61,30,
池州市,池州学院,117.47,30.6618,2025-03-15T1100,3,6,0.4,11,3,69,74,22,
池州市,展览馆,117.4918,30.6617,2025-03-15T1100,6,7,0.4,11,4,70,74,22,
池州市,第八中学,117.5627,30.695,2025-03-15T1100,7,9,0.4,17,4,63,74,20,
池州市,第十二中学,117.5038,30.6243,2025-03-15T1100,6,8,0.5,13,5,69,74,22,
赤峰市,松山一中,118.9233,42.2816,2025-03-15T1100,12,27,0.7,17,9,86,80,27,
赤峰市,哈达街,118.9576,42.2728,2025-03-15T1100,7,36,0.6,19,10,82,78,36,
赤峰市,天义路,118.8788,42.2554,2025-03-15T1100,12,32,0.4,16,8,77,73,32,
赤峰市,银河街,119.2658,42.0353,2025-03-15T1100,17,32,0.4,13,14,73,72,32,
赤峰市,桥北物流园区,118.9359,42.3147,2025-03-15T1100,22,28,0.5,21,9,,70,,
崇左市,市环保局江州分局,107.3476,22.4136,2025-03-15T1100,3,,0.7,5,5,24,23,8,
崇左市,石景林东路7号,107.3750,22.3736,2025-03-15T1100,7,,0.6,7,3,28,26,10,
滁州市,老年大学,118.3093,32.3153,2025-03-15T1100,21,33,0.4,16,6,98,92,33,
滁州市,人大宾馆,118.3244,32.2786,2025-03-15T1100,18,25,0.4,16,6,94,86,30,
滁州市,市政府原办公楼,118.3118,32.3038,2025-03-15T1100,20,24,0.2,12,3,93,89,30,
滁州市,图书馆,118.3267,32.2634,2025-03-15T1100,13,26,0.3,14,5,94,85,30,
楚雄彝族自治州,州环境监测站,101.5482,25.0441,2025-03-15T1100,43,57,0.7,9,8,148,48,60,细颗粒物(PM2.5)
楚雄彝族自治州,市经济开发区,101.538,25.0492,2025-03-15T1100,44,55,0.7,12,8,136,47,62,细颗粒物(PM2.5)
达州市,达州职业技术学院,107.5277,31.2827,2025-03-15T1100,12,32,0.3,25,8,29,13,32,
达州市,市环境监测站,107.5086,31.2186,2025-03-15T1100,12,25,0.9,41,8,23,16,25,
达州市,凤凰小区,107.4988,31.2132,2025-03-15T1100,14,34,1.5,37,13,30,22,34,
达州市,达县机关宾馆,107.5082,31.1986,2025-03-15T1100,26,31,1.2,45,8,16,13,38,
达州市,市政中心,107.4644,31.2124,2025-03-15T1100,19,51,0.9,47,10,22,24,51,颗粒物(PM10)
大理白族自治州,大理市环境监测站,100.1542,25.7054,2025-03-15T1100,34,44,0.7,13,8,84,74,49,
大理白族自治州,大理古城,100.2171,25.5811,2025-03-15T1100,31,,0.6,11,7,86,83,45,
大连市,甘井子,121.612,38.9741,2025-03-15T1100,39,91,0.8,29,12,68,42,71,颗粒物(PM10)
大连市,周水子,121.565,38.9511,2025-03-15T1100,44,78,0.8,25,16,75,48,64,颗粒物(PM10)
大连市,星海三站,121.5637,38.8845,2025-03-15T1100,41,67,1.0,17,17,80,51,59,颗粒物(PM10)
大连市,青泥洼桥,121.6302,38.9117,2025-03-15T1100,35,76,0.5,23,18,77,46,63,颗粒物(PM10)
大连市,傅家庄,121.6251,38.8638,2025-03-15T1100,33,70,0.9,30,16,66,44,60,颗粒物(PM10)
大连市,七贤岭,121.5213,38.8661,2025-03-15T1100,37,55,1.0,17,13,80,55,53,"颗粒物(PM10),细颗粒物(PM2.5)"
大连市,旅顺,121.2529,38.8061,2025-03-15T1100,37,50,0.7,18,8,79,62,53,细颗粒物(PM2.5)
大连市,金州,121.7485,39.1311,2025-03-15T1100,45,,1.0,,19,84,53,,
大连市,开发区,121.7811,39.0496,2025-03-15T1100,36,54,0.9,22,,74,63,,
大连市,双D港,121.9762,39.0631,2025-03-15T1100,30,50,0.9,15,14,95,75,50,
大庆市,大同区,124.81117,46.03138,2025-03-15T1100,16,19,0.4,3,2,78,68,25,
大庆市,龙凤区,125.129,46.533,2025-03-15T1100,7,26,0.3,6,4,77,71,26,
大庆市,红岗区,124.902,46.408,2025-03-15T1100,11,12,0.3,3,4,84,75,27,
大庆市,萨尔图区,125.153,46.586,2025-03-15T1100,11,28,0.3,12,5,71,70,28,
大庆市,让胡路区,124.9042,46.6215,2025-03-15T1100,9,16,0.5,5,7,78,74,25,
大庆市,萨区政府监测点,125.141,46.634,2025-03-15T1100,9,18,0.4,5,4,80,75,25,
大同市,果树场,113.3819,40.1097,2025-03-15T1100,25,,0.3,7,11,85,74,36,
大同市,云冈宾馆,113.2994,40.0758,2025-03-15T1100,3,13,0.5,9,9,88,78,28,
大同市,大同大学,113.3444,40.0917,2025-03-15T1100,12,23,0.5,7,13,82,73,26,
大同市,安家小村,113.2661,40.1269,2025-03-15T1100,12,35,0.5,4,9,87,77,35,
大同市,教育学院,113.2711,40.0844,2025-03-15T1100,10,20,0.4,10,8,88,78,28,
大同市,大同市卫生学校,113.3397,40.0597,2025-03-15T1100,16,36,,8,10,85,74,,
大同市,云冈站,113.1367,40.1122,2025-03-15T1100,11,23,0.3,8,10,87,74,28,
大同市,图书馆,113.1186,40.2556,2025-03-15T1100,12,26,0.2,5,8,85,75,27,
大同市,区一中,113.5931,40.0461,2025-03-15T1100,20,36,0.3,8,15,84,73,36,
大同市,魏都大道141号,113.2798,40.0997,2025-03-15T1100,9,36,0.5,7,12,87,77,36,
大兴安岭地区,科技局,124.1069,50.4097,2025-03-15T1100,10,12,0.4,2,5,80,72,25,
大兴安岭地区,红旗社区,124.1164,50.4278,2025-03-15T1100,3,12,0.3,3,4,81,64,26,
丹东市,江湾东路,124.3303,40.0625,2025-03-15T1100,21,31,0.4,8,8,105,96,33,
丹东市,临江后街,124.4256,40.1503,2025-03-15T1100,19,28,0.5,7,7,96,90,30,
丹东市,元宝山,124.3933,40.1461,2025-03-15T1100,18,25,0.7,7,6,93,87,30,
丹东市,民主桥,124.3633,40.1092,2025-03-15T1100,19,32,0.8,13,9,,85,,
儋州市,第一中学子站,109.5726,19.5167,2025-03-15T1100,34,60,0.6,7,4,41,34,55,颗粒物(PM10)
儋州市,东坡学校子站,109.5567,19.5187,2025-03-15T1100,33,45,0.6,8,5,44,34,48,
德宏傣族景颇族自治州,德宏州监测站,98.5842,24.428,2025-03-15T1100,67,101,0.9,38,12,41,35,90,细颗粒物(PM2.5)
德宏傣族景颇族自治州,芒市人民政府综合楼,98.5881,24.4368,2025-03-15T1100,67,106,0.8,37,10,,61,,
德阳市,东山公园,104.4239,31.1208,2025-03-15T1100,14,20,0.5,8,2,72,68,23,
德阳市,西小区,104.3826,31.1317,2025-03-15T1100,18,28,0.5,14,3,70,66,28,
德阳市,耐火材料厂,104.3553,31.1091,2025-03-15T1100,17,28,0.3,18,5,66,64,28,
德阳市,市教育局,104.4019,31.1244,2025-03-15T1100,19,29,0.5,15,3,67,67,29,
德州市,儿童乐园,116.3032,37.4674,2025-03-15T1100,27,58,0.7,21,8,69,52,54,颗粒物(PM10)
德州市,监理站,116.2991,37.4451,2025-03-15T1100,39,56,0.6,17,12,68,59,55,细颗粒物(PM2.5)
德州市,九衢泉纯净水厂,116.2721,37.4379,2025-03-15T1100,34,63,0.6,21,11,66,58,57,颗粒物(PM10)
德州市,开发区人民医院,116.3728,37.4403,2025-03-15T1100,22,56,0.7,15,13,74,60,53,颗粒物(PM10)
德州市,太阳城中学,116.3572,37.4094,2025-03-15T1100,36,61,0.5,14,8,68,63,56,颗粒物(PM10)
德州市,陵城艺术中心,116.5652,37.3319,2025-03-15T1100,31,58,0.6,19,10,68,60,54,颗粒物(PM10)
迪庆藏族自治州,迪庆州站,99.7056,27.8317,2025-03-15T1100,17,20,0.4,7,8,104,85,33,
迪庆藏族自治州,质量技术监督局,99.7136,27.8094,2025-03-15T1100,6,19,0.7,9,8,110,97,35,
定西市,将台街,104.6092,35.5962,2025-03-15T1100,17,38,0.3,5,6,96,88,38,
定西市,正龙路62号,104.6159,35.5701,2025-03-15T1100,17,37,0.3,4,7,96,87,37,
东莞市,莞城梨川,113.7547,23.0494,2025-03-15T1100,29,43,0.7,31,6,40,30,43,
东莞市,东城石井,113.7944,23.0128,2025-03-15T1100,27,49,0.7,27,6,40,32,49,
东莞市,南城西平,113.7383,22.9658,2025-03-15T1100,22,42,0.7,34,5,38,20,42,
东莞市,万江金泰,113.7338,23.0381,2025-03-15T1100,26,43,0.9,23,6,46,32,43,
东莞市,南城元岭,113.7533,23.0202,2025-03-15T1100,26,49,0.8,31,5,27,25,49,
东莞市,东城主山,113.7875,23.0457,2025-03-15T1100,17,36,0.7,30,7,46,33,36,
东营市,市环保局,118.6614,37.4309,2025-03-15T1100,19,36,0.4,14,3,85,71,36,
东营市,开发区管委会,118.6904,37.4338,2025-03-15T1100,19,39,0.6,18,2,83,69,39,
东营市,垦利区民丰路,118.5719,37.565,2025-03-15T1100,,,0.6,14,3,,70,,
东营市,河口城区,118.5055,37.8612,2025-03-15T1100,7,41,0.5,13,3,89,80,41,
东营市,胜利站,118.4978,37.4623,2025-03-15T1100,22,79,0.5,20,8,87,71,65,颗粒物(PM10)
东营市,理想之城,118.35,37.26,2025-03-15T1100,17,34,0.3,14,5,89,72,34,
鄂尔多斯市,综合楼,110.0023,39.8129,2025-03-15T1100,7,34,0.2,11,6,79,64,34,
鄂尔多斯市,巴音孟克林场办事处,109.9486,39.8261,2025-03-15T1100,12,51,0.3,12,8,79,53,51,颗粒物(PM10)
鄂尔多斯市,康泽苑,109.7736,39.5986,2025-03-15T1100,7,24,0.3,6,3,82,66,26,
鄂尔多斯市,华泰汽车城,109.8119,39.5989,2025-03-15T1100,9,27,0.3,6,4,81,66,27,
鄂尔多斯市,奥林花园,109.9734,39.7884,2025-03-15T1100,9,41,0.4,11,,82,62,,
鄂州市,市政府,114.8938,30.3994,2025-03-15T1100,,,0.4,13,3,,57,,
鄂州市,赵家坝,114.8989,30.3714,2025-03-15T1100,24,33,0.5,7,3,72,59,35,
鄂州市,精准医疗中心,114.8094,30.4089,2025-03-15T1100,13,25,0.5,2,4,73,60,25,
恩施土家族苗族自治州,湖北民院,109.4978,30.2981,2025-03-15T1100,15,17,0.1,25,3,35,48,22,
恩施土家族苗族自治州,州电力总公司,109.4707,30.2798,2025-03-15T1100,19,26,0.1,26,5,31,42,28,
恩施土家族苗族自治州,龙凤新区,109.5061,30.3772,2025-03-15T1100,12,16,0.4,12,6,43,38,18,
防城港市,沙万,108.3411,21.6158,2025-03-15T1100,20,49,0.8,22,8,8,15,49,
防城港市,防城档案局,108.3514,21.7731,2025-03-15T1100,8,26,0.4,12,6,23,8,26,
防城港市,大海花园,108.3506,21.6414,2025-03-15T1100,14,42,1.0,17,6,10,14,42,
佛山市,湾梁,113.1294,23.0067,2025-03-15T1100,8,22,0.7,33,7,27,34,22,
佛山市,华材职中,113.1083,23.0478,2025-03-15T1100,11,36,0.7,42,6,25,45,36,
佛山市,南海气象局,113.144,23.0453,2025-03-15T1100,15,,0.6,35,5,25,32,22,
佛山市,顺德苏岗,113.2881,22.8094,2025-03-15T1100,14,41,0.6,32,5,20,32,41,
佛山市,高明孔堂,112.8383,22.8678,2025-03-15T1100,15,34,0.7,29,7,39,34,34,
佛山市,三水监测站,112.8836,23.1588,2025-03-15T1100,11,12,0.9,26,4,23,24,16,
佛山市,三水云东海,112.867,23.185,2025-03-15T1100,12,27,0.8,26,5,25,26,27,
佛山市,容桂街道办,113.2544,22.7642,2025-03-15T1100,31,51,0.9,46,7,26,42,51,颗粒物(PM10)
福州市,鼓山,119.3903,26.0543,2025-03-15T1100,,,,,,,52,,
福州市,师大,119.2681,26.0504,2025-03-15T1100,13,19,0.5,22,3,28,36,19,
福州市,五四北路,119.2984,26.1028,2025-03-15T1100,13,20,0.7,29,3,24,29,20,
福州市,杨桥西路,119.2648,26.0768,2025-03-15T1100,10,20,0.5,24,3,31,36,20,
福州市,紫阳,119.317,26.0746,2025-03-15T1100,15,22,0.5,29,4,25,29,22,
福州市,九龙,119.5799,26.0936,2025-03-15T1100,12,13,0.6,20,4,38,28,18,
福州市,吴航,119.5189,25.9664,2025-03-15T1100,12,14,0.8,22,3,41,32,18,
抚顺市,望花区,123.7977,41.8491,2025-03-15T1100,53,57,0.8,,7,81,76,,
抚顺市,顺城区,123.9161,41.8822,2025-03-15T1100,39,73,0.5,18,8,87,68,62,颗粒物(PM10)
抚顺市,东洲区,124.0436,41.8611,2025-03-15T1100,34,62,0.6,8,7,95,74,56,颗粒物(PM10)
抚顺市,新抚区,123.9247,41.8642,2025-03-15T1100,43,71,0.6,14,5,88,73,61,颗粒物(PM10)
抚顺市,大伙房水库,124.0972,41.8961,2025-03-15T1100,40,84,0.6,11,8,93,83,67,颗粒物(PM10)
抚顺市,沈抚新城,123.7086,41.8391,2025-03-15T1100,48,66,0.5,16,6,76,69,67,细颗粒物(PM2.5)
抚州市,桐源党溪,116.2127,28.0814,2025-03-15T1100,16,32,0.4,3,2,44,37,32,
抚州市,市站,116.3544,27.9831,2025-03-15T1100,9,19,1.0,5,4,43,40,19,
抚州市,血防站,116.3565,27.963,2025-03-15T1100,11,26,0.4,12,3,40,37,26,
抚州市,采茶剧团,116.3564,28.0007,2025-03-15T1100,11,22,0.7,8,5,37,33,22,
抚州市,医学分院,116.385,27.9647,2025-03-15T1100,10,19,0.6,2,3,36,32,19,
阜新市,工业园区,121.6094,41.998,2025-03-15T1100,11,36,0.5,8,6,85,77,36,
阜新市,长青街,121.6697,42.0279,2025-03-15T1100,16,,0.4,,5,81,77,,
阜新市,农业园区,121.6673,42.0705,2025-03-15T1100,14,44,0.6,12,7,88,81,44,
阜新市,东苑,121.6717,42.0224,2025-03-15T1100,10,48,0.6,4,6,85,80,48,
阜新市,玉龙新城,121.6506,42.0498,2025-03-15T1100,10,43,0.5,5,4,84,76,43,
阜阳市,市监测站,115.8277,32.8929,2025-03-15T1100,36,67,0.5,24,8,61,62,59,颗粒物(PM10)
阜阳市,开发区,115.8554,32.8605,2025-03-15T1100,29,83,0.5,30,8,58,64,67,颗粒物(PM10)
阜阳市,阜阳职业技术学院,115.784,32.8892,2025-03-15T1100,32,63,0.5,19,8,63,63,57,颗粒物(PM10)
阜阳市,市规划展馆,115.7901,32.8613,2025-03-15T1100,27,66,0.4,21,8,72,70,58,颗粒物(PM10)
阜阳市,枣园社区,115.836,32.9183,2025-03-15T1100,30,72,0.4,22,8,63,67,61,颗粒物(PM10)
甘南藏族自治州,州政府,102.9099,34.9841,2025-03-15T1100,26,46,0.4,7,4,76,74,46,
甘南藏族自治州,甘肃民族师范学院,102.8914,34.9617,2025-03-15T1100,25,49,0.3,8,19,75,75,49,
甘孜藏族自治州,水桥子,101.9603,30.0475,2025-03-15T1100,8,8,0.4,12,3,74,65,24,
甘孜藏族自治州,州环保局,101.9533,29.9972,2025-03-15T1100,7,,0.3,8,4,82,70,26,
赣江新区,桑海产业园,115.8347,28.932,2025-03-15T1100,9,14,0.1,17,8,51,41,16,
赣州市,通天岩,114.9017,25.9149,2025-03-15T1100,3,12,0.7,7,10,45,38,15,
赣州市,地委,114.9367,25.8664,2025-03-15T1100,6,16,0.8,6,3,40,30,16,
赣州市,气象台,114.9461,25.8481,2025-03-15T1100,3,17,0.4,15,6,44,33,17,
赣州市,市图书馆,114.9322,25.8333,2025-03-15T1100,13,,0.8,15,4,38,30,19,
赣州市,华坚鞋城,114.8905,25.8471,2025-03-15T1100,13,16,0.3,14,6,40,31,19,
赣州市,赣县区卫计委,115.0093,25.8613,2025-03-15T1100,3,,0.1,9,3,39,32,13,
固原市,马园,106.2319,36.1417,2025-03-15T1100,3,22,0.6,5,4,81,74,26,
固原市,监测站,106.2792,36.0022,2025-03-15T1100,7,24,0.4,5,6,87,81,28,
固原市,新区,106.2375,36.0211,2025-03-15T1100,7,15,0.3,2,6,90,81,29,
固原市,原州区十五小,106.2177,35.9959,2025-03-15T1100,7,23,0.2,5,7,89,78,28,
广安市,小平旧居,106.6308,30.5278,2025-03-15T1100,,,,,,,,,
广安市,市委,106.6303,30.4576,2025-03-15T1100,11,21,0.4,19,3,49,54,21,
广安市,友谊中学,106.6271,30.4663,2025-03-15T1100,9,17,0.6,21,2,47,52,17,
广安市,广电花园,106.6388,30.4551,2025-03-15T1100,11,11,0.4,23,3,43,48,16,
广安市,北辰小学,106.6351,30.4865,2025-03-15T1100,11,15,0.7,17,3,47,48,16,
广元市,黑石坡,105.8945,32.4535,2025-03-15T1100,27,91,0.2,1,6,71,72,71,颗粒物(PM10)
广元市,老城,105.821,32.4444,2025-03-15T1100,26,102,0.3,5,1,78,81,76,颗粒物(PM10)
广元市,监测站,105.8628,32.4287,2025-03-15T1100,23,73,0.2,6,2,80,84,62,颗粒物(PM10)
广元市,经开区,105.8047,32.4166,2025-03-15T1100,27,77,0.3,8,2,72,75,64,颗粒物(PM10)
广州市,广雅中学,113.2347,23.1423,2025-03-15T1100,7,17,0.6,33,3,18,34,17,
广州市,市五中,113.2612,23.105,2025-03-15T1100,3,10,0.7,23,4,34,31,12,
广州市,广东商学院,113.3478,23.0916,2025-03-15T1100,3,7,0.6,26,3,36,26,13,
广州市,市八十六中,113.4332,23.1047,2025-03-15T1100,3,10,0.6,24,2,33,14,12,
广州市,番禺中学,113.3505,22.9483,2025-03-15T1100,18,29,0.7,46,8,20,45,29,
广州市,花都师范,113.2146,23.3916,2025-03-15T1100,3,12,0.8,15,4,26,26,12,
广州市,市监测站,113.2597,23.1331,2025-03-15T1100,3,11,0.8,28,5,23,28,14,
广州市,九龙镇镇龙,113.5618,23.312,2025-03-15T1100,9,22,0.8,,5,30,26,,
广州市,麓湖,113.2765,23.1544,2025-03-15T1100,3,9,0.5,23,2,26,31,12,
广州市,帽峰山森林公园,113.443,23.3035,2025-03-15T1100,11,,0.9,14,4,31,40,16,
广州市,体育西,113.3221,23.1322,2025-03-15T1100,6,11,0.7,26,3,26,31,13,
广州市,从化街口,113.5717,23.5491,2025-03-15T1100,6,11,0.9,16,7,30,35,11,
广州市,白云竹料,113.3472,23.3692,2025-03-15T1100,6,10,0.9,11,7,39,39,13,
广州市,白云嘉禾,113.2981,23.237,2025-03-15T1100,6,13,0.7,32,4,20,32,16,
广州市,黄埔科学城,113.4256,23.1716,2025-03-15T1100,3,8,0.5,18,6,32,35,10,
广州市,番禺大学城,113.3942,23.0483,2025-03-15T1100,7,24,0.3,48,3,20,38,24,
广州市,南沙黄阁,113.4922,22.8168,2025-03-15T1100,17,27,0.7,34,5,29,31,27,
广州市,南沙街,113.5342,22.7896,2025-03-15T1100,11,20,0.5,29,5,38,24,20,
广州市,花都梯面,113.2902,23.5544,2025-03-15T1100,6,8,1.0,14,4,23,30,10,
广州市,从化良口,113.7858,23.7478,2025-03-15T1100,3,8,0.8,8,7,36,39,12,
广州市,增城荔城,113.8051,23.2614,2025-03-15T1100,7,11,0.5,14,6,44,32,14,
贵港市,德智高中,109.568,23.1478,2025-03-15T1100,,,,,,,,,
贵港市,江南子站,109.6047,23.0666,2025-03-15T1100,12,19,0.8,16,4,31,26,19,
贵港市,贵城子站,109.6014,23.0948,2025-03-15T1100,9,26,0.9,13,6,32,28,26,
贵港市,荷城子站,109.5669,23.1065,2025-03-15T1100,9,22,0.8,11,8,34,31,22,
贵港市,新世纪学校,109.5886,23.1172,2025-03-15T1100,15,19,0.5,12,2,33,28,22,
贵阳市,马鞍山,106.6899,26.5998,2025-03-15T1100,3,12,0.4,9,4,54,48,17,
贵阳市,鉴湖路,106.6243,26.6266,2025-03-15T1100,7,24,0.4,10,6,58,58,24,
贵阳市,燕子冲,106.7487,26.6343,2025-03-15T1100,12,,0.4,11,6,61,49,20,
贵阳市,碧云窝,106.6555,26.4365,2025-03-15T1100,3,24,0.5,19,10,50,54,24,
贵阳市,红边门,106.7109,26.6027,2025-03-15T1100,17,19,0.4,20,5,51,50,25,
贵阳市,新华路,106.7164,26.5699,2025-03-15T1100,12,24,0.5,16,11,50,51,24,
贵阳市,太慈桥,106.674,26.5424,2025-03-15T1100,9,31,0.4,18,8,49,56,31,
贵阳市,桐木岭,106.805,26.3003,2025-03-15T1100,12,24,0.6,3,1,66,62,24,
贵阳市,花果园大街66号,106.6882,26.5695,2025-03-15T1100,12,12,0.6,13,6,49,50,18,
贵阳市,漓江路57号,106.6873,26.5169,2025-03-15T1100,9,22,0.6,17,,,53,,
桂林市,电子科大尧山校区,110.4144,25.3167,2025-03-15T1100,,,,,,,,,
桂林市,龙隐路小学,110.3089,25.2708,2025-03-15T1100,6,7,0.6,7,8,67,73,21,
桂林市,八中,110.2869,25.2178,2025-03-15T1100,6,20,0.5,13,7,62,66,20,
桂林市,旅游学院,110.296,25.1253,2025-03-15T1100,3,6,0.7,9,6,62,62,20,
桂林市,环湖路276号,110.1835,25.2444,2025-03-15T1100,9,12,0.4,8,9,59,61,19,
桂林市,信义路13号,110.2803,25.2773,2025-03-15T1100,10,13,0.5,12,11,58,66,19,
果洛藏族自治州,玛沁县大武镇,100.2561,34.4714,2025-03-15T1100,6,29,0.3,1,8,109,94,35,
哈尔滨市,岭北,126.5422,45.755,2025-03-15T1100,11,17,0.8,9,14,95,72,30,
哈尔滨市,松北商大,126.561,45.8167,2025-03-15T1100,15,25,0.5,9,14,81,58,26,
哈尔滨市,阿城会宁,126.979,45.5419,2025-03-15T1100,15,30,0.4,13,13,82,53,30,
哈尔滨市,南岗学府路,126.599,45.7222,2025-03-15T1100,7,33,0.6,11,10,78,58,33,
哈尔滨市,太平宏伟公园,126.689,45.7733,2025-03-15T1100,17,42,0.3,15,14,83,55,42,
哈尔滨市,道外承德广场,126.635,45.7667,2025-03-15T1100,17,32,0.6,10,9,82,60,32,
哈尔滨市,香坊红旗大街,126.685,45.7319,2025-03-15T1100,11,27,0.5,10,11,84,56,27,
哈尔滨市,动力和平路,126.6411,45.7258,2025-03-15T1100,14,33,0.6,9,9,82,57,33,
哈尔滨市,道里建国路,126.593,45.7478,2025-03-15T1100,12,35,0.4,9,10,77,54,35,
哈尔滨市,平房东轻厂,126.615,45.61,2025-03-15T1100,20,35,0.5,6,8,82,41,35,
哈尔滨市,呼兰师专,126.595,45.9855,2025-03-15T1100,9,19,0.3,9,10,73,50,23,
哈尔滨市,省农科院,126.6206,45.6842,2025-03-15T1100,17,30,0.4,10,7,81,44,30,
哈密市,地区监测站,93.5128,42.8172,2025-03-15T1100,3,63,0.2,12,3,66,54,57,颗粒物(PM10)
哈密市,哈密师范学校,93.4961,42.8328,2025-03-15T1100,18,27,0.4,18,5,65,45,27,
海北藏族自治州,海晏县西海镇,100.9048,36.9639,2025-03-15T1100,37,74,0.4,8,9,70,73,62,颗粒物(PM10)
海东市,平安区公安北苑,102.0738,36.5056,2025-03-15T1100,29,55,0.3,7,11,79,77,53,颗粒物(PM10)
海口市,东寨港,110.576,19.9507,2025-03-15T1100,12,12,0.6,3,9,39,27,18,
海口市,海南大学,110.3232,20.0574,2025-03-15T1100,15,25,0.3,12,2,24,25,25,
海口市,秀英海南医院,110.283,20.0053,2025-03-15T1100,15,26,0.3,22,4,18,24,26,
海口市,海南师范大学,110.338,19.9969,2025-03-15T1100,14,23,0.4,9,3,42,28,23,
海口市,龙华路环保局宿舍,110.33,20.0356,2025-03-15T1100,15,21,0.3,12,4,27,28,22,
海口市,桂林洋子站,110.5111,19.9736,2025-03-15T1100,10,18,0.2,8,4,42,29,18,
海南藏族自治州,共和县恰卜恰镇,100.6188,36.2866,2025-03-15T1100,28,49,0.5,3,4,100,84,49,
海西蒙古族藏族自治州,德令哈市,97.3731,37.3753,2025-03-15T1100,10,56,0.4,2,21,98,96,53,颗粒物(PM10)
邯郸市,东污水处理厂,114.5302,36.6116,2025-03-15T1100,14,24,0.4,21,5,62,55,24,
邯郸市,矿院,114.4918,36.5713,2025-03-15T1100,22,40,0.4,20,4,57,54,40,
邯郸市,丛台公园,114.484,36.6133,2025-03-15T1100,19,,0.4,18,2,,54,,
邯郸市,香泉濮院小区,114.7895,36.5593,2025-03-15T1100,19,44,0.4,16,4,65,47,44,
邯郸市,永年区实验高中,114.50634,36.77178,2025-03-15T1100,13,51,0.7,18,6,62,58,51,颗粒物(PM10)
邯郸市,峰峰矿区临水派出所,114.20016,36.44293,2025-03-15T1100,25,50,1.0,9,10,62,62,50,
汉中市,汉川机床厂子校,106.9893,33.1842,2025-03-15T1100,29,110,0.9,9,8,61,66,80,颗粒物(PM10)
汉中市,市监测站,107.0154,33.0706,2025-03-15T1100,34,118,0.7,10,5,62,52,84,颗粒物(PM10)
汉中市,鑫源开发区,107.0089,33.1138,2025-03-15T1100,40,100,0.5,15,5,65,56,75,颗粒物(PM10)
汉中市,南郑大河坎水厂,107.007,33.0323,2025-03-15T1100,36,117,0.7,11,7,61,56,84,颗粒物(PM10)
杭州市,滨江,120.2072,30.2111,2025-03-15T1100,3,8,0.3,45,5,49,65,23,
杭州市,西溪,120.0633,30.2747,2025-03-15T1100,6,8,0.6,19,6,66,62,21,
杭州市,下沙,120.3417,30.3150,2025-03-15T1100,10,19,0.3,23,4,63,65,20,
杭州市,卧龙桥,120.1269,30.2456,2025-03-15T1100,6,9,0.4,25,5,65,68,21,
杭州市,浙江农大,120.1903,30.2692,2025-03-15T1100,3,7,0.2,28,7,61,61,20,
杭州市,和睦小学,120.1197,30.3119,2025-03-15T1100,11,,0.5,22,6,71,66,23,
杭州市,临平镇,120.3019,30.4183,2025-03-15T1100,11,12,0.4,18,5,73,74,23,
杭州市,城厢镇,120.2753,30.1839,2025-03-15T1100,7,9,0.4,25,6,64,69,20,
杭州市,云栖,120.0883,30.1808,2025-03-15T1100,3,7,0.5,23,8,71,67,23,
杭州市,镇二中,119.9464,30.0494,2025-03-15T1100,3,6,0.4,29,6,55,60,18,
杭州市,市府大楼,119.7183,30.2367,2025-03-15T1100,3,8,0.6,21,6,62,57,20,
杭州市,消防大队,120.1556,30.2864,2025-03-15T1100,9,13,0.5,23,6,73,69,23,
合肥市,明珠广场,117.1959,31.7848,2025-03-15T1100,19,22,0.5,20,3,57,91,28,
合肥市,三里街,117.3072,31.8764,2025-03-15T1100,19,34,0.3,22,3,58,83,34,
合肥市,琥珀山庄,117.2588,31.8707,2025-03-15T1100,22,29,0.5,22,2,56,85,32,
合肥市,董铺水库,117.1604,31.9052,2025-03-15T1100,22,39,0.3,15,2,60,89,39,
合肥市,长江中路,117.25,31.8571,2025-03-15T1100,21,31,0.4,21,6,60,89,31,
合肥市,庐阳区,117.266,31.9436,2025-03-15T1100,29,41,0.3,24,4,59,85,42,
合肥市,瑶海区,117.3453,31.8616,2025-03-15T1100,17,36,0.5,20,6,57,86,36,
合肥市,包河区,117.3027,31.7964,2025-03-15T1100,22,29,0.5,30,3,49,80,32,
合肥市,滨湖新区,117.2776,31.7385,2025-03-15T1100,19,22,0.3,20,6,60,86,28,
合肥市,高新区,117.1318,31.8403,2025-03-15T1100,17,39,0.5,20,1,52,84,39,
合肥市,高教基地,117.3803,31.9147,2025-03-15T1100,15,27,0.3,15,5,65,85,27,
和田地区,地区环保局,79.924,37.0877,2025-03-15T1100,518,,0.3,2,2,51,65,500,细颗粒物(PM2.5)
和田地区,市环保局,79.9131,37.113,2025-03-15T1100,421,2212,0.5,14,1,64,73,500,颗粒物(PM10)
河池市,东仁乐园,108.2011,24.715,2025-03-15T1100,3,17,1.0,5,7,60,35,19,
河池市,市环保站,108.0497,24.6947,2025-03-15T1100,3,22,0.7,10,9,41,31,22,
河池市,市疾控中心,108.0983,24.6989,2025-03-15T1100,3,10,0.8,2,7,60,38,19,
河源市,源西,114.6778,23.7569,2025-03-15T1100,7,,0.9,9,4,52,52,17,
河源市,东埔,114.6944,23.7586,2025-03-15T1100,,,,,,,55,,
河源市,老城,114.6892,23.7233,2025-03-15T1100,3,,0.9,8,4,49,54,16,
菏泽市,气象局,115.4208,35.2464,2025-03-15T1100,57,96,0.4,15,6,63,63,78,细颗粒物(PM2.5)
菏泽市,定陶老年大学,115.5564,35.0891,2025-03-15T1100,48,95,0.6,23,5,60,75,73,颗粒物(PM10)
菏泽市,永昌路1号,115.4797,35.24401,2025-03-15T1100,51,97,0.4,19,8,65,69,74,颗粒物(PM10)
菏泽市,长城路999号,115.4715,35.2800,2025-03-15T1100,47,97,0.5,18,8,55,55,74,颗粒物(PM10)
贺州市,环保小区,111.5264,24.4172,2025-03-15T1100,3,16,0.8,17,5,36,39,16,
贺州市,政协大楼,111.5608,24.4078,2025-03-15T1100,,20,0.8,14,6,35,36,,
贺州市,西湾,111.4744,24.4553,2025-03-15T1100,3,6,0.7,10,6,41,38,13,
鹤壁市,市监测站,114.17,35.9019,2025-03-15T1100,24,61,0.8,22,6,64,51,56,颗粒物(PM10)
鹤壁市,市交警支队,114.2956,35.7511,2025-03-15T1100,21,61,0.4,16,10,67,52,56,颗粒物(PM10)
鹤壁市,迎宾馆,114.2878,35.7306,2025-03-15T1100,24,78,0.5,12,7,68,53,64,颗粒物(PM10)
鹤壁市,大新区,114.2617,35.6822,2025-03-15T1100,23,,0.7,21,13,64,52,,
鹤壁市,南山宾馆,114.1572,35.9603,2025-03-15T1100,36,65,0.5,16,7,69,56,58,颗粒物(PM10)
鹤岗市,哈啤分公司,130.2537,47.3416,2025-03-15T1100,10,17,0.5,2,12,76,73,24,
鹤岗市,斯达机电,130.2684,47.3086,2025-03-15T1100,8,11,0.1,2,12,88,82,28,
鹤岗市,东山纸板厂,130.3114,47.3388,2025-03-15T1100,,,,4,10,78,74,,
鹤岗市,五号水库,130.1097,47.3382,2025-03-15T1100,,,,,,,,,
黑河市,交通局,127.4833,50.2524,2025-03-15T1100,10,16,0.2,8,7,82,80,26,
黑河市,环保局,127.5144,50.2341,2025-03-15T1100,8,10,0.2,5,3,85,83,27,
黑河市,大黑河岛,127.5291,50.2472,2025-03-15T1100,,,,,,,,,
衡水市,电机北厂,115.6838,37.7541,2025-03-15T1100,17,52,0.3,13,5,73,51,51,颗粒物(PM10)
衡水市,市监测站,115.6303,37.7316,2025-03-15T1100,21,44,0.3,18,10,72,54,44,
衡水市,市城管局,115.6683,37.7217,2025-03-15T1100,30,46,0.3,22,8,66,57,46,
衡水市,地表水厂,115.5989,37.5491,2025-03-15T1100,28,42,0.3,20,7,68,63,42,
衡阳市,原169医院,112.5003,26.9167,2025-03-15T1100,12,21,0.4,13,8,29,28,21,
衡阳市,衡阳化工总厂,112.6194,26.9258,2025-03-15T1100,19,,0.5,13,4,49,44,28,
衡阳市,珠晖区环保局,112.6211,26.8956,2025-03-15T1100,14,18,0.5,10,6,48,44,20,
衡阳市,市委党校,112.6197,26.8733,2025-03-15T1100,9,15,0.6,14,6,50,47,16,
衡阳市,市监测站,112.6006,26.8919,2025-03-15T1100,20,25,0.6,15,6,51,46,29,
衡阳市,真空机电公司,112.5664,26.9056,2025-03-15T1100,17,24,0.4,6,5,51,47,25,
衡阳市,师范学院,112.6703,26.882,2025-03-15T1100,14,16,0.5,16,6,47,46,20,
红河哈尼族彝族自治州,污水处理厂,103.3772,23.3993,2025-03-15T1100,67,102,0.6,20,66,88,80,90,细颗粒物(PM2.5)
红河哈尼族彝族自治州,监测站,103.3861,23.35,2025-03-15T1100,45,101,0.7,29,15,77,89,76,颗粒物(PM10)
红河哈尼族彝族自治州,州图书馆,103.3758,23.368,2025-03-15T1100,68,91,0.6,26,22,74,79,92,细颗粒物(PM2.5)
呼和浩特市,呼市一监,111.6507,40.7517,2025-03-15T1100,6,12,0.5,3,8,92,86,29,
呼和浩特市,小召,111.6572,40.8033,2025-03-15T1100,8,29,0.3,8,2,92,84,29,
呼和浩特市,如意水处理厂,111.7516,40.8369,2025-03-15T1100,6,19,0.2,6,6,81,75,26,
呼和浩特市,二十九中,111.7276,40.8062,2025-03-15T1100,7,18,0.5,2,2,88,81,28,
呼和浩特市,工大金川校区,111.5512,40.7866,2025-03-15T1100,10,28,0.5,6,6,84,78,28,
呼和浩特市,化肥厂生活区,111.717,40.7612,2025-03-15T1100,7,20,0.3,7,6,87,81,28,
呼和浩特市,红旗小学,111.5968,40.8178,2025-03-15T1100,7,22,0.4,5,2,94,86,30,
呼和浩特市,海东办,111.6518,40.8389,2025-03-15T1100,7,14,0.5,1,5,88,81,28,
呼伦贝尔市,区环保局,119.7594,49.2261,2025-03-15T1100,21,28,0.4,14,8,79,66,30,
呼伦贝尔市,国华电力东,119.7512,49.1577,2025-03-15T1100,13,27,0.4,9,5,84,77,27,
湖州市,城西水厂,120.0751,30.8669,2025-03-15T1100,8,17,0.2,19,6,82,82,26,
湖州市,仁皇山新区,120.0830,30.8929,2025-03-15T1100,7,15,0.4,16,3,80,82,25,
湖州市,吴兴区站,120.1844,30.8596,2025-03-15T1100,12,20,0.3,18,5,73,75,23,
湖州市,南浔区站,120.4148,30.8538,2025-03-15T1100,8,17,0.3,15,2,78,77,25,
葫芦岛市,龙港区,120.9049,40.7211,2025-03-15T1100,18,47,0.5,11,12,76,51,47,
葫芦岛市,化工街,120.8392,40.7514,2025-03-15T1100,12,68,0.3,9,10,81,70,59,颗粒物(PM10)
葫芦岛市,新区,120.8341,40.7073,2025-03-15T1100,14,33,0.4,10,12,87,77,33,
葫芦岛市,东城区,120.8695,40.7677,2025-03-15T1100,13,44,0.5,10,9,80,67,44,
怀化市,林科所,109.5981,27.5721,2025-03-15T1100,7,14,0.9,5,5,64,71,20,
怀化市,河西地税局,109.9453,27.5444,2025-03-15T1100,17,24,0.4,9,8,56,62,25,
怀化市,市四医院,109.9781,27.5342,2025-03-15T1100,16,20,0.1,12,3,50,64,23,
怀化市,监测楼,109.9972,27.5578,2025-03-15T1100,14,20,0.2,11,8,58,66,20,
怀化市,市委党校,110.0394,27.583,2025-03-15T1100,14,17,0.3,8,2,54,59,20,
淮安市,钵池山,119.036,33.5981,2025-03-15T1100,18,36,0.6,14,9,64,59,36,
淮安市,北京南路,119.007,33.575,2025-03-15T1100,20,36,0.6,17,9,62,64,36,
淮安市,市监测站,118.989,33.6067,2025-03-15T1100,19,34,0.5,20,8,64,63,34,
淮安市,楚州区监测站,119.135,33.5039,2025-03-15T1100,20,68,0.6,21,7,63,65,59,颗粒物(PM10)
淮安市,新华书店,118.8755,33.2894,2025-03-15T1100,26,50,0.6,21,10,58,60,50,
淮安市,承德北路606号,119.0288,33.6319,2025-03-15T1100,21,39,0.5,17,8,68,60,39,
淮北市,监测站,116.8004,33.975,2025-03-15T1100,41,84,0.8,27,9,80,68,67,颗粒物(PM10)
淮北市,烈山区政府,116.8091,33.9007,2025-03-15T1100,32,78,0.7,27,9,90,76,64,颗粒物(PM10)
淮北市,杜集区检察院,116.8873,33.9836,2025-03-15T1100,40,97,0.7,32,11,74,60,74,颗粒物(PM10)
淮北市,市博物馆,116.7923,33.9535,2025-03-15T1100,47,85,0.8,26,12,85,69,68,颗粒物(PM10)
淮南市,潘集区政府,116.8305,32.7727,2025-03-15T1100,28,57,0.5,20,8,62,50,54,颗粒物(PM10)
淮南市,谢家集区政府,116.8569,32.5951,2025-03-15T1100,27,52,0.5,14,9,61,56,51,颗粒物(PM10)
淮南市,八公山区政府,116.8281,32.633,2025-03-15T1100,24,52,0.4,16,4,60,52,51,颗粒物(PM10)
淮南市,焦岗湖风景区管理处,116.6325,32.6201,2025-03-15T1100,21,46,0.1,11,14,48,37,46,
淮南市,经济技术开发区消防队,117.0566,32.6531,2025-03-15T1100,32,55,0.3,15,6,54,52,53,颗粒物(PM10)
淮南市,山南新区,117.0108,32.5893,2025-03-15T1100,22,49,0.3,15,8,64,61,49,
淮南市,国庆中路369号,117.0031,32.6445,2025-03-15T1100,31,56,0.4,22,7,54,53,53,颗粒物(PM10)
黄冈市,职工中心,114.9028,30.4742,2025-03-15T1100,19,25,0.3,14,3,71,59,28,
黄冈市,红卫路,114.8858,30.4519,2025-03-15T1100,19,28,0.4,11,3,78,62,28,
黄冈市,市林业局,114.9136,30.4445,2025-03-15T1100,24,30,0.7,12,5,69,58,35,
黄南藏族自治州,同仁县隆务镇,102.0199,35.5102,2025-03-15T1100,30,55,0.3,6,12,81,79,53,颗粒物(PM10)
黄山市,延安路89号,118.2903,29.6963,2025-03-15T1100,3,9,0.2,12,3,52,42,17,
黄山市,黄山区政府5号楼,118.1371,30.2756,2025-03-15T1100,10,11,0.5,6,8,71,65,23,
黄山市,滨江东路7-2号,118.3354,29.7203,2025-03-15T1100,8,18,0.4,9,4,52,40,18,
黄石市,沈家营,115.0601,30.2313,2025-03-15T1100,19,44,0.5,16,6,66,53,44,
黄石市,铁山,114.8988,30.2019,2025-03-15T1100,23,33,0.8,9,11,68,55,33,
黄石市,团城山,115.0307,30.2092,2025-03-15T1100,18,31,0.6,18,7,60,49,31,
黄石市,笔架山北路,115.0235,30.1578,2025-03-15T1100,22,27,0.5,11,7,61,52,32,
黄石市,磁湖东路29号,115.0780,30.21118,2025-03-15T1100,25,35,0.7,16,7,66,54,36,
惠州市,河南岸金山湖子站,114.4183,23.0528,2025-03-15T1100,20,28,0.6,21,9,53,43,29,
惠州市,下埔横江三路子站,114.4053,23.0822,2025-03-15T1100,26,35,0.8,23,9,48,45,38,
惠州市,江北云山西路子站,114.4103,23.1142,2025-03-15T1100,23,34,0.6,23,10,50,46,34,
惠州市,惠阳区承修路船湖子站,114.4645,22.7833,2025-03-15T1100,9,14,0.6,26,8,58,58,19,
惠州市,大亚湾管委会子站,114.5317,22.7422,2025-03-15T1100,3,9,0.6,17,6,65,66,21,
惠州市,惠阳秋长,114.4338,22.8134,2025-03-15T1100,14,36,0.8,29,,56,61,,
惠州市,大亚湾霞涌,114.6517,22.775,2025-03-15T1100,18,19,0.5,17,4,52,60,26,
鸡西市,环保局,130.9762,45.3001,2025-03-15T1100,16,21,0.3,5,5,89,78,28,
鸡西市,第一中学,130.9429,45.3039,2025-03-15T1100,9,15,0.3,2,5,91,78,29,
鸡西市,欧美日汽修厂,131.0207,45.3073,2025-03-15T1100,11,13,0.3,3,6,99,72,31,
鸡西市,市政设施管理处,130.9967,45.3106,2025-03-15T1100,11,27,0.2,4,4,86,63,27,
吉安市,红声器材厂,114.9754,27.0803,2025-03-15T1100,12,26,0.7,22,9,,28,,
吉安市,市森林工业局,114.9658,27.0999,2025-03-15T1100,15,17,0.5,23,13,35,31,22,
吉安市,市环境监测站,114.99,27.1312,2025-03-15T1100,7,13,0.5,19,13,34,29,13,
吉安市,青原区法院,115.0093,27.0968,2025-03-15T1100,18,20,0.6,24,9,32,31,26,
吉林市,哈达湾,126.54,43.8622,2025-03-15T1100,35,56,0.6,20,12,65,41,53,颗粒物(PM10)
吉林市,东局子,126.5844,43.8358,2025-03-15T1100,24,46,0.6,21,9,69,48,46,
吉林市,电力学院,126.5052,43.8245,2025-03-15T1100,22,37,0.1,14,6,78,40,37,
吉林市,江北,126.6133,43.8972,2025-03-15T1100,16,45,0.4,28,12,71,54,45,
吉林市,江南公园,126.555,43.8306,2025-03-15T1100,52,52,0.5,20,9,70,42,72,细颗粒物(PM2.5)
吉林市,丰满,126.7061,43.7133,2025-03-15T1100,13,18,0.5,7,6,92,66,29,
吉林市,九站,126.4739,43.953,2025-03-15T1100,24,41,0.6,9,8,79,30,41,
济南市,科干所,116.9862,36.6114,2025-03-15T1100,51,107,0.7,41,11,42,31,79,颗粒物(PM10)
济南市,农科所,116.9376,36.665,2025-03-15T1100,54,120,0.9,35,16,49,38,85,颗粒物(PM10)
济南市,开发区,117.1265,36.6734,2025-03-15T1100,61,120,0.7,41,15,43,38,85,颗粒物(PM10)
济南市,省种子仓库,117.0624,36.6868,2025-03-15T1100,66,124,0.8,37,16,45,39,89,细颗粒物(PM2.5)
济南市,机床二厂,116.9489,36.6447,2025-03-15T1100,68,120,0.9,40,18,54,40,92,细颗粒物(PM2.5)
济南市,市监测站,117.0495,36.663,2025-03-15T1100,66,120,0.7,44,17,38,31,89,细颗粒物(PM2.5)
济南市,长清党校,116.7675,36.5484,2025-03-15T1100,54,112,0.7,32,10,54,38,81,颗粒物(PM10)
济南市,技术学院,117.6795,36.229,2025-03-15T1100,48,83,0.9,31,13,76,56,67,"颗粒物(PM10),细颗粒物(PM2.5)"
济南市,东山小学,117.532,36.6868,2025-03-15T1100,54,112,0.8,45,21,54,38,81,颗粒物(PM10)
济南市,泰兴公司,117.7161,36.2049,2025-03-15T1100,53,95,1.3,33,13,69,58,73,"颗粒物(PM10),细颗粒物(PM2.5)"
济南市,莱芜战役纪念馆,117.6867,36.2171,2025-03-15T1100,46,97,0.8,33,10,72,63,74,颗粒物(PM10)
济南市,济阳区政府,117.1673,36.9782,2025-03-15T1100,54,90,0.5,18,16,52,48,74,细颗粒物(PM2.5)
济南市,锦屏中学,117.1171,36.63,2025-03-15T1100,51,98,0.6,41,13,42,31,74,颗粒物(PM10)
济南市,济南四建,116.9814,36.6819,2025-03-15T1100,61,102,0.5,36,13,47,35,83,细颗粒物(PM2.5)
济宁市,火炬城,116.6251,35.4302,2025-03-15T1100,68,87,0.8,22,11,51,81,92,细颗粒物(PM2.5)
济宁市,电化厂,116.5491,35.4042,2025-03-15T1100,70,124,0.9,19,10,46,71,94,细颗粒物(PM2.5)
济宁市,北湖一中,116.5814,35.3707,2025-03-15T1100,58,100,0.7,29,9,47,75,79,细颗粒物(PM2.5)
济宁市,服务中心,116.8249,35.5593,2025-03-15T1100,56,119,0.9,33,7,53,78,85,颗粒物(PM10)
济宁市,市第七中学,116.5907,35.4054,2025-03-15T1100,58,90,0.7,26,4,58,86,79,细颗粒物(PM2.5)
佳木斯市,佳纺,130.2751,46.8028,2025-03-15T1100,15,26,0.3,6,4,80,72,26,
佳木斯市,发电厂,130.3995,46.8307,2025-03-15T1100,14,,0.2,6,2,87,84,28,
佳木斯市,环保局,130.3258,46.7975,2025-03-15T1100,11,21,0.2,7,2,86,78,27,
佳木斯市,十一中,130.3648,46.8032,2025-03-15T1100,17,23,0.5,8,4,86,78,27,
佳木斯市,四丰,130.3794,46.7588,2025-03-15T1100,8,22,0.6,2,1,80,76,25,
嘉兴市,清河小学,120.7436,30.778,2025-03-15T1100,9,13,0.5,17,3,70,71,22,
嘉兴市,嘉兴学院,120.726,30.7478,2025-03-15T1100,6,17,0.4,20,6,75,75,24,
嘉兴市,南湖区残联,120.7846,30.7525,2025-03-15T1100,3,19,0.3,15,7,79,81,25,
嘉兴市,秀洲住建,120.6916,30.7739,2025-03-15T1100,9,14,0.6,15,4,81,80,26,
嘉峪关市,气象局,98.2908,39.7711,2025-03-15T1100,14,41,0.2,12,2,77,84,41,
嘉峪关市,酒钢宾馆,98.2672,39.7978,2025-03-15T1100,17,46,0.3,9,6,79,81,46,
嘉峪关市,雄关区,98.2643,39.7724,2025-03-15T1100,19,26,0.4,14,4,79,79,28,
江门市,北街,113.1064,22.6058,2025-03-15T1100,22,39,0.5,22,3,43,46,39,
江门市,西区,113.0731,22.5835,2025-03-15T1100,14,24,0.5,22,5,45,50,24,
江门市,圭峰西,113.0219,22.5311,2025-03-15T1100,23,49,0.5,21,4,41,48,49,
江门市,东湖,113.0828,22.5947,2025-03-15T1100,23,31,0.4,19,7,44,51,33,
江门市,江海富民,113.1075,22.5647,2025-03-15T1100,,,,,,,58,,
江门市,新会银湖,113.05,22.4667,2025-03-15T1100,21,35,0.4,14,3,53,35,35,
焦作市,影视城,113.1992,35.2590,2025-03-15T1100,,,,,,,,,
焦作市,太极体育中心,113.2725,35.2067,2025-03-15T1100,60,107,0.5,38,13,36,36,82,细颗粒物(PM2.5)
焦作市,马村街道办,113.3137,35.2641,2025-03-15T1100,60,101,0.7,46,13,32,43,82,细颗粒物(PM2.5)
焦作市,焦作技师学院,113.2465,35.2373,2025-03-15T1100,56,94,0.7,41,9,36,49,77,细颗粒物(PM2.5)
焦作市,中站许衡医院,113.1656,35.2539,2025-03-15T1100,51,102,0.7,46,13,33,55,76,颗粒物(PM10)
焦作市,原李万街道办,113.2449,35.1803,2025-03-15T1100,56,137,0.6,33,14,37,24,94,颗粒物(PM10)
焦作市,新安路1731号,113.2340,35.2190,2025-03-15T1100,58,92,0.7,34,12,39,48,79,细颗粒物(PM2.5)
揭阳市,新兴,116.3701,23.5345,2025-03-15T1100,48,55,1.0,25,9,60,58,67,细颗粒物(PM2.5)
揭阳市,西马,116.3264,23.5443,2025-03-15T1100,56,60,1.0,19,8,68,61,77,细颗粒物(PM2.5)
揭阳市,东兴,116.3611,23.5626,2025-03-15T1100,54,93,1.1,21,5,57,59,74,细颗粒物(PM2.5)
揭阳市,渔湖,116.4151,23.5294,2025-03-15T1100,29,73,1.0,20,6,57,62,62,颗粒物(PM10)
揭阳市,曲溪,116.403,23.5699,2025-03-15T1100,25,68,0.8,28,11,48,59,59,颗粒物(PM10)
金昌市,天庆家园,102.1692,38.5167,2025-03-15T1100,7,19,0.6,3,4,81,91,26,
金昌市,金川区人防中心,102.1647,38.5371,2025-03-15T1100,7,34,0.6,3,8,81,87,34,
金昌市,长春路96号,102.1930,38.5319,2025-03-15T1100,9,21,1.0,5,,82,88,,
金华市,十五中,119.647,29.077,2025-03-15T1100,8,12,0.5,44,5,37,30,22,
金华市,监测站,119.686,29.1029,2025-03-15T1100,12,14,0.5,39,4,39,24,20,
金华市,气象局,119.656,29.1131,2025-03-15T1100,10,15,0.5,40,4,32,22,20,
锦州市,南山,121.1115,41.0879,2025-03-15T1100,20,64,0.5,9,8,83,72,57,颗粒物(PM10)
锦州市,开发区,121.0604,40.8428,2025-03-15T1100,15,58,0.5,8,9,86,73,54,颗粒物(PM10)
锦州市,百股街道,121.1836,41.1119,2025-03-15T1100,24,92,0.7,10,10,79,63,71,颗粒物(PM10)
锦州市,天安街道,121.1178,41.1222,2025-03-15T1100,13,62,0.5,12,9,86,78,56,颗粒物(PM10)
锦州市,北湖公园,121.1303,41.1386,2025-03-15T1100,18,69,0.4,10,8,80,71,60,颗粒物(PM10)
晋城市,自来水公司,112.85,35.5051,2025-03-15T1100,24,46,0.7,20,6,55,28,46,
晋城市,白云商贸,112.8318,35.4936,2025-03-15T1100,22,47,0.7,24,5,64,58,47,
晋城市,市环保局,112.8508,35.4887,2025-03-15T1100,22,44,0.5,19,5,60,33,44,
晋城市,技术学院,112.8676,35.4897,2025-03-15T1100,14,49,0.8,28,6,,27,,
晋城市,白马寺,112.8453,35.546,2025-03-15T1100,,,,,,,86,,
晋城市,泽州一中,112.8271,35.4828,2025-03-15T1100,,,,,,,,,
晋中市,南都小区,112.7249,37.7067,2025-03-15T1100,58,109,0.9,23,8,52,37,80,颗粒物(PM10)
晋中市,榆次区政府,112.6991,37.6982,2025-03-15T1100,53,114,0.7,27,7,50,39,82,颗粒物(PM10)
晋中市,榆次三中,112.7195,37.6828,2025-03-15T1100,68,122,1.1,27,6,50,40,92,细颗粒物(PM2.5)
晋中市,迎宾街26号,112.7478,37.6954,2025-03-15T1100,70,122,0.9,25,5,54,41,94,细颗粒物(PM2.5)
荆门市,竹园小学,112.2014,31.0481,2025-03-15T1100,30,61,0.2,11,6,98,83,56,颗粒物(PM10)
荆门市,掇刀,112.1969,30.9891,2025-03-15T1100,29,58,0.2,9,5,98,87,54,颗粒物(PM10)
荆门市,石化一小,112.2213,31.0386,2025-03-15T1100,28,60,0.2,10,10,89,72,55,颗粒物(PM10)
荆门市,西山林语,112.1849,31.0362,2025-03-15T1100,30,62,0.2,13,5,94,84,56,颗粒物(PM10)
荆门市,龙泉中学南校,112.1632,31.0138,2025-03-15T1100,35,58,0.4,5,8,90,81,54,颗粒物(PM10)
荆州市,市图书馆,112.2494,30.3197,2025-03-15T1100,41,,0.5,16,5,82,71,58,细颗粒物(PM2.5)
荆州市,市委党校,112.2008,30.3544,2025-03-15T1100,39,46,0.3,20,8,86,76,55,细颗粒物(PM2.5)
荆州市,管委会,112.2747,30.3122,2025-03-15T1100,40,,0.3,14,9,87,76,57,细颗粒物(PM2.5)
荆州市,学苑路85号,112.1722,30.3366,2025-03-15T1100,32,49,0.5,16,9,85,76,49,
景德镇市,王港中学,117.3102,29.3867,2025-03-15T1100,,,,,,,,,
景德镇市,老干部活动中心,117.2117,29.2933,2025-03-15T1100,14,,0.5,12,5,35,28,20,
景德镇市,兽医站,117.1894,29.2789,2025-03-15T1100,10,17,0.5,11,5,50,43,17,
景德镇市,台达陶瓷,117.1547,29.2617,2025-03-15T1100,13,21,0.6,18,18,32,24,21,
景德镇市,陶研所,117.2461,29.2956,2025-03-15T1100,8,10,0.7,16,5,32,29,12,
九江市,十里,115.9872,29.6815,2025-03-15T1100,16,,0.4,12,3,82,68,26,
九江市,茅山头,115.9584,29.7046,2025-03-15T1100,3,10,0.2,13,4,82,68,26,
九江市,西园,115.9877,29.7295,2025-03-15T1100,8,18,0.8,17,8,85,73,27,
九江市,综合工业园,115.9114,29.6038,2025-03-15T1100,11,21,0.5,24,5,72,58,23,
九江市,石化总厂,116.0721,29.7535,2025-03-15T1100,22,,0.4,19,5,83,72,32,
九江市,庐山气象台,115.9773,29.5698,2025-03-15T1100,6,,0.8,4,7,77,64,25,
九江市,外国语学校,116.0254,29.6994,2025-03-15T1100,12,,0.3,19,6,75,65,24,
九江市,莲花大道8号,116.0102,29.6594,2025-03-15T1100,14,14,0.4,13,4,76,65,24,
酒泉市,玉门东路5号,98.4958,39.7339,2025-03-15T1100,15,36,0.2,2,5,82,70,36,
酒泉市,北大街108号,98.5099,39.7506,2025-03-15T1100,14,36,0.3,4,6,73,66,36,
喀什地区,巡警大队,76.0072,39.4467,2025-03-15T1100,168,742,0.4,29,3,57,71,500,颗粒物(PM10)
喀什地区,吾办,75.9755,39.4694,2025-03-15T1100,190,750,0.5,24,2,58,71,500,颗粒物(PM10)
喀什地区,老干局,75.9483,39.4689,2025-03-15T1100,153,801,0.5,27,3,60,76,500,颗粒物(PM10)
开封市,肿瘤医院,114.3389,34.7781,2025-03-15T1100,34,65,0.8,18,7,70,50,58,颗粒物(PM10)
开封市,世纪星幼儿园,114.2885,34.7965,2025-03-15T1100,35,62,0.8,21,9,77,57,56,颗粒物(PM10)
开封市,龙亭公园,114.3438,34.8106,2025-03-15T1100,32,72,0.6,20,5,71,52,61,颗粒物(PM10)
开封市,汴京公园,114.3644,34.7964,2025-03-15T1100,36,75,0.7,20,7,72,52,63,颗粒物(PM10)
开封市,技师学院,114.2485,34.8306,2025-03-15T1100,32,57,0.9,22,8,68,49,54,颗粒物(PM10)
开封市,祥符区生态环境局,114.4644,34.7556,2025-03-15T1100,37,90,0.6,17,8,71,47,70,颗粒物(PM10)
克拉玛依市,长征新村,84.895,45.6094,2025-03-15T1100,12,17,0.2,10,6,81,79,26,
克拉玛依市,南林小区,84.8988,45.5893,2025-03-15T1100,8,15,0.5,1,4,82,70,26,
克拉玛依市,独山子区,84.905,44.3396,2025-03-15T1100,26,30,0.2,8,8,84,75,38,
克拉玛依市,乌尔禾区商贸楼,85.6979,46.098,2025-03-15T1100,10,,0.3,4,4,64,64,20,
克拉玛依市,白碱滩区新站,85.1045,45.6899,2025-03-15T1100,6,14,0.4,17,6,66,83,21,
克孜勒苏柯尔克孜自治州,市人民政府,76.1454,39.7142,2025-03-15T1100,223,938,0.5,16,4,70,74,500,颗粒物(PM10)
克孜勒苏柯尔克孜自治州,克州文化中心,76.1658,39.7157,2025-03-15T1100,206,859,0.4,9,3,76,74,500,颗粒物(PM10)
昆明市,呈贡新区,102.8204,24.8886,2025-03-15T1100,53,75,0.6,16,11,127,94,73,细颗粒物(PM2.5)
昆明市,西山森林公园,102.6251,24.9608,2025-03-15T1100,,,,,,,,,
昆明市,龙泉镇,102.7252,25.0902,2025-03-15T1100,39,54,0.6,19,15,120,28,55,细颗粒物(PM2.5)
昆明市,东风东路,102.7266,25.0375,2025-03-15T1100,47,72,0.6,20,13,122,75,65,细颗粒物(PM2.5)
昆明市,金鼎山,102.6742,25.0669,2025-03-15T1100,44,76,0.8,27,10,114,65,63,颗粒物(PM10)
昆明市,碧鸡广场,102.6644,25.0401,2025-03-15T1100,42,72,0.3,22,14,120,62,61,颗粒物(PM10)
昆明市,官渡区博物馆,102.7494,25.0119,2025-03-15T1100,40,66,0.5,15,12,131,47,58,颗粒物(PM10)
昆明市,青年创业园,102.8017,24.8336,2025-03-15T1100,48,72,0.4,10,12,135,105,67,细颗粒物(PM2.5)
昆明市,昆明学院,102.7997,24.9786,2025-03-15T1100,46,76,0.4,11,8,136,89,64,细颗粒物(PM2.5)
昆明市,晋宁区生态环境分局,102.5967,24.6736,2025-03-15T1100,44,44,0.8,18,8,148,90,62,细颗粒物(PM2.5)
昆明市,云天化总部,102.6678,24.9856,2025-03-15T1100,44,69,0.4,14,11,138,83,62,细颗粒物(PM2.5)
拉萨市,八廓街,91.1319,29.6514,2025-03-15T1100,8,17,0.6,14,6,91,94,29,
拉萨市,市环保局,91.1221,29.6747,2025-03-15T1100,14,27,0.4,19,6,80,77,27,
拉萨市,区监测站,91.0874,29.6475,2025-03-15T1100,8,17,0.3,15,6,84,84,27,
拉萨市,西藏大学,91.1774,29.6541,2025-03-15T1100,8,16,0.4,10,5,88,91,28,
拉萨市,区辐射站,90.9798,29.6588,2025-03-15T1100,10,25,0.5,26,8,72,85,25,
拉萨市,拉萨火车站,91.0834,29.6292,2025-03-15T1100,3,16,0.4,14,3,83,85,26,
来宾市,来宾技工学校,109.2203,23.7256,2025-03-15T1100,3,13,1.0,9,6,42,44,14,
来宾市,兴宾区政府,109.1781,23.7297,2025-03-15T1100,3,9,0.8,7,5,43,43,14,
来宾市,中南小学,109.2416,23.7461,2025-03-15T1100,7,15,0.8,8,10,45,47,15,
兰州市,榆中兰大校区,104.1373,35.9454,2025-03-15T1100,,,,,,,,,
兰州市,铁路设计院,103.831,36.0464,2025-03-15T1100,25,41,0.5,16,17,90,86,41,
兰州市,百合公园,103.7439,36.0842,2025-03-15T1100,17,39,0.3,2,6,84,85,39,
兰州市,和平,103.9611,35.998,2025-03-15T1100,13,34,0.4,4,19,89,86,34,
兰州市,庄浪东路808号,103.6293,36.0938,2025-03-15T1100,23,37,0.3,8,3,86,86,37,
兰州市,安宁西路88号,103.7251,36.1043,2025-03-15T1100,29,47,0.2,2,3,92,89,47,
兰州市,北滨河东路1号,103.8470,36.0676,2025-03-15T1100,18,33,0.4,9,18,88,83,33,
兰州新区,新区管委会,103.6633,36.533,2025-03-15T1100,11,28,0.3,6,15,90,81,29,
兰州新区,舟曲中学,103.6975,36.4789,2025-03-15T1100,9,32,0.4,2,4,90,79,32,
廊坊市,药材公司,116.6708,39.5111,2025-03-15T1100,20,40,0.5,15,4,80,51,40,
廊坊市,开发区,116.7214,39.5589,2025-03-15T1100,29,44,0.5,14,5,81,34,44,
廊坊市,北华航天学院,116.7244,39.5269,2025-03-15T1100,18,34,0.4,11,7,80,46,34,
廊坊市,河北工业大学,116.7022,39.5453,2025-03-15T1100,27,44,0.5,13,8,78,42,44,
乐山市,花湖湾,103.7723,29.5462,2025-03-15T1100,14,19,0.4,28,5,49,64,20,
乐山市,牛耳桥,103.7627,29.5844,2025-03-15T1100,17,23,0.5,36,11,43,60,25,
乐山市,市第三水厂,103.7508,29.6006,2025-03-15T1100,13,26,0.6,31,5,44,62,26,
乐山市,市监测站,103.7571,29.5664,2025-03-15T1100,15,19,0.7,20,5,50,61,22,
乐山市,理工大学,103.7311,29.5628,2025-03-15T1100,13,20,0.3,22,8,53,63,20,
丽江市,西南郊,100.2143,26.8576,2025-03-15T1100,7,,1.0,7,5,100,97,32,
丽江市,丽江古城,100.2497,26.8802,2025-03-15T1100,10,13,0.7,12,8,92,83,29,
丽江市,市中心,100.2203,26.8906,2025-03-15T1100,7,,0.7,12,7,85,85,27,
丽水市,监测站大楼,119.914,28.4514,2025-03-15T1100,3,9,0.4,10,3,71,34,23,
丽水市,莲都小学,119.93,28.4586,2025-03-15T1100,3,6,0.3,13,3,57,34,18,
丽水市,余庄前,119.879,28.4231,2025-03-15T1100,3,6,0.3,12,3,76,29,24,
连云港市,市环境监测站,119.176,34.5885,2025-03-15T1100,12,36,0.5,19,10,77,80,36,
连云港市,德源药业,119.3581,34.6972,2025-03-15T1100,12,31,0.2,20,10,72,87,31,
连云港市,新城一中,119.178,34.844,2025-03-15T1100,17,40,1.2,28,15,60,72,40,
连云港市,胡沟管理处,119.3608,34.7519,2025-03-15T1100,14,24,0.6,24,11,69,70,24,
连云港市,矿山设计院,119.1478,34.5911,2025-03-15T1100,17,41,0.4,19,11,77,76,41,
连云港市,工贸学校,119.2413,34.6539,2025-03-15T1100,16,38,0.4,16,10,75,77,38,
连云港市,连云街道,119.4172,34.7341,2025-03-15T1100,16,37,0.6,27,9,66,72,37,
凉山彝族自治州,青龙寺,102.3431,27.8099,2025-03-15T1100,6,23,0.8,9,6,,75,,
凉山彝族自治州,邛海宾馆,102.2721,27.8415,2025-03-15T1100,7,17,0.6,12,13,66,86,21,
凉山彝族自治州,西昌市政府,102.2625,27.898,2025-03-15T1100,7,18,0.6,8,6,58,64,19,
凉山彝族自治州,凉山州政府,102.2685,27.8851,2025-03-15T1100,7,14,0.6,9,6,64,75,20,
凉山彝族自治州,凯乐南路30号,102.2342,27.8859,2025-03-15T1100,6,17,0.5,20,9,55,70,18,
辽阳市,宏伟区,123.2,41.1953,2025-03-15T1100,50,92,0.8,25,15,74,76,71,颗粒物(PM10)
辽阳市,新华园,123.1683,41.2495,2025-03-15T1100,45,79,0.8,28,14,68,65,65,颗粒物(PM10)
辽阳市,滨河路,123.2354,41.2639,2025-03-15T1100,51,76,0.6,24,11,68,71,70,细颗粒物(PM2.5)
辽阳市,铁西工业园,123.149,41.2991,2025-03-15T1100,40,68,0.6,24,14,66,60,59,颗粒物(PM10)
辽源市,环保局,125.1358,42.8845,2025-03-15T1100,48,85,0.7,14,155,71,25,68,颗粒物(PM10)
辽源市,银鹰制药,125.0764,42.9078,2025-03-15T1100,44,52,0.6,11,13,92,28,62,细颗粒物(PM2.5)
聊城市,区政府,115.9848,36.4372,2025-03-15T1100,45,80,0.6,15,14,62,45,65,颗粒物(PM10)
聊城市,聊大东校,116.0072,36.4343,2025-03-15T1100,53,85,0.5,19,11,58,44,73,细颗粒物(PM2.5)
聊城市,监控中心,115.9819,36.4978,2025-03-15T1100,53,74,0.6,16,12,62,42,73,细颗粒物(PM2.5)
聊城市,九州社区,116.0445,36.4361,2025-03-15T1100,46,80,0.6,14,11,60,46,65,颗粒物(PM10)
聊城市,星美广场,116.0567,36.4608,2025-03-15T1100,48,84,0.5,17,12,57,41,67,"颗粒物(PM10),细颗粒物(PM2.5)"
林芝市,林芝监测站,94.3681,29.6376,2025-03-15T1100,7,13,0.4,12,4,58,66,19,
林芝市,林芝人民医院,94.3616,29.6616,2025-03-15T1100,7,19,0.5,11,7,52,57,19,
临沧市,市环保局,100.0781,23.8982,2025-03-15T1100,41,93,0.8,27,11,70,68,72,颗粒物(PM10)
临沧市,市气象局,100.0894,23.8822,2025-03-15T1100,59,100,0.8,47,10,54,69,80,细颗粒物(PM2.5)
临汾市,临钢医院,111.5531,36.0783,2025-03-15T1100,,,0.5,9,,,58,,
临汾市,技工学校,111.5028,36.0714,2025-03-15T1100,15,28,0.3,7,7,72,60,28,
临汾市,市委,111.5018,36.0855,2025-03-15T1100,3,30,0.3,3,3,72,61,30,
临汾市,唐尧大酒店,111.505,36.1014,2025-03-15T1100,7,48,0.4,8,6,72,62,48,
临汾市,启星学校,111.4879,36.0530,2025-03-15T1100,9,24,0.4,5,4,72,59,24,
临夏回族自治州,滨河东路1号,103.2464,35.6123,2025-03-15T1100,11,27,0.3,,,86,72,,
临夏回族自治州,新华街21号,103.2093,35.5995,2025-03-15T1100,15,25,0.3,12,7,80,77,25,
临沂市,沂河小区,118.3429,35.0532,2025-03-15T1100,31,61,0.6,16,11,69,73,56,颗粒物(PM10)
临沂市,鲁南制药厂,118.295,35.0583,2025-03-15T1100,33,78,,47,9,57,78,,
临沂市,新光毛纺厂,118.2794,34.9976,2025-03-15T1100,25,56,0.7,24,8,74,79,53,颗粒物(PM10)
临沂市,河东保险公司,118.3956,35.0888,2025-03-15T1100,29,53,0.4,29,6,67,69,52,颗粒物(PM10)
临沂市,十里堡居委,118.3564,35.0215,2025-03-15T1100,27,56,0.7,21,11,73,78,53,颗粒物(PM10)
临沂市,南坊新区,118.3604,35.1084,2025-03-15T1100,27,61,0.6,20,8,70,74,56,颗粒物(PM10)
临沂市,皇山花园小区,118.3920,35.0300,2025-03-15T1100,32,73,0.4,22,8,71,70,62,颗粒物(PM10)
柳州市,柳东小学,109.4856,24.3895,2025-03-15T1100,3,10,0.7,11,9,38,41,12,
柳州市,环保监测站,109.4157,24.3277,2025-03-15T1100,8,15,0.8,15,10,39,43,15,
柳州市,河西水厂,109.389,24.341,2025-03-15T1100,13,26,2.8,22,24,29,37,28,
柳州市,市四中,109.4311,24.2921,2025-03-15T1100,6,11,0.7,10,8,44,47,14,
柳州市,市九中,109.4006,24.3631,2025-03-15T1100,,16,0.9,,8,37,42,,
柳州市,古亭山,109.4958,24.3134,2025-03-15T1100,6,11,0.7,5,6,40,45,13,
柳州市,市二中,109.5422,24.3996,2025-03-15T1100,6,11,0.7,11,9,39,42,13,
六安市,监测大楼,116.5079,31.737,2025-03-15T1100,27,43,0.6,22,4,56,79,43,
六安市,皖西学院,116.4738,31.7643,2025-03-15T1100,,,,,,,61,,
六安市,朝阳厂,116.4996,31.7905,2025-03-15T1100,25,54,0.4,20,2,58,80,52,颗粒物(PM10)
六安市,开发区,116.5567,31.7886,2025-03-15T1100,34,70,0.5,24,4,55,80,60,颗粒物(PM10)
六盘水市,窑上,104.8,26.5892,2025-03-15T1100,6,14,0.7,9,7,61,56,20,
六盘水市,黄土坡,104.83,26.5917,2025-03-15T1100,8,13,0.7,12,13,62,59,20,
六盘水市,水钢,104.89,26.5939,2025-03-15T1100,9,18,0.7,18,12,55,50,18,
六盘水市,民中,104.8475,26.5894,2025-03-15T1100,3,14,0.6,18,10,52,52,17,
六盘水市,双水,104.9544,26.5506,2025-03-15T1100,6,12,0.6,13,10,64,66,20,
龙岩市,龙岩师专,117.0189,25.1181,2025-03-15T1100,,,,,,,,,
龙岩市,龙岩市监测站,117.0217,25.1033,2025-03-15T1100,7,11,0.5,17,3,61,49,20,
龙岩市,闽西职业技术学院,117.0258,25.0661,2025-03-15T1100,10,14,0.4,19,3,54,45,17,
龙岩市,龙岩学院,117.0196,25.0306,2025-03-15T1100,6,7,0.4,8,3,65,52,21,
陇南市,汉王镇固水子,105.0822,33.3261,2025-03-15T1100,,,,,,,,,
陇南市,滨江中学,104.9339,33.3826,2025-03-15T1100,25,66,0.3,4,6,76,74,58,颗粒物(PM10)
陇南市,市总工会,104.955,33.371,2025-03-15T1100,26,60,0.4,1,8,80,76,55,颗粒物(PM10)
娄底市,电视发射台,111.9589,27.8901,2025-03-15T1100,22,,0.4,7,6,68,58,32,
娄底市,市监测站,111.9975,27.725,2025-03-15T1100,11,22,0.4,13,6,57,46,22,
娄底市,市委党校,112.0194,27.7314,2025-03-15T1100,24,27,0.4,15,3,65,56,35,
娄底市,涟钢,111.9561,27.7569,2025-03-15T1100,15,23,0.4,9,5,61,52,23,
娄底市,市政府,111.9892,27.7044,2025-03-15T1100,19,30,0.1,4,6,67,54,30,
泸州市,九狮山,105.4324,28.9634,2025-03-15T1100,,,,,,,,,
泸州市,小市上码头,105.4427,28.9063,2025-03-15T1100,20,35,0.6,20,6,41,41,35,
泸州市,兰田宪桥,105.4241,28.8573,2025-03-15T1100,21,28,0.5,27,6,30,33,30,
泸州市,市环监站,105.4379,28.8833,2025-03-15T1100,,,,,,,,,
泸州市,纳溪中医医院,105.3689,28.7783,2025-03-15T1100,15,19,0.5,9,4,51,41,22,
吕梁市,环保局,111.1406,37.5211,2025-03-15T1100,11,38,0.2,8,3,71,61,38,
吕梁市,自来水公司,111.1297,37.5136,2025-03-15T1100,18,36,0.3,10,3,65,56,36,
吕梁市,马茂庄小学,111.1283,37.51,2025-03-15T1100,17,43,0.2,9,4,73,58,43,
洛阳市,市委党校,112.3931,34.6516,2025-03-15T1100,39,73,0.6,23,10,51,49,62,颗粒物(PM10)
洛阳市,河南林校,112.494,34.6886,2025-03-15T1100,36,78,0.6,29,8,48,33,64,颗粒物(PM10)
洛阳市,开发区管委会,112.3844,34.623,2025-03-15T1100,38,62,0.6,20,7,57,56,56,颗粒物(PM10)
洛阳市,市委新办公区,112.4267,34.6258,2025-03-15T1100,,,0.4,26,7,48,58,,
洛阳市,伊滨,112.6005,34.6326,2025-03-15T1100,50,69,0.7,28,8,49,49,69,细颗粒物(PM2.5)
洛阳市,中移产业园,112.4951,34.6332,2025-03-15T1100,60,72,0.6,28,10,46,54,82,细颗粒物(PM2.5)
洛阳市,吉利监测站,112.5736,34.8993,2025-03-15T1100,37,52,0.5,22,7,60,59,53,细颗粒物(PM2.5)
洛阳市,河科大西苑校区,112.3677,34.662,2025-03-15T1100,44,76,0.5,20,10,52,46,63,颗粒物(PM10)
洛阳市,英才小学,112.4388,34.6781,2025-03-15T1100,37,76,0.6,31,16,49,33,63,颗粒物(PM10)
洛阳市,春都路1号院,112.4600,34.6949,2025-03-15T1100,34,82,0.7,34,11,47,32,66,颗粒物(PM10)
漯河市,三五一五工厂,114.051,33.5699,2025-03-15T1100,76,112,0.6,18,5,52,49,102,细颗粒物(PM2.5)
漯河市,漯河大学,114.0055,33.5698,2025-03-15T1100,61,113,0.5,22,7,54,45,83,细颗粒物(PM2.5)
漯河市,市水利局,114.0138,33.5828,2025-03-15T1100,58,114,0.6,15,5,53,44,82,颗粒物(PM10)
漯河市,市广电局,114.0261,33.5698,2025-03-15T1100,62,110,0.5,18,5,49,47,84,细颗粒物(PM2.5)
漯河市,市图书馆,113.9749,33.5664,2025-03-15T1100,58,101,0.6,21,6,56,47,79,细颗粒物(PM2.5)
漯河市,韶山路11号,114.0892,33.5882,2025-03-15T1100,67,121,0.6,22,5,52,41,90,细颗粒物(PM2.5)
马鞍山市,湖东路四小,118.5092,31.6837,2025-03-15T1100,15,22,0.4,16,4,85,89,27,
马鞍山市,开发区,118.5024,31.6449,2025-03-15T1100,14,25,0.4,19,2,85,89,27,
马鞍山市,濮塘,118.6245,31.7241,2025-03-15T1100,14,24,0.5,17,6,89,90,28,
马鞍山市,雨山,118.4918,31.6809,2025-03-15T1100,14,19,0.6,11,6,85,86,27,
马鞍山市,慈湖高新区,118.5274,31.72227,2025-03-15T1100,19,23,0.4,17,4,84,87,28,
茂名市,电白南海,111.0286,21.4688,2025-03-15T1100,19,19,0.7,8,3,31,37,28,
茂名市,茂石化七小,110.9294,21.6533,2025-03-15T1100,24,27,0.5,12,1,22,35,35,
茂名市,健康路,110.9107,21.6687,2025-03-15T1100,14,24,0.5,17,2,19,35,24,
茂名市,高岭,110.8592,21.6828,2025-03-15T1100,9,27,0.3,13,2,21,31,27,
茂名市,电白水东,111.01,21.5165,2025-03-15T1100,9,19,0.7,10,1,32,36,19,
眉山市,黑龙滩水库,104.0308,30.0478,2025-03-15T1100,16,38,0.6,8,3,39,55,38,
眉山市,气象局,103.8416,30.0874,2025-03-15T1100,19,31,0.5,25,6,42,55,31,
眉山市,市委党校,103.8578,30.0744,2025-03-15T1100,19,22,0.6,33,7,40,58,28,
眉山市,区人社局,103.8291,30.0564,2025-03-15T1100,19,30,0.5,41,5,36,58,30,
梅州市,梅江月梅,116.1231,24.3284,2025-03-15T1100,3,,0.7,10,10,38,41,12,
梅州市,梅县新城,116.0797,24.2719,2025-03-15T1100,3,6,0.7,8,5,39,36,13,
梅州市,环境监控中心,116.1248,24.2654,2025-03-15T1100,11,,0.8,14,6,34,31,16,
梅州市,梅龙,116.1233,24.2991,2025-03-15T1100,3,9,1.1,9,6,42,44,14,
绵阳市,富乐山,104.7778,31.4741,2025-03-15T1100,12,22,0.3,10,2,63,71,22,
绵阳市,高新区自来水公司,104.6697,31.4668,2025-03-15T1100,12,24,0.3,18,2,54,70,24,
绵阳市,三水厂,104.7287,31.5075,2025-03-15T1100,18,24,0.4,13,5,62,74,26,
绵阳市,西科大附属小学,104.69,31.5322,2025-03-15T1100,12,25,0.3,24,6,54,70,25,
绵阳市,安州区旅游局,104.5648,31.5343,2025-03-15T1100,17,38,0.3,20,6,60,66,38,
绵阳市,绵阳市气象局,104.7651,31.4531,2025-03-15T1100,14,17,0.4,9,3,60,70,20,
牡丹江市,环保大楼,129.61,44.561,2025-03-15T1100,19,22,0.2,10,8,81,58,28,
牡丹江市,文化广场,129.6115,44.5782,2025-03-15T1100,17,24,0.2,8,8,84,62,27,
牡丹江市,第一医院,129.5904,44.5963,2025-03-15T1100,13,33,0.2,7,9,88,58,33,
牡丹江市,机车工厂,129.6364,44.6075,2025-03-15T1100,12,21,0.3,8,7,84,53,27,
牡丹江市,第一中学,129.6386,44.5462,2025-03-15T1100,15,29,0.3,5,8,86,59,29,
内江市,市监测站,105.0703,29.61,2025-03-15T1100,20,33,0.9,18,5,50,41,33,
内江市,东兴区政府,105.0717,29.5947,2025-03-15T1100,12,19,0.4,19,1,45,39,19,
内江市,内江二中,105.0653,29.5817,2025-03-15T1100,12,31,0.7,17,6,48,39,31,
内江市,内江日报社,105.0406,29.5822,2025-03-15T1100,13,25,0.6,14,8,48,39,25,
那曲市,那曲监测站,92.0657,31.4846,2025-03-15T1100,63,77,1.1,21,13,68,53,85,细颗粒物(PM2.5)
那曲市,那曲会议中心,92.0506,31.4797,2025-03-15T1100,27,49,0.7,16,8,59,47,49,
南昌市,省外办,115.8931,28.6843,2025-03-15T1100,17,21,0.6,27,4,53,44,25,
南昌市,省林业公司,115.8886,28.7003,2025-03-15T1100,9,,0.4,14,7,53,43,17,
南昌市,林科所,115.8126,28.7442,2025-03-15T1100,14,,0.5,20,8,59,51,20,
南昌市,建工学校,115.8518,28.687,2025-03-15T1100,30,,0.5,23,9,49,42,43,
南昌市,象湖,115.8921,28.6424,2025-03-15T1100,9,22,0.5,18,6,59,52,22,
南昌市,武术学校,115.7423,28.7996,2025-03-15T1100,8,19,0.3,12,2,56,44,19,
南昌市,机电学校,115.9084,28.6062,2025-03-15T1100,17,,0.5,18,3,54,47,25,
南昌市,外国语学校,115.9721,28.7031,2025-03-15T1100,18,,0.2,20,3,59,50,26,
南昌市,南京东路235号,115.9316,28.68677,2025-03-15T1100,14,24,0.6,21,4,62,52,24,
南充市,西山风景区,106.056,30.8064,2025-03-15T1100,8,,0.4,3,3,78,52,25,
南充市,南充市委,106.0789,30.8023,2025-03-15T1100,8,16,0.5,13,4,66,41,21,
南充市,南充炼油厂,106.1031,30.8217,2025-03-15T1100,13,20,0.3,9,4,68,43,22,
南充市,嘉陵区环保局,106.0642,30.7636,2025-03-15T1100,12,46,0.4,10,3,64,41,46,
南充市,市环境监测站,106.1087,30.8388,2025-03-15T1100,20,24,0.8,,6,74,49,,
南充市,梨树横街98号,106.1083,30.7884,2025-03-15T1100,14,17,0.3,11,5,68,45,22,
南京市,迈皋桥,118.8086,32.1065,2025-03-15T1100,19,28,0.2,16,4,82,83,28,
南京市,草场门,118.7538,32.0551,2025-03-15T1100,17,22,0.6,18,4,74,75,25,
南京市,山西路,118.7794,32.0745,2025-03-15T1100,17,29,0.5,10,3,76,78,29,
南京市,中华门,118.7752,32.0023,2025-03-15T1100,22,24,0.4,23,4,80,80,32,
南京市,瑞金路,118.8109,32.0309,2025-03-15T1100,19,29,0.7,16,7,83,84,29,
南京市,玄武湖,118.7997,32.0754,2025-03-15T1100,18,30,0.3,22,3,71,70,30,
南京市,浦口,118.6414,32.0931,2025-03-15T1100,16,29,0.5,10,7,93,85,30,
南京市,奥体中心,118.7356,31.9996,2025-03-15T1100,17,31,0.3,22,6,85,88,31,
南京市,仙林大学城,118.9125,32.1028,2025-03-15T1100,19,27,0.6,16,7,80,77,28,
南京市,江宁彩虹桥,118.8436,31.9198,2025-03-15T1100,22,24,0.3,10,3,85,84,32,
南京市,溧水永阳,119.0138,31.6494,2025-03-15T1100,14,,0.4,10,3,95,86,30,
南京市,六合雄州,118.8554,32.3578,2025-03-15T1100,14,29,0.2,2,4,91,84,29,
南京市,汶溪路181号,118.8708,31.3402,2025-03-15T1100,15,,0.1,20,1,80,81,25,
南宁市,二十一中,108.3103,22.7881,2025-03-15T1100,10,16,0.6,25,4,24,22,16,
南宁市,北湖,108.3141,22.8528,2025-03-15T1100,10,17,0.8,17,10,32,22,17,
南宁市,市监测站,108.3206,22.8225,2025-03-15T1100,12,,0.7,23,6,26,21,18,
南宁市,大自然花园,108.3829,22.8037,2025-03-15T1100,8,10,0.8,13,5,35,27,12,
南宁市,仙葫,108.4394,22.7904,2025-03-15T1100,7,9,0.8,8,7,40,27,13,
南宁市,区农职院,108.2397,22.8467,2025-03-15T1100,7,16,0.7,13,8,37,20,16,
南宁市,英华嘉园,108.3275,22.735,2025-03-15T1100,6,,0.6,13,6,32,24,10,
南宁市,红星社区,108.4834,22.7618,2025-03-15T1100,3,6,0.8,7,8,43,26,14,
南宁市,乐贤路16号,108.2177,22.7774,2025-03-15T1100,14,16,0.9,14,7,32,18,20,
南平市,茫荡山,118.0966,26.6761,2025-03-15T1100,,,,,,,,,
南平市,南平市监测站,118.1681,26.6369,2025-03-15T1100,8,,0.8,8,3,32,30,12,
南平市,南平铝业有限公司,118.1825,26.6489,2025-03-15T1100,3,6,0.8,8,4,32,32,10,
南平市,南平七中,118.1756,26.6272,2025-03-15T1100,11,23,0.8,8,,30,25,,
南通市,狼山街道,120.9098,31.9663,2025-03-15T1100,9,19,0.2,13,5,89,93,28,
南通市,虹桥,120.86,32.0005,2025-03-15T1100,13,26,0.3,18,5,84,92,27,
南通市,城中,120.87,32.02,2025-03-15T1100,15,26,0.4,18,6,83,86,26,
南通市,星湖花园,120.94,31.93,2025-03-15T1100,12,12,0.3,14,5,91,91,29,
南通市,紫琅学院,120.81,32.0417,2025-03-15T1100,10,20,0.5,13,3,89,92,28,
南通市,通州监测站,121.067,32.062,2025-03-15T1100,14,19,0.5,9,3,97,98,31,
南通市,环境教育馆,120.9348,31.9883,2025-03-15T1100,11,19,0.2,10,5,98,104,31,
南阳市,瓦房庄,112.5224,33.0122,2025-03-15T1100,50,86,0.6,15,4,66,72,69,细颗粒物(PM2.5)
南阳市,汉画馆,112.5003,32.9735,2025-03-15T1100,46,74,0.5,11,5,71,66,64,细颗粒物(PM2.5)
南阳市,气象站,112.5573,33.027,2025-03-15T1100,44,92,0.5,13,5,61,71,71,颗粒物(PM10)
南阳市,理工学院,112.5481,32.9689,2025-03-15T1100,52,79,0.5,16,5,69,75,72,细颗粒物(PM2.5)
南阳市,卧龙区政府,112.5234,32.9922,2025-03-15T1100,48,81,0.5,15,7,70,73,67,细颗粒物(PM2.5)
宁波市,区环保大楼,121.8358,29.911,2025-03-15T1100,3,7,0.4,20,7,70,65,22,
宁波市,万里学院,121.56,29.82,2025-03-15T1100,3,8,0.4,14,5,70,65,22,
宁波市,龙赛医院,121.713,29.9572,2025-03-15T1100,6,8,0.3,19,6,70,67,22,
宁波市,钱湖水厂,121.633,29.7733,2025-03-15T1100,3,10,0.5,22,6,69,66,22,
宁波市,太古小学,121.5856,29.8635,2025-03-15T1100,3,6,0.4,16,7,74,69,24,
宁波市,市环境监测中心,121.524,29.8674,2025-03-15T1100,3,8,0.4,18,6,68,62,22,
宁波市,万里国际学校,121.6147,29.9017,2025-03-15T1100,3,11,0.4,14,6,74,69,24,
宁波市,白沙活动中心,121.5594,29.8975,2025-03-15T1100,3,14,0.4,6,5,81,74,26,
宁德市,金涵水库,119.5001,26.6946,2025-03-15T1100,,,,,,,,,
宁德市,宁德市监测站,119.5388,26.6612,2025-03-15T1100,21,26,0.9,18,7,23,24,30,
宁德市,宁德一中,119.5231,26.6562,2025-03-15T1100,20,20,0.6,34,9,24,29,29,
怒江傈僳族自治州,州监测站,98.8601,25.8567,2025-03-15T1100,10,20,0.4,4,5,78,68,25,
怒江傈僳族自治州,泸水一中,98.8546,25.8417,2025-03-15T1100,16,21,0.5,19,6,33,44,23,
攀枝花市,弄弄坪,101.6891,26.571,2025-03-15T1100,45,99,4.9,60,88,55,29,75,颗粒物(PM10)
攀枝花市,河门口,101.5769,26.5928,2025-03-15T1100,27,51,1.2,27,18,67,40,51,颗粒物(PM10)
攀枝花市,炳草岗,101.7169,26.585,2025-03-15T1100,39,99,1.8,62,44,41,34,75,颗粒物(PM10)
攀枝花市,仁和,101.7369,26.5008,2025-03-15T1100,24,39,0.6,17,8,92,60,39,
攀枝花市,四十中小,101.7227,26.567,2025-03-15T1100,35,66,0.9,43,17,52,33,58,颗粒物(PM10)
盘锦市,开发区,122.0303,41.1489,2025-03-15T1100,25,39,0.4,7,7,78,70,39,
盘锦市,兴隆台,122.0485,41.0883,2025-03-15T1100,23,46,0.5,12,5,74,70,46,
盘锦市,新生街道,121.8297,41.1028,2025-03-15T1100,22,47,0.5,10,6,76,64,47,
平顶山市,新华旅馆,113.3257,33.742,2025-03-15T1100,77,125,0.6,21,7,64,52,103,细颗粒物(PM2.5)
平顶山市,规划设计院,113.2919,33.737,2025-03-15T1100,64,120,0.5,22,9,64,50,87,细颗粒物(PM2.5)
平顶山市,平顶山工学院,113.182,33.774,2025-03-15T1100,53,82,0.6,11,7,67,55,73,细颗粒物(PM2.5)
平顶山市,规划局,113.3025,33.73,2025-03-15T1100,76,122,1.1,27,8,66,54,102,细颗粒物(PM2.5)
平顶山市,石龙区,112.8867,33.9116,2025-03-15T1100,34,77,0.4,18,8,81,74,64,颗粒物(PM10)
平凉市,聚贤嘉苑,106.6692,35.5461,2025-03-15T1100,13,37,0.1,5,8,92,89,37,
平凉市,博物馆,106.7021,35.5307,2025-03-15T1100,17,33,0.3,6,13,90,88,33,
萍乡市,武功山,114.0997,27.5002,2025-03-15T1100,7,,0.6,17,3,32,28,10,
萍乡市,中医院,113.8385,27.6434,2025-03-15T1100,18,35,0.7,19,7,27,25,35,
萍乡市,市政府车库,113.8493,27.6253,2025-03-15T1100,25,26,0.8,28,9,22,23,36,
萍乡市,市环保局,113.8676,27.6435,2025-03-15T1100,15,19,0.5,19,2,34,26,22,
萍乡市,安源区政府,113.866,27.6198,2025-03-15T1100,27,28,0.9,18,9,22,23,39,
莆田市,荔城区仓后路,119.0141,25.4325,2025-03-15T1100,27,44,1.0,28,2,23,29,44,
莆田市,莆田市监测站,119.0015,25.4553,2025-03-15T1100,29,32,1.0,21,4,27,27,42,
莆田市,涵江区六中,119.1119,25.4561,2025-03-15T1100,31,32,0.7,34,4,40,23,45,
莆田市,秀屿区政府,119.1013,25.3215,2025-03-15T1100,51,,0.8,31,6,51,35,70,细颗粒物(PM2.5)
莆田市,东圳水库,118.981,25.4792,2025-03-15T1100,,,,,,,,,
濮阳市,环保局,115.0312,35.7636,2025-03-15T1100,33,66,0.5,,,73,53,,
濮阳市,油田运输公司,115.0574,35.7609,2025-03-15T1100,34,73,0.7,17,5,74,55,62,颗粒物(PM10)
濮阳市,濮水河管理处,115,35.7668,2025-03-15T1100,24,72,0.6,23,6,75,53,61,颗粒物(PM10)
濮阳市,任丘路479号,115.0924,35.7686,2025-03-15T1100,37,73,0.5,20,7,76,56,62,颗粒物(PM10)
普洱市,市环保局,100.98,22.7633,2025-03-15T1100,33,114,0.9,37,6,72,67,82,颗粒物(PM10)
普洱市,普洱第二中学,100.9817,22.8322,2025-03-15T1100,31,100,0.7,20,8,83,39,75,颗粒物(PM10)
七台河市,新一中,131.0518,45.8751,2025-03-15T1100,14,16,0.8,5,11,94,79,30,
七台河市,中波台,131.0577,45.7879,2025-03-15T1100,8,22,0.5,10,7,83,69,26,
七台河市,人民广场,131.0176,45.7761,2025-03-15T1100,10,24,0.6,8,7,82,66,26,
七台河市,新建矿广场,130.8781,45.8222,2025-03-15T1100,7,31,0.3,10,9,82,66,31,
齐齐哈尔市,安居小区,123.9305,47.3636,2025-03-15T1100,12,21,0.2,7,3,84,74,27,
齐齐哈尔市,中心广场,123.9488,47.3386,2025-03-15T1100,9,23,0.4,8,3,77,74,25,
齐齐哈尔市,农牧车辆厂,123.9483,47.3227,2025-03-15T1100,9,27,0.3,6,3,84,77,27,
齐齐哈尔市,市环境监测站,123.945,47.2988,2025-03-15T1100,8,21,0.4,6,3,79,76,25,
齐齐哈尔市,富区青少年活动中心,123.6333,47.2075,2025-03-15T1100,7,38,0.4,7,6,78,73,38,
黔东南苗族侗族自治州,市环境监测站,107.9783,26.5747,2025-03-15T1100,7,10,0.2,5,2,80,71,25,
黔东南苗族侗族自治州,凯里学院,107.8908,26.5311,2025-03-15T1100,10,,0.4,4,2,80,69,25,
黔南布依族苗族自治州,小围寨,107.5228,26.2403,2025-03-15T1100,3,6,0.5,4,5,81,53,26,
黔南布依族苗族自治州,沙坝,107.5175,26.2978,2025-03-15T1100,3,7,0.4,4,4,80,60,25,
黔西南布依族苗族自治州,场坝街,104.9022,25.0925,2025-03-15T1100,33,47,0.4,12,3,64,62,48,
黔西南布依族苗族自治州,坪东大道,104.8811,25.0992,2025-03-15T1100,31,45,0.4,16,4,58,58,45,
钦州市,市环保站,108.6236,21.9667,2025-03-15T1100,3,7,1.0,19,6,23,14,10,
钦州市,沙埠小学,108.6549,21.9481,2025-03-15T1100,6,16,0.9,12,6,28,13,16,
钦州市,港区一小,108.5989,21.7431,2025-03-15T1100,15,44,0.8,28,7,23,17,44,
钦州市,北职校,108.5959,21.9633,2025-03-15T1100,3,21,0.9,14,6,29,15,21,
秦皇岛市,第一关,119.7493,40.0116,2025-03-15T1100,21,32,0.3,10,3,85,77,32,
秦皇岛市,监测站,119.5897,39.9499,2025-03-15T1100,6,28,0.3,4,2,88,84,28,
秦皇岛市,建设大厦,119.5251,39.9041,2025-03-15T1100,18,22,0.3,10,3,87,82,28,
秦皇岛市,文明里,119.610547,39.943889,2025-03-15T1100,10,24,0.2,2,2,88,81,28,
秦皇岛市,北戴河轮滑馆,119.5090,39.8253,2025-03-15T1100,10,37,0.3,5,4,86,76,37,
青岛市,仰口,120.6659,36.2403,2025-03-15T1100,14,18,0.2,5,4,95,86,30,
青岛市,市南区东部子站,120.4134,36.0658,2025-03-15T1100,34,88,0.7,45,17,46,54,69,颗粒物(PM10)
青岛市,四方区子站,120.3664,36.1032,2025-03-15T1100,39,75,0.8,35,8,59,68,63,颗粒物(PM10)
青岛市,市南区西部子站,120.2994,36.054,2025-03-15T1100,29,80,0.7,30,9,58,61,65,颗粒物(PM10)
青岛市,崂山区子站,120.4581,36.0858,2025-03-15T1100,31,63,0.7,31,11,58,58,57,颗粒物(PM10)
青岛市,城阳区子站,120.3999,36.3083,2025-03-15T1100,32,68,0.8,31,11,70,66,59,颗粒物(PM10)
青岛市,黄岛区4号,120.0405,35.8735,2025-03-15T1100,22,44,0.6,30,10,64,60,44,
青岛市,即墨2号,120.5014,36.4034,2025-03-15T1100,36,54,0.7,20,8,73,62,52,"颗粒物(PM10),细颗粒物(PM2.5)"
青岛市,市北区南部,120.3503,36.0736,2025-03-15T1100,36,58,0.7,29,10,48,48,54,颗粒物(PM10)
青岛市,李沧区北部,120.3948,36.1805,2025-03-15T1100,39,80,0.8,39,10,52,73,65,颗粒物(PM10)
青岛市,珠江路669号,120.1969,35.9546,2025-03-15T1100,29,61,0.7,44,9,49,47,56,颗粒物(PM10)
清远市,环保大楼,113.0426,23.691,2025-03-15T1100,3,6,0.9,3,8,35,43,11,
清远市,凤城街办,113.0208,23.7106,2025-03-15T1100,3,6,,11,6,,38,,
清远市,技师学院,113.0477,23.6344,2025-03-15T1100,3,7,0.8,14,6,32,41,10,
清远市,清新太和,112.9903,23.7403,2025-03-15T1100,3,6,0.8,2,5,37,46,12,
清远市,清城东城,113.076,23.7198,2025-03-15T1100,3,6,1.1,6,5,33,38,11,
庆阳市,庆阳五中,107.6325,35.7357,2025-03-15T1100,,,,,,,73,,
庆阳市,市环保局,107.6364,35.7067,2025-03-15T1100,11,53,0.2,6,4,89,77,52,颗粒物(PM10)
曲靖市,环境监测站,103.7897,25.5035,2025-03-15T1100,53,83,0.7,16,8,70,78,73,细颗粒物(PM2.5)
曲靖市,烟厂办公区,103.8,25.5364,2025-03-15T1100,52,95,0.9,18,10,71,72,73,颗粒物(PM10)
曲靖市,南苑二区,103.7947,25.462,2025-03-15T1100,43,92,0.8,18,11,65,77,71,颗粒物(PM10)
曲靖市,曲靖师范学院,103.7444,25.5261,2025-03-15T1100,72,,0.8,15,9,69,65,97,细颗粒物(PM2.5)
衢州市,环保大楼,118.8692,28.9398,2025-03-15T1100,3,6,0.4,19,2,48,33,15,
衢州市,实验学校,118.8709,28.9666,2025-03-15T1100,3,6,0.4,18,3,36,23,12,
衢州市,衢州学院,118.8621,28.9808,2025-03-15T1100,3,6,0.5,21,2,34,23,11,
泉州市,涂山街,118.5819,24.9117,2025-03-15T1100,52,,1.0,53,9,26,43,72,细颗粒物(PM2.5)
泉州市,津头埔,118.5972,24.8978,2025-03-15T1100,51,57,1.1,56,5,24,43,70,细颗粒物(PM2.5)
泉州市,万安,118.6663,24.9424,2025-03-15T1100,33,38,1.0,29,4,40,49,48,
泉州市,清源山,118.6117,24.9604,2025-03-15T1100,,,,,,,,,
泉州市,城华南路,118.6333,24.9264,2025-03-15T1100,40,48,0.8,43,4,27,42,57,细颗粒物(PM2.5)
日喀则市,日喀则监测站,88.8876,29.2718,2025-03-15T1100,6,12,0.3,6,3,106,112,34,
日喀则市,林业技术推广中心,88.8781,29.2426,2025-03-15T1100,13,59,0.3,5,8,100,113,55,颗粒物(PM10)
日照市,监测站,119.471,35.4209,2025-03-15T1100,20,44,0.6,24,7,68,68,44,
日照市,市政府广场,119.523,35.4216,2025-03-15T1100,12,24,0.6,14,4,78,70,25,
日照市,港务局,119.5587,35.4044,2025-03-15T1100,18,29,0.5,13,9,82,73,29,
日照市,职业技术学院,119.5328,35.4625,2025-03-15T1100,12,29,0.5,17,6,78,68,29,
日照市,岚山环保分局,119.3266,35.1044,2025-03-15T1100,19,46,2.6,24,44,74,75,46,
三门峡市,市政府,111.1922,34.7752,2025-03-15T1100,30,36,0.5,19,5,68,77,43,
三门峡市,开发区,111.1587,34.7942,2025-03-15T1100,27,46,0.4,20,5,66,70,46,
三门峡市,风景区,111.143,34.7955,2025-03-15T1100,29,,0.5,12,9,63,66,42,
三门峡市,三门峡市第一小学,111.1911,34.7829,2025-03-15T1100,25,46,0.5,21,8,68,77,46,
三门峡市,富达温泉假日酒店,111.1,34.7167,2025-03-15T1100,36,55,0.6,26,8,59,64,53,颗粒物(PM10)
三明市,三钢,117.6211,26.2625,2025-03-15T1100,6,13,0.9,13,7,26,34,13,
三明市,三明二中,117.635,26.2714,2025-03-15T1100,3,9,0.7,14,3,25,32,9,
三明市,三元区政府,117.6028,26.2378,2025-03-15T1100,3,9,0.7,12,4,28,35,9,
三明市,洋溪,117.7275,26.3108,2025-03-15T1100,,,,,,,,,
三亚市,河东子站,109.5078,18.2489,2025-03-15T1100,8,19,0.1,5,4,46,32,19,
三亚市,河西子站,109.4964,18.2681,2025-03-15T1100,11,17,0.3,3,2,45,27,17,
三亚市,君悦子站,109.7348,18.3443,2025-03-15T1100,6,15,0.2,3,4,48,23,15,
山南市,山南监测站,91.7608,29.2313,2025-03-15T1100,11,24,0.4,6,6,81,85,26,
山南市,山南人民医院,91.7706,29.2436,2025-03-15T1100,22,34,0.5,14,5,76,88,34,
汕头市,金平子站,116.6794,23.3667,2025-03-15T1100,51,,0.9,41,5,50,67,70,细颗粒物(PM2.5)
汕头市,龙湖子站,116.7244,23.3633,2025-03-15T1100,33,45,0.9,30,3,51,71,48,
汕头市,濠江子站,116.7258,23.2775,2025-03-15T1100,31,40,0.8,22,3,53,76,45,
汕头市,澄海子站,116.7519,23.4714,2025-03-15T1100,43,55,0.8,28,3,58,73,60,细颗粒物(PM2.5)
汕头市,潮阳子站,116.6092,23.2539,2025-03-15T1100,21,31,0.7,19,6,56,74,31,
汕头市,潮南峡山,116.454,23.2684,2025-03-15T1100,19,43,0.9,12,8,66,75,43,
汕头市,潮南子站,116.4069,23.2533,2025-03-15T1100,25,41,1.0,7,8,67,67,41,
汕尾市,市环保局,115.3653,22.775,2025-03-15T1100,25,,0.7,12,6,68,68,36,
汕尾市,市政府,115.3706,22.7898,2025-03-15T1100,31,,0.7,21,4,52,66,45,
汕尾市,新城中学,115.3622,22.7925,2025-03-15T1100,22,22,0.7,17,8,56,66,32,
商洛市,监测站,109.9154,33.8715,2025-03-15T1100,7,7,0.4,7,4,79,65,25,
商洛市,商州区中学,109.9643,33.8471,2025-03-15T1100,9,13,0.4,7,4,79,61,25,
商丘市,环境监测站,115.6702,34.4285,2025-03-15T1100,64,110,0.5,13,4,70,79,87,细颗粒物(PM2.5)
商丘市,粮食局,115.6458,34.4045,2025-03-15T1100,63,113,0.5,20,4,72,97,85,细颗粒物(PM2.5)
商丘市,睢阳区环保局,115.6293,34.3948,2025-03-15T1100,62,112,0.4,13,3,62,82,84,细颗粒物(PM2.5)
商丘市,梁园区档案局,115.6071,34.4465,2025-03-15T1100,61,102,0.8,,3,60,59,,
上海市,普陀,121.4,31.238,2025-03-15T1100,8,23,0.5,19,5,84,83,27,
上海市,十五厂,121.478,31.2036,2025-03-15T1100,13,24,0.5,22,7,83,86,26,
上海市,虹口,121.467,31.3008,2025-03-15T1100,3,26,0.5,31,8,83,88,26,
上海市,静安监测站,121.425,31.2261,2025-03-15T1100,12,23,0.6,25,6,79,82,25,
上海市,浦东川沙,121.703,31.1907,2025-03-15T1100,13,28,0.5,18,6,87,87,28,
上海市,浦东新区监测站,121.533,31.2284,2025-03-15T1100,13,24,0.5,34,6,75,81,24,
上海市,浦东张江,121.577,31.2071,2025-03-15T1100,19,31,0.5,40,5,66,86,31,
上海市,宝山庙行,121.4316,31.3322,2025-03-15T1100,9,24,0.5,21,8,86,86,27,
上海市,崇明上实东滩,121.8791,31.4662,2025-03-15T1100,11,29,0.4,7,4,102,101,32,
上海市,嘉定南翔,121.3162,31.2838,2025-03-15T1100,15,27,0.7,24,6,82,82,27,
上海市,金山新城,121.3359,30.7456,2025-03-15T1100,6,11,0.4,19,4,82,77,26,
上海市,闵行浦江,121.4996,31.0739,2025-03-15T1100,10,25,0.5,23,4,85,83,27,
上海市,青浦徐泾,121.2886,31.1663,2025-03-15T1100,11,16,0.4,28,5,83,84,26,
上海市,松江图书馆,121.2186,31.0378,2025-03-15T1100,10,17,0.6,22,6,84,82,27,
上海市,长宁仙霞,121.3902,31.2059,2025-03-15T1100,9,23,0.5,22,6,88,86,28,
上海市,浦东惠南,121.7965,31.0507,2025-03-15T1100,12,27,0.7,18,7,90,88,29,
上海市,奉贤南桥新城,121.4891,30.925,2025-03-15T1100,9,18,0.5,19,7,83,78,26,
上海市,冠生园路458号,121.4174,31.16637,2025-03-15T1100,14,21,0.5,17,9,81,81,26,
上海市,宁武路151号,121.5419,31.2683,2025-03-15T1100,,30,0.4,38,6,,77,,
上饶市,百草园,118.005,28.4572,2025-03-15T1100,10,12,0.6,2,1,27,20,15,
上饶市,市监测站,117.9756,28.4436,2025-03-15T1100,6,12,0.9,24,13,19,20,12,
上饶市,凤凰光学,117.9519,28.4628,2025-03-15T1100,8,10,0.9,24,17,17,18,12,
上饶市,双创科技城,117.897,28.4315,2025-03-15T1100,6,12,0.9,29,16,15,14,15,
上饶市,裕丰大道,118.1904,28.4448,2025-03-15T1100,13,,0.5,19,5,45,26,19,
韶关市,市八中,113.5824,24.7733,2025-03-15T1100,3,6,0.8,14,4,31,31,10,
韶关市,园林处,113.5917,24.7972,2025-03-15T1100,3,6,0.8,12,5,30,31,10,
韶关市,韶关学院,113.6735,24.7791,2025-03-15T1100,6,9,0.8,12,12,24,24,9,
韶关市,曲江监测站,113.5971,24.6863,2025-03-15T1100,3,6,0.9,14,8,29,29,10,
韶关市,碧湖山庄,113.5556,24.8082,2025-03-15T1100,3,6,0.7,11,6,26,27,9,
邵阳市,市水土所,111.5239,27.3033,2025-03-15T1100,,,,,,,,,
邵阳市,市化工厂,111.5283,27.2442,2025-03-15T1100,18,21,0.6,14,6,65,61,26,
邵阳市,市环保局,111.4328,27.2272,2025-03-15T1100,15,,0.7,15,6,59,61,22,
邵阳市,北塔二期4-26地块,111.4460,27.2472,2025-03-15T1100,17,,0.5,15,7,58,59,25,
邵阳市,邵水西路287号,111.4739,27.2282,2025-03-15T1100,16,,0.6,13,7,63,62,23,
绍兴市,城东开发委,120.6053,29.9928,2025-03-15T1100,9,9,0.6,26,5,57,63,18,
绍兴市,树下王站,120.5483,30.0003,2025-03-15T1100,9,15,0.4,21,5,59,65,19,
绍兴市,绍兴中专,120.5683,29.9361,2025-03-15T1100,10,,0.4,18,5,63,66,20,
绍兴市,柯桥区政府,120.4906,30.0861,2025-03-15T1100,10,16,0.4,23,8,60,65,19,
绍兴市,重华小学,120.8752,30.0249,2025-03-15T1100,10,16,0.5,17,6,60,65,19,
绍兴市,上虞中学,120.8369,30.0137,2025-03-15T1100,8,12,0.3,20,5,64,67,20,
绍兴市,柯桥妇保,120.4722,30.0415,2025-03-15T1100,11,15,0.4,21,5,58,60,19,
绍兴市,袍江中学,120.6153,30.0764,2025-03-15T1100,7,12,,34,,51,63,,
深圳市,通心岭子站,114.1063,22.5545,2025-03-15T1100,8,14,0.6,19,5,46,64,15,
深圳市,洪湖,114.117,22.5625,2025-03-15T1100,7,13,0.4,18,6,44,58,14,
深圳市,华侨城,113.987,22.5417,2025-03-15T1100,9,15,0.6,21,6,46,59,15,
深圳市,南海子站,113.9181,22.5171,2025-03-15T1100,10,17,0.6,21,6,47,62,17,
深圳市,盐田,114.2458,22.5689,2025-03-15T1100,13,26,0.5,56,7,22,28,28,
深圳市,龙岗,114.2283,22.7244,2025-03-15T1100,9,13,0.6,16,5,60,67,19,
深圳市,南澳,114.494,22.5422,2025-03-15T1100,3,6,0.5,6,6,73,66,23,
深圳市,葵涌,114.41,22.6342,2025-03-15T1100,10,16,0.6,27,8,40,67,16,
深圳市,梅沙,114.297,22.5978,2025-03-15T1100,11,21,0.6,22,6,50,57,21,
深圳市,观澜,114.0678,22.738,2025-03-15T1100,30,51,0.7,23,6,46,50,51,颗粒物(PM10)
深圳市,莲花,114.0731,22.559,2025-03-15T1100,10,15,0.9,26,5,42,58,15,
深圳市,民治,114.0261,22.6198,2025-03-15T1100,18,42,0.7,33,6,34,47,42,
深圳市,横岗,114.1871,22.6451,2025-03-15T1100,14,20,0.4,25,7,40,44,20,
深圳市,坪山,114.3551,22.7151,2025-03-15T1100,10,19,0.5,19,6,49,65,19,
深圳市,西乡,113.8953,22.5861,2025-03-15T1100,9,18,0.6,17,6,47,50,18,
沈阳市,森林路,123.6836,41.9339,2025-03-15T1100,,,,,,,,,
沈阳市,浑南东路,123.505,41.7406,2025-03-15T1100,36,52,0.5,13,6,74,69,52,细颗粒物(PM2.5)
沈阳市,新秀街,123.4231,41.6989,2025-03-15T1100,35,53,0.5,19,10,74,78,52,颗粒物(PM10)
沈阳市,东陵路,123.5903,41.8411,2025-03-15T1100,35,58,0.5,22,9,69,62,54,颗粒物(PM10)
沈阳市,陵东街,123.4264,41.8467,2025-03-15T1100,32,51,0.7,18,8,72,46,51,颗粒物(PM10)
沈阳市,文化路,123.4114,41.7653,2025-03-15T1100,37,57,0.6,20,14,69,71,54,颗粒物(PM10)
沈阳市,小河沿,123.4678,41.7867,2025-03-15T1100,34,54,0.5,18,10,73,72,52,颗粒物(PM10)
沈阳市,太原街,123.4017,41.7972,2025-03-15T1100,46,50,0.6,19,7,72,65,64,细颗粒物(PM2.5)
沈阳市,京沈街,123.3783,41.9228,2025-03-15T1100,39,76,0.5,12,7,76,61,63,颗粒物(PM10)
沈阳市,沈辽西路,123.2444,41.7347,2025-03-15T1100,34,63,0.5,17,7,79,64,57,颗粒物(PM10)
沈阳市,裕农路,123.5953,41.9086,2025-03-15T1100,35,52,0.6,22,7,71,67,51,颗粒物(PM10)
十堰市,武当山,111.0419,32.395,2025-03-15T1100,20,50,0.4,12,10,115,103,50,
十堰市,滨河新村,110.78,32.6494,2025-03-15T1100,42,48,0.8,27,14,35,55,59,细颗粒物(PM2.5)
十堰市,刘家沟,110.7258,32.6389,2025-03-15T1100,35,55,0.9,17,12,56,59,53,颗粒物(PM10)
十堰市,铁二处,110.8839,32.5714,2025-03-15T1100,43,51,0.7,25,11,37,51,60,细颗粒物(PM2.5)
十堰市,郧阳区金沙路,110.8054,32.8401,2025-03-15T1100,18,,0.4,7,4,38,46,26,
石河子市,艾青诗歌馆,86.0497,44.2967,2025-03-15T1100,21,29,0.6,11,4,63,70,30,
石河子市,南区管委会,86.047,44.2331,2025-03-15T1100,13,19,0.4,20,8,53,78,19,
石河子市,世纪广场,86.0791,44.3017,2025-03-15T1100,16,26,0.7,16,7,61,59,26,
石家庄市,职工医院,114.4422,38.0444,2025-03-15T1100,32,34,0.5,21,5,73,64,46,
石家庄市,高新区,114.6063,38.0266,2025-03-15T1100,24,53,0.5,19,7,72,68,52,颗粒物(PM10)
石家庄市,西北水源,114.4898,38.1328,2025-03-15T1100,24,60,0.5,5,8,70,55,55,颗粒物(PM10)
石家庄市,西南高教,114.4586,38.0058,2025-03-15T1100,27,57,0.4,5,4,73,71,54,颗粒物(PM10)
石家庄市,世纪公园,114.5331,38.0178,2025-03-15T1100,28,56,0.5,17,10,67,66,53,颗粒物(PM10)
石家庄市,人民会堂,114.509,38.0457,2025-03-15T1100,30,48,0.6,12,6,67,66,48,
石家庄市,封龙山,114.3524,37.8911,2025-03-15T1100,32,52,0.6,18,7,74,68,51,颗粒物(PM10)
石家庄市,22中南校区,114.5481,38.0378,2025-03-15T1100,29,56,0.5,20,9,65,66,53,颗粒物(PM10)
石家庄市,鹿泉一中,114.289,38.0906,2025-03-15T1100,32,72,0.5,15,8,77,69,61,颗粒物(PM10)
石家庄市,藁城区实验学校,114.8506765,38.0322033,2025-03-15T1100,3,40,0.4,8,6,74,54,40,
石家庄市,井陉矿区区委大楼,114.0504658,38.0591645,2025-03-15T1100,29,71,0.7,18,8,76,71,61,颗粒物(PM10)
石家庄市,栾城区星河路,114.6549,37.9020,2025-03-15T1100,18,46,0.3,2,5,78,66,46,
石嘴山市,沙湖旅游区,106.3394,38.817,2025-03-15T1100,,,,,,,,,
石嘴山市,大武口朝阳西街,106.3668,39.0145,2025-03-15T1100,15,55,,7,6,90,95,,
石嘴山市,惠农南大街,106.7704,39.2282,2025-03-15T1100,14,71,0.2,8,5,78,76,61,颗粒物(PM10)
石嘴山市,红果子镇惠新街,106.7099,39.1325,2025-03-15T1100,12,73,0.2,2,2,89,91,62,颗粒物(PM10)
石嘴山市,妇女儿童医院,106.3495,38.9836,2025-03-15T1100,15,47,0.2,5,1,84,91,47,
石嘴山市,石大公路,106.7492,39.2069,2025-03-15T1100,19,56,0.2,7,3,83,89,53,颗粒物(PM10)
双鸭山市,双合村,131.1511,46.6937,2025-03-15T1100,12,12,0.3,5,7,86,82,27,
双鸭山市,南小市,131.1652,46.6191,2025-03-15T1100,6,12,0.5,4,7,93,76,30,
双鸭山市,环保局,131.1524,46.6554,2025-03-15T1100,24,,0.1,4,8,88,80,35,
双鸭山市,苗圃,131.12,46.5656,2025-03-15T1100,,,,,,,,,
朔州市,平朔,112.4397,39.3522,2025-03-15T1100,22,40,0.6,11,8,69,62,40,
朔州市,朔唯,112.4575,39.3617,2025-03-15T1100,24,44,0.5,11,8,68,60,44,
朔州市,区政府,112.4258,39.3197,2025-03-15T1100,,,0.6,14,,67,63,,
朔州市,市环保局,112.4072,39.3278,2025-03-15T1100,28,38,0.2,11,7,65,62,40,
朔州市,市二中,112.4272,39.3681,2025-03-15T1100,,,0.3,8,,66,58,,
朔州市,一水厂,112.2931,39.53,2025-03-15T1100,10,46,0.4,5,5,80,69,46,
四平市,一商场,124.4002,43.1713,2025-03-15T1100,45,55,0.4,7,4,82,38,63,细颗粒物(PM2.5)
四平市,境园,124.388,43.193,2025-03-15T1100,39,55,0.2,9,,84,34,,
四平市,植物园,124.4036,43.1411,2025-03-15T1100,36,77,0.3,12,5,83,36,64,颗粒物(PM10)
四平市,世纪城,124.3419,43.1666,2025-03-15T1100,24,54,0.8,12,12,75,34,52,颗粒物(PM10)
松原市,江南,124.8006,45.1214,2025-03-15T1100,,,0.6,10,4,75,62,,
松原市,江北,124.7965,45.1722,2025-03-15T1100,14,15,0.4,9,2,72,60,23,
苏州市,上方山,120.561,31.2472,2025-03-15T1100,,,,,,,,,
苏州市,彩香,120.591,31.3019,2025-03-15T1100,10,17,0.6,23,8,75,79,24,
苏州市,轧钢厂,120.596,31.3264,2025-03-15T1100,10,16,0.7,18,6,80,84,25,
苏州市,吴中区,120.613,31.2703,2025-03-15T1100,8,12,0.4,13,5,85,83,27,
苏州市,苏州新区,120.543,31.2994,2025-03-15T1100,11,16,0.4,34,6,73,82,23,
苏州市,苏州工业园区,120.669,31.3097,2025-03-15T1100,8,16,0.5,16,6,79,81,25,
苏州市,相城区,120.641,31.3708,2025-03-15T1100,10,19,0.2,24,7,76,83,24,
苏州市,方洲路,120.743,31.3188,2025-03-15T1100,9,17,0.5,18,6,83,85,26,
苏州市,木渎中学,120.5031,31.2774,2025-03-15T1100,9,16,0.8,26,5,76,83,24,
苏州市,越秀幼儿园,120.624,31.1733,2025-03-15T1100,8,22,0.7,32,6,75,83,24,
苏州市,高铁新城,120.6505,31.416,2025-03-15T1100,12,21,0.5,19,7,80,84,25,
宿迁市,宿迁学院,118.293,33.9528,2025-03-15T1100,17,34,0.4,17,4,67,62,34,
宿迁市,宿迁中学,118.2442,33.9592,2025-03-15T1100,17,36,0.5,16,7,68,63,36,
宿迁市,市供电局,118.283,33.965,2025-03-15T1100,17,30,0.3,16,3,64,60,30,
宿迁市,宿豫区政府,118.3225,33.9447,2025-03-15T1100,16,35,0.3,21,3,,58,,
宿州市,远航博物馆,116.9509,33.666,2025-03-15T1100,35,51,0.5,17,10,75,67,51,颗粒物(PM10)
宿州市,社会福利中心,116.9708,33.591,2025-03-15T1100,25,55,0.5,20,10,77,74,53,颗粒物(PM10)
宿州市,宿州学院,116.9884,33.6305,2025-03-15T1100,25,60,0.5,22,10,74,67,55,颗粒物(PM10)
宿州市,皖北煤电集团,116.9648,33.6252,2025-03-15T1100,27,54,0.6,17,9,76,72,52,颗粒物(PM10)
绥化市,人和东街,126.9785,46.6365,2025-03-15T1100,19,42,0.5,16,7,72,53,42,
绥化市,党政办公中心,126.964,46.6528,2025-03-15T1100,20,34,0.5,13,7,75,54,34,
随州市,市委党校,113.3583,31.7275,2025-03-15T1100,24,40,0.4,11,4,93,74,40,
随州市,市林业局,113.3833,31.6908,2025-03-15T1100,22,31,0.4,10,7,95,76,32,
随州市,市立交桥水厂,113.3983,31.7308,2025-03-15T1100,23,36,0.4,4,7,98,74,36,
遂宁市,石溪浩,105.5453,30.5678,2025-03-15T1100,9,19,,13,,67,50,,
遂宁市,市监测站,105.5582,30.5232,2025-03-15T1100,8,18,0.2,14,6,72,55,23,
遂宁市,行政中心,105.5861,30.5366,2025-03-15T1100,9,17,0.2,12,6,75,57,24,
遂宁市,美宁食品公司,105.5918,30.4728,2025-03-15T1100,10,26,0.3,9,6,69,52,26,
塔城地区,东门外小游园,82.9994,46.7432,2025-03-15T1100,26,40,0.0,3,,94,93,,
台州市,黄岩环保大楼,121.273,28.6459,2025-03-15T1100,3,6,0.4,13,5,70,53,22,
台州市,台州环保大楼,121.419,28.6542,2025-03-15T1100,3,6,0.3,15,4,63,48,20,
台州市,路桥田洋王,121.377,28.5773,2025-03-15T1100,3,6,0.3,11,3,68,53,22,
台州市,台州科技职业学院,121.2568,28.6681,2025-03-15T1100,3,6,0.5,13,3,68,55,22,
太原市,尖草坪,112.522,37.8873,2025-03-15T1100,68,120,0.9,29,10,47,42,92,细颗粒物(PM2.5)
太原市,上兰,112.434,38.0108,2025-03-15T1100,48,87,0.6,38,6,60,47,69,颗粒物(PM10)
太原市,晋源,112.469,37.7124,2025-03-15T1100,117,118,1.3,32,10,45,38,153,细颗粒物(PM2.5)
太原市,小店,112.5583,37.7394,2025-03-15T1100,76,135,0.8,27,6,52,37,102,细颗粒物(PM2.5)
太原市,桃园,112.5369,37.8692,2025-03-15T1100,64,114,1.0,25,8,49,41,87,细颗粒物(PM2.5)
太原市,坞城,112.57,37.8195,2025-03-15T1100,79,125,1.0,32,7,44,44,105,细颗粒物(PM2.5)
太原市,南寨,112.549,37.9854,2025-03-15T1100,53,105,0.7,20,9,62,43,78,颗粒物(PM10)
太原市,金胜,112.4719,37.7831,2025-03-15T1100,82,148,0.8,29,8,45,43,109,细颗粒物(PM2.5)
太原市,育英中学,112.5608,37.8807,2025-03-15T1100,80,133,1.2,36,9,40,41,107,细颗粒物(PM2.5)
泰安市,监测站,117.1437,36.1937,2025-03-15T1100,50,107,0.8,42,10,62,91,79,颗粒物(PM10)
泰安市,人口学校,117.0885,36.2017,2025-03-15T1100,40,119,0.4,22,8,84,82,85,颗粒物(PM10)
泰安市,电力学校,117.1089,36.1758,2025-03-15T1100,39,105,0.4,18,7,90,81,78,颗粒物(PM10)
泰安市,国网新校,117.1812,36.2275,2025-03-15T1100,39,88,0.8,30,9,70,98,69,颗粒物(PM10)
泰安市,交通技校,117.0313,36.2018,2025-03-15T1100,40,88,0.5,22,6,88,75,69,颗粒物(PM10)
泰安市,山东第一医科大学,117.0829,36.13,2025-03-15T1100,37,100,0.3,22,8,81,65,75,颗粒物(PM10)
泰州市,公园路,119.905,32.4878,2025-03-15T1100,19,34,0.3,12,62,,93,,
泰州市,莲花,119.9189,32.4625,2025-03-15T1100,24,34,0.3,10,8,100,94,35,
泰州市,留学生创业园,119.888,32.4639,2025-03-15T1100,23,38,0.5,12,7,102,95,38,
泰州市,王营,119.8767,32.3289,2025-03-15T1100,17,27,0.4,10,8,99,92,31,
泰州市,姜堰区政府广场,120.1259,32.5099,2025-03-15T1100,26,41,0.4,9,6,100,94,41,
泰州市,周山河街区,119.9192,32.4322,2025-03-15T1100,25,42,0.5,9,8,104,98,42,
唐山市,物资局,118.1725,39.6334,2025-03-15T1100,3,54,0.5,7,6,82,72,52,颗粒物(PM10)
唐山市,十二中,118.1705,39.6506,2025-03-15T1100,15,49,0.6,9,9,75,71,49,
唐山市,小山,118.1869,39.622,2025-03-15T1100,33,68,0.5,,3,83,72,,
唐山市,冀东油田职工医院,118.4359,39.2762,2025-03-15T1100,24,39,0.3,8,8,86,61,39,
唐山市,正泰大街热力站,118.09279,39.58089,2025-03-15T1100,12,30,0.5,7,6,79,66,30,
唐山市,丰润区政府,118.1562,39.8322,2025-03-15T1100,19,35,0.3,7,6,79,75,35,
唐山市,金山小学,118.43673,39.73809,2025-03-15T1100,22,39,,6,9,81,76,,
唐山市,政府服务中心,118.24498,39.66941,2025-03-15T1100,7,46,0.5,9,2,78,70,46,
唐山市,消防缸窑路中队,118.2059,39.6585,2025-03-15T1100,12,64,0.6,13,9,88,80,57,颗粒物(PM10)
唐山市,路南电大,118.1436,39.6202,2025-03-15T1100,23,39,0.5,15,6,80,72,39,
唐山市,友谊北路34号,118.1309,39.6360,2025-03-15T1100,21,48,0.6,17,10,82,78,48,
天津市,勤俭道,117.1444,39.1661,2025-03-15T1100,26,50,0.8,24,10,66,49,50,
天津市,前进道,117.202,39.0927,2025-03-15T1100,27,71,0.6,31,10,61,56,61,颗粒物(PM10)
天津市,淮河道,117.1837,39.2133,2025-03-15T1100,31,62,0.9,23,12,69,34,56,颗粒物(PM10)
天津市,跃进路,117.3083,39.0884,2025-03-15T1100,25,48,0.6,32,12,60,44,48,
天津市,第四大街,117.707,39.0343,2025-03-15T1100,16,31,0.2,22,7,69,60,31,
天津市,永明路,117.457,38.8394,2025-03-15T1100,18,39,0.9,16,11,82,76,39,
天津市,汉北路,117.764,39.1587,2025-03-15T1100,18,37,0.4,23,7,70,46,37,
天津市,团泊洼,117.157,38.9194,2025-03-15T1100,,,,,,,,,
天津市,河西一经路,117.7918,39.2474,2025-03-15T1100,26,51,0.4,22,8,69,57,51,颗粒物(PM10)
天津市,津沽路,117.3747,38.9846,2025-03-15T1100,17,37,0.4,13,5,79,68,37,
天津市,宾水西道,117.1589,39.0845,2025-03-15T1100,29,46,0.6,32,9,63,61,46,
天津市,大理道,117.1941,39.1067,2025-03-15T1100,27,48,0.4,28,10,63,53,48,
天津市,中山北路,117.2101,39.1699,2025-03-15T1100,24,50,0.6,31,10,59,40,50,
天津市,西四道,117.3876,39.1488,2025-03-15T1100,26,45,0.4,30,12,60,47,45,
天津市,雍阳西道,117.0365,39.3828,2025-03-15T1100,23,44,0.2,18,8,77,40,44,
天津市,辛老路,117.0296,39.0605,2025-03-15T1100,29,66,0.8,32,11,62,57,58,颗粒物(PM10)
天津市,地纬路,116.9638,38.9375,2025-03-15T1100,20,38,0.6,24,9,,60,,
天津市,北环路,117.4067,40.0583,2025-03-15T1100,20,32,0.5,10,5,77,69,32,
天津市,建设路,117.3045,39.7169,2025-03-15T1100,27,51,0.5,25,13,77,59,51,颗粒物(PM10)
天津市,滨水东路,117.8199,39.3521,2025-03-15T1100,31,59,0.3,18,11,72,32,55,颗粒物(PM10)
天津市,光华路,117.2437,39.1029,2025-03-15T1100,29,47,0.7,26,12,64,54,47,
天水市,麦积山,106.0055,34.343,2025-03-15T1100,,,,,,,,,
天水市,公园小学,105.7205,34.5786,2025-03-15T1100,22,39,0.6,4,13,94,84,39,
天水市,麦积国土局,105.8945,34.5538,2025-03-15T1100,18,33,0.4,7,5,92,84,33,
铁岭市,汇工街西,123.8139,42.3022,2025-03-15T1100,38,76,0.5,13,3,75,36,63,颗粒物(PM10)
铁岭市,水上乐园,123.8649,42.2923,2025-03-15T1100,41,61,0.6,14,6,68,37,58,细颗粒物(PM2.5)
铁岭市,银州路东段,123.8486,42.2867,2025-03-15T1100,42,77,0.5,16,5,,35,,
铁岭市,金沙江路北,123.7153,42.2217,2025-03-15T1100,37,52,0.4,12,8,71,46,53,细颗粒物(PM2.5)
通化市,光明,125.9358,41.7173,2025-03-15T1100,3,17,0.4,12,8,87,74,28,
通化市,铁路,125.9446,41.7325,2025-03-15T1100,16,27,0.4,15,6,86,73,27,
通辽市,艺术职业学校,122.2532,43.6801,2025-03-15T1100,10,37,0.6,3,8,84,74,37,
通辽市,老干部活动中心,122.2584,43.6333,2025-03-15T1100,15,33,0.5,9,8,72,65,33,
通辽市,东方明珠社区,122.2922,43.6189,2025-03-15T1100,30,41,0.2,12,8,77,74,43,
铜川市,党校,109.0656,35.0994,2025-03-15T1100,,,,,,,,,
铜川市,王益区政府,109.0697,35.0697,2025-03-15T1100,14,25,0.3,10,4,82,79,26,
铜川市,新区管委会,108.9344,34.9058,2025-03-15T1100,12,26,0.3,9,6,83,79,26,
铜川市,大唐三路,108.9497,34.8705,2025-03-15T1100,12,14,0.3,2,4,86,80,27,
铜陵市,市第四中学,117.8177,30.9412,2025-03-15T1100,21,30,0.4,35,6,46,76,30,
铜陵市,市公路局,117.8059,30.9273,2025-03-15T1100,29,,0.6,32,5,51,71,42,
铜陵市,市新民污水厂,117.7807,30.9413,2025-03-15T1100,16,24,0.6,21,7,56,73,24,
铜陵市,市第九中学,117.7439,30.8792,2025-03-15T1100,16,23,0.4,29,3,50,61,23,
铜陵市,车站新区,117.846,30.9413,2025-03-15T1100,20,31,0.4,18,3,66,81,31,
铜陵市,市职教基地,117.8483,30.97,2025-03-15T1100,11,23,0.5,18,4,61,76,23,
铜仁市,铜仁卫校,109.1839,27.7344,2025-03-15T1100,9,32,,2,2,66,60,,
铜仁市,铜仁七中,109.1753,27.6944,2025-03-15T1100,11,12,0.2,10,7,80,78,25,
吐鲁番市,市环保局,89.1904,42.9418,2025-03-15T1100,20,83,1.2,10,3,75,61,67,颗粒物(PM10)
吐鲁番市,地区环保局,89.1673,42.9559,2025-03-15T1100,22,104,0.6,15,2,68,52,77,颗粒物(PM10)
威海市,华夏技校,122.1214,37.4236,2025-03-15T1100,12,34,0.3,11,4,81,77,34,
威海市,山大分校,122.0508,37.5236,2025-03-15T1100,20,27,0.3,11,4,79,79,29,
威海市,市监测站,122.1067,37.5072,2025-03-15T1100,12,32,0.3,11,3,78,76,32,
威海市,文登开发区,122.0693,37.2174,2025-03-15T1100,19,41,0.3,21,,76,75,,
威海市,临港区管委会,122.1379,37.3414,2025-03-15T1100,17,36,0.3,13,6,77,70,36,
潍坊市,环保局,119.1437,36.7023,2025-03-15T1100,55,92,0.5,30,12,63,58,75,细颗粒物(PM2.5)
潍坊市,坊子邮政,119.1641,36.6523,2025-03-15T1100,58,90,0.8,26,11,62,58,79,细颗粒物(PM2.5)
潍坊市,潍坊七中,119.0587,36.721,2025-03-15T1100,,,0.7,30,,,50,,
潍坊市,高新实验学校,119.1977,36.6872,2025-03-15T1100,55,95,0.5,24,9,72,65,75,细颗粒物(PM2.5)
潍坊市,潍坊学院,119.1755,36.7149,2025-03-15T1100,50,83,0.8,26,8,66,60,69,细颗粒物(PM2.5)
潍坊市,寒亭区实验一小,119.2041,36.7699,2025-03-15T1100,56,95,0.5,24,11,66,55,77,细颗粒物(PM2.5)
渭南市,农科所,109.5293,34.5101,2025-03-15T1100,,,,,,,,,
渭南市,体育馆,109.4636,34.493,2025-03-15T1100,17,41,0.3,18,5,71,61,41,
渭南市,高新一小,109.4259,34.5023,2025-03-15T1100,22,49,0.4,18,5,65,60,49,
渭南市,渭花路4号,109.5051,34.4921,2025-03-15T1100,12,48,0.4,16,6,73,60,48,
温州市,瓯海,120.634,28.0089,2025-03-15T1100,3,6,0.5,20,6,37,17,12,
温州市,南浦,120.6748,27.9939,2025-03-15T1100,3,6,0.5,19,6,41,20,13,
温州市,龙湾,120.76,27.9747,2025-03-15T1100,3,6,0.5,25,6,35,14,13,
温州市,市站,120.6709,28.0167,2025-03-15T1100,,,,17,4,,20,,
温州市,茶山,120.6985,27.9251,2025-03-15T1100,3,6,0.4,22,5,41,29,13,
文山壮族苗族自治州,州水务局,104.2533,23.3594,2025-03-15T1100,68,,0.5,13,9,71,60,92,细颗粒物(PM2.5)
文山壮族苗族自治州,市便民服务中心,104.2319,23.3892,2025-03-15T1100,42,57,0.5,12,9,70,62,59,细颗粒物(PM2.5)
乌海市,市林业局,106.8174,39.6973,2025-03-15T1100,13,42,0.6,6,7,87,70,42,
乌海市,中海勃湾学校,106.7907,39.6667,2025-03-15T1100,9,33,0.7,8,11,84,79,33,
乌海市,海北新区,106.813,39.7274,2025-03-15T1100,8,31,0.5,6,11,89,63,31,
乌海市,聚英学校,106.8288,39.6778,2025-03-15T1100,3,27,0.4,8,14,81,78,27,
乌兰察布市,集宁新区,113.1306,40.9923,2025-03-15T1100,10,24,0.2,7,4,87,82,28,
乌兰察布市,光明街小学,113.1076,41.0385,2025-03-15T1100,20,34,0.3,6,11,86,79,34,
乌兰察布市,北京八中,113.1376,40.9509,2025-03-15T1100,14,20,0.4,6,14,87,82,28,
乌兰察布市,市委党校,113.1775,40.9779,2025-03-15T1100,20,25,0.4,2,8,93,84,30,
乌鲁木齐市,监测站,87.5801,43.8303,2025-03-15T1100,3,48,0.3,8,3,94,64,48,
乌鲁木齐市,收费所,87.6046,43.768,2025-03-15T1100,18,58,0.3,2,3,92,73,54,颗粒物(PM10)
乌鲁木齐市,新疆农科院农场,87.4754,43.9469,2025-03-15T1100,23,37,0.6,24,9,66,61,37,
乌鲁木齐市,铁路局,87.5525,43.8711,2025-03-15T1100,29,39,0.6,36,5,55,67,42,
乌鲁木齐市,三十一中学,87.6432,43.831,2025-03-15T1100,21,72,0.2,11,7,91,70,61,颗粒物(PM10)
乌鲁木齐市,米东区环保局,87.7216,44.1747,2025-03-15T1100,32,58,0.5,13,9,60,56,54,颗粒物(PM10)
乌鲁木齐市,培训基地,87.4651,43.4569,2025-03-15T1100,22,95,0.4,15,4,89,79,73,颗粒物(PM10)
乌鲁木齐市,达坂城区环保局,88.3118,43.3658,2025-03-15T1100,17,77,0.3,9,13,77,74,64,颗粒物(PM10)
乌鲁木齐市,红光山片区,87.6162,43.8801,2025-03-15T1100,29,33,0.3,21,13,62,47,42,
乌鲁木齐市,新师大温泉校区,87.7024,43.8004,2025-03-15T1100,17,89,0.2,1,2,104,79,70,颗粒物(PM10)
乌鲁木齐市,大绿谷,87.4921,43.8411,2025-03-15T1100,14,53,0.3,8,4,96,74,52,颗粒物(PM10)
无锡市,雪浪,120.269,31.4867,2025-03-15T1100,17,29,0.6,21,6,76,82,29,
无锡市,黄巷,120.275,31.6219,2025-03-15T1100,12,31,0.7,23,4,74,76,31,
无锡市,曹张,120.294,31.56,2025-03-15T1100,19,29,0.6,27,3,70,82,29,
无锡市,漆塘,120.242,31.5031,2025-03-15T1100,17,29,0.7,24,5,71,80,29,
无锡市,东亭,120.3489,31.5863,2025-03-15T1100,17,27,0.7,28,5,69,80,27,
无锡市,旺庄,120.354,31.5475,2025-03-15T1100,17,17,0.6,21,2,74,80,25,
无锡市,荣巷,120.245,31.5631,2025-03-15T1100,17,22,0.4,24,4,80,82,25,
无锡市,堰桥,120.299,31.6817,2025-03-15T1100,12,34,0.8,20,5,76,85,34,
无锡市,华庄,120.3142,31.4753,2025-03-15T1100,13,20,0.6,25,8,77,80,25,
吴忠市,教育园区,106.1532,37.9648,2025-03-15T1100,13,28,0.2,2,3,85,80,28,
吴忠市,新区二泵站,106.1856,37.9956,2025-03-15T1100,7,40,0.2,1,4,84,77,40,
吴忠市,文卫南街,106.2112,37.9768,2025-03-15T1100,8,33,0.2,3,4,86,82,33,
芜湖市,监测站,118.3606,31.3519,2025-03-15T1100,12,23,0.5,14,6,,76,,
芜湖市,科创中心,118.3714,31.4134,2025-03-15T1100,14,30,0.4,21,4,70,75,30,
芜湖市,四水厂,118.3673,31.3131,2025-03-15T1100,15,24,0.3,26,2,67,72,24,
芜湖市,市气象局,118.4209,31.3707,2025-03-15T1100,15,23,0.5,13,4,73,77,23,
芜湖市,清苑社区,118.4781,31.3225,2025-03-15T1100,12,15,0.5,19,4,73,75,23,
芜湖市,扬子职业技术学院,118.2746,31.2326,2025-03-15T1100,12,14,0.5,18,4,71,73,23,
梧州市,市逸夫小学,111.3014,23.4832,2025-03-15T1100,14,32,0.2,14,10,29,40,32,
梧州市,市十一中,111.3239,23.4794,2025-03-15T1100,12,26,0.1,6,8,33,39,26,
梧州市,龙新,111.2711,23.4835,2025-03-15T1100,6,27,0.8,13,12,23,32,27,
梧州市,政贤路18号,111.2419,23.4154,2025-03-15T1100,6,8,0.3,11,6,27,34,9,
五家渠市,农水大厦,87.5475,44.1756,2025-03-15T1100,20,40,0.4,3,8,54,50,40,
五家渠市,经开区管委会,87.546,44.1912,2025-03-15T1100,32,32,0.7,3,11,51,48,46,
武汉市,东湖梨园,114.3677,30.5584,2025-03-15T1100,24,33,0.3,10,6,68,65,35,
武汉市,汉阳月湖,114.2529,30.558,2025-03-15T1100,22,30,0.4,7,5,69,66,32,
武汉市,汉口花桥,114.282,30.6189,2025-03-15T1100,20,34,0.5,14,6,69,68,34,
武汉市,武昌紫阳,114.3025,30.5332,2025-03-15T1100,17,34,0.6,15,6,62,63,34,
武汉市,青山钢花,114.3646,30.6217,2025-03-15T1100,24,29,0.5,12,2,56,49,35,
武汉市,沌口新区,114.1566,30.4825,2025-03-15T1100,25,30,0.3,17,5,51,50,36,
武汉市,汉口江滩,114.3014,30.5944,2025-03-15T1100,28,,0.2,17,6,69,68,40,
武汉市,吴家山,114.135,30.6319,2025-03-15T1100,22,31,0.4,13,6,73,65,32,
武汉市,沉湖七壕,113.8454,30.2917,2025-03-15T1100,8,24,0.4,12,3,72,67,24,
武汉市,民族大道182号,114.3877,30.4908,2025-03-15T1100,14,33,0.4,16,7,62,61,33,
武威市,监测站,102.6201,37.9251,2025-03-15T1100,,,,,,,70,,
武威市,钟楼街149号,102.6447,37.9293,2025-03-15T1100,11,44,0.2,1,5,83,77,44,
西安市,兴庆小区,108.993,34.2629,2025-03-15T1100,8,56,0.5,18,4,66,60,53,颗粒物(PM10)
西安市,纺织城,109.06,34.2572,2025-03-15T1100,21,50,0.3,31,7,57,61,50,
西安市,小寨,108.9356,34.2173,2025-03-15T1100,9,50,0.5,16,4,63,62,50,
西安市,市人民体育场,108.954,34.2713,2025-03-15T1100,12,59,0.5,18,6,66,58,55,颗粒物(PM10)
西安市,高新西区,108.8922,34.2322,2025-03-15T1100,17,61,0.4,17,5,68,61,56,颗粒物(PM10)
西安市,经开区,108.935,34.3474,2025-03-15T1100,7,66,0.5,12,4,72,64,58,颗粒物(PM10)
西安市,长安区,108.906,34.1546,2025-03-15T1100,23,111,0.5,16,6,67,64,81,颗粒物(PM10)
西安市,临潼区,109.2186,34.3731,2025-03-15T1100,18,,0.3,11,6,80,66,26,
西安市,草滩,108.869,34.378,2025-03-15T1100,7,49,0.1,7,2,76,52,49,
西安市,曲江文化产业集团,108.985,34.1978,2025-03-15T1100,16,72,,,,,66,,
西安市,广运潭,109.051,34.3213,2025-03-15T1100,21,40,0.6,20,7,64,58,40,
西安市,无线电监控中心,109.09,34.5236,2025-03-15T1100,13,38,0.3,8,4,70,64,38,
西安市,行知小学,108.8869,34.2662,2025-03-15T1100,16,54,0.5,,6,67,59,,
西安市,西苑北路977号,108.5962,34.1188,2025-03-15T1100,20,92,0.3,3,4,68,64,71,颗粒物(PM10)
西宁市,第五水厂,101.524,36.6867,2025-03-15T1100,,,,,,,,,
西宁市,城北区政府,101.7775,36.6428,2025-03-15T1100,16,50,0.5,10,8,80,78,50,
西宁市,世纪职校,101.8305,36.5786,2025-03-15T1100,24,50,0.5,16,9,80,78,50,
西宁市,师大城西校区,101.7413,36.6397,2025-03-15T1100,25,73,0.4,9,12,77,72,62,颗粒物(PM10)
西双版纳傣族自治州,景洪市江南,100.8018,21.9995,2025-03-15T1100,66,115,1.0,44,5,31,50,89,细颗粒物(PM2.5)
西双版纳傣族自治州,景洪市江北,100.8017,22.0225,2025-03-15T1100,42,78,0.5,28,5,48,64,64,颗粒物(PM10)
西咸新区,北杜,108.7108,34.46,2025-03-15T1100,15,87,0.3,6,8,75,64,69,颗粒物(PM10)
西咸新区,同德佳苑,108.7096,34.2956,2025-03-15T1100,22,106,0.3,10,3,70,68,78,颗粒物(PM10)
西咸新区,崇文塔,108.8558,34.4978,2025-03-15T1100,9,36,0.3,13,5,75,60,36,
锡林郭勒盟,市环保监测站,116.1042,43.9317,2025-03-15T1100,7,19,0.3,4,3,90,84,29,
锡林郭勒盟,市政府,116.0781,43.9311,2025-03-15T1100,11,27,0.2,4,,82,85,,
厦门市,溪东,118.1608,24.8169,2025-03-15T1100,,,,,,,,,
厦门市,洪文,118.1514,24.4767,2025-03-15T1100,27,41,0.7,45,1,13,64,41,
厦门市,鼓浪屿,118.0661,24.4444,2025-03-15T1100,46,56,0.6,49,1,18,66,64,细颗粒物(PM2.5)
厦门市,湖里中学,118.0936,24.5058,2025-03-15T1100,29,49,0.7,55,3,12,60,49,
厦门市,集美中学,118.0958,24.5688,2025-03-15T1100,44,64,0.8,52,1,10,53,62,细颗粒物(PM2.5)
厦门市,同安二实小,118.1493,24.7245,2025-03-15T1100,44,64,0.7,46,2,16,42,62,细颗粒物(PM2.5)
咸宁市,森林公园,114.3175,29.8142,2025-03-15T1100,15,23,0.6,10,5,44,46,23,
咸宁市,市发改委,114.3107,29.8454,2025-03-15T1100,27,44,0.4,10,5,60,56,44,
咸宁市,咸安区政府,114.2936,29.8566,2025-03-15T1100,27,39,0.5,19,3,62,56,39,
咸宁市,长江产业园,114.3375,29.8683,2025-03-15T1100,30,34,0.5,20,3,55,49,43,
咸阳市,气象站,108.7197,34.3956,2025-03-15T1100,,,,,,,,,
咸阳市,实验中学,108.673,34.3155,2025-03-15T1100,22,124,0.5,12,6,70,67,87,颗粒物(PM10)
咸阳市,师范学院,108.7233,34.3617,2025-03-15T1100,26,110,0.4,11,2,74,68,80,颗粒物(PM10)
咸阳市,两寺渡,108.6594,34.2969,2025-03-15T1100,25,154,0.3,13,5,64,60,102,颗粒物(PM10)
咸阳市,奥体中心,108.6396,34.4078,2025-03-15T1100,22,122,0.3,8,3,71,64,86,颗粒物(PM10)
湘潭市,板塘,112.9433,27.8614,2025-03-15T1100,24,36,0.5,10,4,59,53,36,
湘潭市,市监测站,112.9118,27.8403,2025-03-15T1100,27,29,0.4,17,3,52,49,39,
湘潭市,江麓,112.8937,27.8728,2025-03-15T1100,26,,0.6,12,4,49,46,38,
湘潭市,岳塘,112.9227,27.8159,2025-03-15T1100,23,,0.3,13,8,52,49,33,
湘潭市,科大,112.9074,27.9119,2025-03-15T1100,22,28,0.5,14,3,56,50,32,
湘潭市,昭山,113.0048,27.9153,2025-03-15T1100,20,27,0.3,15,4,56,51,29,
湘潭市,韶山,112.4876,27.9164,2025-03-15T1100,20,32,0.3,9,4,64,57,32,
湘西土家族苗族自治州,跃进水库,109.6414,28.2558,2025-03-15T1100,11,15,0.6,5,4,50,38,16,
湘西土家族苗族自治州,州政府,109.7325,28.3169,2025-03-15T1100,15,24,0.6,10,6,63,64,24,
湘西土家族苗族自治州,吉首市计生局,109.6958,28.2675,2025-03-15T1100,20,,,13,8,,62,,
襄阳市,襄城运动路,112.155,32.0197,2025-03-15T1100,36,58,0.4,13,6,80,78,54,颗粒物(PM10)
襄阳市,高新管委会,112.1825,32.1142,2025-03-15T1100,36,58,0.4,14,10,67,57,54,颗粒物(PM10)
襄阳市,襄州航空路,112.2106,32.0903,2025-03-15T1100,36,64,0.4,14,7,63,63,57,颗粒物(PM10)
襄阳市,襄城隆中路,112.0828,32.0067,2025-03-15T1100,34,58,0.6,15,10,70,67,54,颗粒物(PM10)
襄阳市,高新台子湾,112.1214,32.1008,2025-03-15T1100,27,65,0.3,17,6,66,64,58,颗粒物(PM10)
襄阳市,铁院东路4号,112.1433,32.0581,2025-03-15T1100,33,71,0.3,16,8,74,71,61,颗粒物(PM10)
孝感市,文化路,113.9153,30.9285,2025-03-15T1100,25,48,0.2,12,4,81,69,48,
孝感市,东城区,113.942,30.9075,2025-03-15T1100,22,48,0.3,14,6,85,71,48,
忻州市,开发区,112.7383,38.4519,2025-03-15T1100,63,65,0.6,15,6,60,53,85,细颗粒物(PM2.5)
忻州市,会展中心,112.7003,38.4928,2025-03-15T1100,47,62,0.7,12,5,58,52,65,细颗粒物(PM2.5)
忻州市,市政府,112.7283,38.4153,2025-03-15T1100,63,84,0.8,26,7,55,51,85,细颗粒物(PM2.5)
新乡市,环保西院,113.836,35.311,2025-03-15T1100,40,99,0.8,34,12,42,38,75,颗粒物(PM10)
新乡市,开发区,113.884,35.272,2025-03-15T1100,39,71,0.9,25,12,51,42,61,颗粒物(PM10)
新乡市,环保东院,113.883,35.303,2025-03-15T1100,44,79,0.9,27,11,51,41,65,颗粒物(PM10)
新乡市,市委党校,113.9194,35.2847,2025-03-15T1100,39,104,0.8,27,9,54,42,77,颗粒物(PM10)
新乡市,市政府,113.9188,35.3045,2025-03-15T1100,41,82,0.6,28,10,61,46,66,颗粒物(PM10)
新乡市,行政服务中心,113.9003,35.372,2025-03-15T1100,34,85,0.9,29,9,54,37,68,颗粒物(PM10)
新乡市,建设东路46号,113.9166,35.3315,2025-03-15T1100,41,89,0.7,27,13,55,41,70,颗粒物(PM10)
新余市,北岗,115.0861,27.9317,2025-03-15T1100,,,,,,,,,
新余市,飞宇,114.9886,27.8431,2025-03-15T1100,,,0.5,,,34,30,,
新余市,第二水厂,114.9231,27.8246,2025-03-15T1100,7,17,0.3,23,8,32,28,17,
新余市,市气象局,114.9308,27.8036,2025-03-15T1100,16,19,0.1,27,9,33,29,23,
新余市,新钢沁园村,114.9149,27.807,2025-03-15T1100,11,22,0.5,25,11,33,29,22,
信阳市,平桥分局,114.1099,32.1059,2025-03-15T1100,30,35,0.4,16,5,95,78,43,
信阳市,南湾水厂,113.9956,32.1271,2025-03-15T1100,10,40,0.5,15,5,95,72,40,
信阳市,市酿酒公司,114.0775,32.1195,2025-03-15T1100,21,51,0.4,16,5,88,71,51,颗粒物(PM10)
信阳市,审计局,114.0609,32.1399,2025-03-15T1100,13,38,0.5,12,6,97,76,38,
兴安盟,胜华新制药厂,122.0392,46.0656,2025-03-15T1100,19,30,0.2,4,4,75,65,30,
兴安盟,科右前旗环保局,121.9504,46.0741,2025-03-15T1100,9,15,0.3,3,2,82,75,26,
兴安盟,北滨河,122.0931,46.0707,2025-03-15T1100,18,40,0.2,5,2,81,73,40,
邢台市,达活泉,114.4704,37.0886,2025-03-15T1100,22,45,0.5,25,6,51,52,45,
邢台市,邢师高专,114.5062,37.0349,2025-03-15T1100,21,51,0.5,28,4,56,56,51,颗粒物(PM10)
邢台市,路桥公司,114.5237,37.0851,2025-03-15T1100,18,44,0.5,23,8,58,56,44,
邢台市,市环保局,114.4725,37.0719,2025-03-15T1100,24,49,0.4,25,4,57,56,49,
雄安新区,容城县环境保护局,115.8844,39.0341,2025-03-15T1100,31,60,0.5,26,15,72,49,55,颗粒物(PM10)
雄安新区,河北容城中学,115.8665,39.0645,2025-03-15T1100,25,53,0.6,22,9,68,42,52,颗粒物(PM10)
雄安新区,安新县民政局,115.923,38.9405,2025-03-15T1100,20,54,0.6,27,15,66,57,52,颗粒物(PM10)
雄安新区,安新县电力局,115.9324,38.9338,2025-03-15T1100,31,45,0.4,23,16,68,58,45,
雄安新区,雄县环境保护局,116.0901,38.9816,2025-03-15T1100,31,75,0.6,25,14,62,50,63,颗粒物(PM10)
雄安新区,雄县国土资源局,116.1105,39.0046,2025-03-15T1100,35,61,0.5,28,14,58,34,56,颗粒物(PM10)
徐州市,黄河新村,117.179,34.2761,2025-03-15T1100,46,110,0.6,32,12,85,67,80,颗粒物(PM10)
徐州市,新城区,117.256,34.2153,2025-03-15T1100,25,107,0.8,41,13,81,68,79,颗粒物(PM10)
徐州市,桃园路,117.244,34.2911,2025-03-15T1100,42,117,0.7,29,10,89,67,84,颗粒物(PM10)
徐州市,农科院,117.2933,34.2778,2025-03-15T1100,34,110,0.9,35,17,78,66,80,颗粒物(PM10)
徐州市,鼓楼区政府,117.1814,34.29,2025-03-15T1100,35,95,0.6,23,6,86,64,73,颗粒物(PM10)
徐州市,铜山区招生办,117.1694,34.1781,2025-03-15T1100,30,97,0.6,32,12,91,70,74,颗粒物(PM10)
徐州市,大泉街道,117.4754,34.4422,2025-03-15T1100,39,101,0.7,33,10,70,72,76,颗粒物(PM10)
徐州市,解放南路202号,117.1942,34.22935,2025-03-15T1100,30,107,0.7,33,11,93,67,79,颗粒物(PM10)
许昌市,开发区,113.7906,33.9953,2025-03-15T1100,46,100,0.6,24,4,62,36,75,颗粒物(PM10)
许昌市,市一中,113.8172,34.0339,2025-03-15T1100,44,91,0.5,24,4,64,34,71,颗粒物(PM10)
许昌市,许昌学院,113.8614,34.0442,2025-03-15T1100,39,105,0.5,20,4,71,42,78,颗粒物(PM10)
许昌市,芙蓉广场,113.843,34.0823,2025-03-15T1100,37,,0.3,25,6,,34,,
许昌市,新元大道996号,113.8157,34.12670,2025-03-15T1100,44,106,0.5,26,4,66,38,78,颗粒物(PM10)
许昌市,望田路111号,113.8358,34.01552,2025-03-15T1100,43,97,0.4,19,6,64,36,74,颗粒物(PM10)
宣城市,鳌峰子站,118.7581,30.9454,2025-03-15T1100,14,24,0.4,11,4,73,75,24,
宣城市,敬亭山子站,118.7385,30.9743,2025-03-15T1100,16,28,0.4,15,5,73,78,28,
宣城市,开发区子站,118.7173,30.9427,2025-03-15T1100,17,22,0.5,7,3,76,78,25,
宣城市,夏渡子站,118.7724,30.9141,2025-03-15T1100,21,25,0.5,21,4,76,79,30,
雅安市,建安厂,103.0475,30.02,2025-03-15T1100,11,19,0.5,38,6,,43,,
雅安市,市政府,103.0111,29.9833,2025-03-15T1100,10,14,0.6,16,6,51,55,16,
雅安市,川农大,102.9905,29.9775,2025-03-15T1100,10,14,0.4,10,4,52,52,17,
雅安市,康养中心,103.0456,29.9956,2025-03-15T1100,,,,,,,,,
烟台市,开发区,121.2514,37.5639,2025-03-15T1100,44,53,1.1,27,13,53,52,62,细颗粒物(PM2.5)
烟台市,西郊化工站,121.3181,37.5436,2025-03-15T1100,48,70,0.7,31,9,56,56,67,细颗粒物(PM2.5)
烟台市,莱山环保局,121.4478,37.4822,2025-03-15T1100,35,61,0.6,15,7,67,58,56,颗粒物(PM10)
烟台市,福山环保局,121.2611,37.4967,2025-03-15T1100,46,80,0.9,26,9,60,56,65,颗粒物(PM10)
烟台市,牟平检察院,121.5992,37.4014,2025-03-15T1100,20,36,0.6,10,8,78,72,36,
烟台市,中国农业大学,121.5206,37.4336,2025-03-15T1100,34,56,0.7,17,6,75,67,53,颗粒物(PM10)
烟台市,青年南路118号,121.3642,37.5296,2025-03-15T1100,,,,,13,64,55,,
延安市,枣园,109.4131,36.6275,2025-03-15T1100,8,39,0.4,2,9,91,80,39,
延安市,延大医附院,109.4761,36.6028,2025-03-15T1100,8,39,0.3,7,4,85,72,39,
延安市,百米大道,109.5056,36.6106,2025-03-15T1100,10,38,0.4,4,5,90,78,38,
延安市,西北局旧址,109.4809,36.5786,2025-03-15T1100,3,31,0.4,8,3,85,76,31,
延边朝鲜族自治州,妇幼医院,129.47,42.8883,2025-03-15T1100,15,30,0.4,4,5,93,68,30,
延边朝鲜族自治州,延边医院,129.5055,42.9108,2025-03-15T1100,18,29,0.4,12,6,87,60,29,
延边朝鲜族自治州,朝阳川镇医院,129.3964,42.8881,2025-03-15T1100,23,65,0.4,7,6,100,70,58,颗粒物(PM10)
盐城市,盐城电厂,120.118,33.4022,2025-03-15T1100,22,44,0.3,17,8,84,96,44,
盐城市,市监测站,120.156,33.3942,2025-03-15T1100,34,46,0.4,19,4,74,88,49,
盐城市,开发区管委会,120.2144,33.38,2025-03-15T1100,25,49,0.3,21,7,74,94,49,
盐城市,宝龙广场,120.1544,33.3663,2025-03-15T1100,24,39,0.4,14,5,81,91,39,
盐城市,月亮广场,120.1501,33.3367,2025-03-15T1100,22,47,0.4,18,6,74,92,47,
盐城市,大丰高级中学,120.4279,33.205,2025-03-15T1100,14,44,0.4,11,3,74,102,44,
扬州市,邗江监测站,119.389,32.3761,2025-03-15T1100,21,41,0.2,23,8,90,85,41,
扬州市,五台山医院,119.447,32.4155,2025-03-15T1100,24,37,0.4,11,9,91,85,37,
扬州市,广陵建设局,119.4686,32.3942,2025-03-15T1100,27,37,0.3,17,6,93,87,39,
扬州市,市体育局,119.3633,32.3972,2025-03-15T1100,21,34,0.4,14,5,91,86,34,
扬州市,引江管理处,119.5653,32.4222,2025-03-15T1100,26,39,0.4,7,6,90,82,39,
阳江市,鸳鸯湖,111.9797,21.8593,2025-03-15T1100,,,,,,,,,
阳江市,马南垌,111.9491,21.8658,2025-03-15T1100,27,35,0.4,12,6,34,46,39,
阳江市,两阳中学,111.9765,21.8947,2025-03-15T1100,21,46,0.5,19,6,19,44,46,
阳江市,阳东陶然,112.0125,21.8749,2025-03-15T1100,30,37,0.5,11,5,26,44,43,
阳泉市,市中心,113.5758,37.8572,2025-03-15T1100,47,102,1.0,26,13,56,57,76,颗粒物(PM10)
阳泉市,赛鱼,113.4894,37.8731,2025-03-15T1100,80,120,0.9,30,7,54,50,107,细颗粒物(PM2.5)
阳泉市,南庄,113.5819,37.8486,2025-03-15T1100,43,106,1.0,30,14,58,60,78,颗粒物(PM10)
阳泉市,平坦,113.5614,37.8703,2025-03-15T1100,74,124,0.8,31,10,55,60,99,细颗粒物(PM2.5)
阳泉市,大阳泉,113.5158,37.8392,2025-03-15T1100,74,130,0.9,27,9,57,58,99,细颗粒物(PM2.5)
阳泉市,龙柱,113.617,37.8571,2025-03-15T1100,51,103,0.8,29,18,56,55,77,颗粒物(PM10)
伊春市,环保局,128.5159,47.4311,2025-03-15T1100,9,11,0.4,6,6,76,64,24,
伊春市,电力嘉园,128.9102,47.7412,2025-03-15T1100,19,,0.3,6,5,87,64,28,
伊春市,汤旺河国家公园,129.5029,48.471,2025-03-15T1100,6,8,0.2,7,6,93,62,30,
伊春市,中心小学,128.4741,47.4346,2025-03-15T1100,12,,0.5,2,3,89,70,28,
伊春市,检察院,128.6871,47.7369,2025-03-15T1100,8,9,0.4,4,6,91,78,29,
伊春市,双子河社区,128.8431,47.8474,2025-03-15T1100,3,20,0.7,7,2,86,63,27,
伊春市,美溪镇,129.1368,47.6417,2025-03-15T1100,7,9,0.9,4,4,92,70,29,
伊犁哈萨克自治州,新政府片区,81.2996,43.9174,2025-03-15T1100,25,69,0.7,35,7,46,56,60,颗粒物(PM10)
伊犁哈萨克自治州,第二水厂,81.3364,43.941,2025-03-15T1100,69,169,1.3,41,10,34,57,110,颗粒物(PM10)
伊犁哈萨克自治州,安徽路800号,81.2737,43.9337,2025-03-15T1100,44,101,1.6,51,13,29,58,76,颗粒物(PM10)
宜宾市,石马中学,104.563,28.793,2025-03-15T1100,10,15,0.4,9,4,65,62,21,
宜宾市,市委,104.6201,28.7728,2025-03-15T1100,12,15,0.6,20,8,55,52,18,
宜宾市,宜宾四中,104.6055,28.793,2025-03-15T1100,13,17,0.6,21,8,55,53,19,
宜宾市,市政府,104.639,28.7562,2025-03-15T1100,11,15,0.4,16,9,62,58,20,
宜宾市,黄金嘴,104.5742,28.7199,2025-03-15T1100,10,14,,,,62,60,,
宜宾市,白酒学院,104.68,28.8071,2025-03-15T1100,14,15,0.5,13,6,67,63,21,
宜昌市,白龙岗,111.2992,30.6981,2025-03-15T1100,24,39,0.5,15,4,44,32,39,
宜昌市,点军区,111.2628,30.6961,2025-03-15T1100,24,32,0.3,15,5,39,16,35,
宜昌市,夷陵区,111.3275,30.7819,2025-03-15T1100,24,48,0.3,20,6,57,60,48,
宜昌市,猇亭区张家湾站,111.4606,30.552,2025-03-15T1100,35,51,0.0,27,7,42,44,51,颗粒物(PM10)
宜昌市,西陵二路116号,111.3168,30.7203,2025-03-15T1100,30,53,0.3,27,6,52,37,52,颗粒物(PM10)
宜昌市,沈家店路6号,111.3526,30.6374,2025-03-15T1100,27,34,0.3,45,5,30,48,39,
宜春市,槟榔水业,114.3408,27.8064,2025-03-15T1100,,,,,,,,,
宜春市,市石油公司,114.3956,27.7844,2025-03-15T1100,8,13,0.5,11,5,28,16,13,
宜春市,市气象局,114.3703,27.7914,2025-03-15T1100,11,25,0.5,25,1,22,14,25,
宜春市,市广电局,114.4013,27.8074,2025-03-15T1100,9,21,0.7,18,4,27,19,21,
宜春市,宜春学院北校区,114.375,27.8097,2025-03-15T1100,11,15,0.6,16,4,24,17,16,
宜春市,万载县环保局,114.4519,28.0828,2025-03-15T1100,9,14,0.7,17,11,33,26,14,
益阳市,甘溪港,112.4067,28.6428,2025-03-15T1100,29,47,0.4,9,3,62,56,47,
益阳市,市环保局,112.3458,28.5808,2025-03-15T1100,24,26,0.2,10,1,62,56,35,
益阳市,龙洲,112.3571,28.55878,2025-03-15T1100,32,43,0.3,10,2,62,56,46,
益阳市,幸福渠东路223号,112.3425,28.6110,2025-03-15T1100,21,26,0.3,12,1,62,55,30,
益阳市,益鑫泰路85号,112.3712,28.5764,2025-03-15T1100,,,,,,,,,
银川市,贺兰山马莲口,105.9512,38.6016,2025-03-15T1100,,,,,,,,,
银川市,学院路,106.1358,38.5036,2025-03-15T1100,19,86,0.6,8,4,77,84,68,颗粒物(PM10)
银川市,水乡路,106.2266,38.4418,2025-03-15T1100,14,79,0.3,8,6,88,93,65,颗粒物(PM10)
银川市,上海东路,106.2757,38.4842,2025-03-15T1100,13,43,0.2,1,5,89,90,43,
银川市,文昌北街,106.1015,38.497,2025-03-15T1100,19,56,0.4,8,4,90,94,53,颗粒物(PM10)
银川市,滨河新区,106.5105,38.3856,2025-03-15T1100,8,68,0.4,4,3,94,74,59,颗粒物(PM10)
银川市,广场西路,106.2264,38.4920,2025-03-15T1100,7,34,0.3,6,1,93,94,34,
鹰潭市,龙虎山,116.9822,28.1136,2025-03-15T1100,,,,,,,,,
鹰潭市,新监测站,117.0564,28.2642,2025-03-15T1100,3,13,0.5,14,10,33,31,13,
鹰潭市,财苑宾馆,117.0311,28.2475,2025-03-15T1100,12,16,0.4,12,8,34,34,18,
鹰潭市,体育馆,117.0222,28.2264,2025-03-15T1100,22,,0.3,21,10,29,30,32,
鹰潭市,三川水表,117.0017,28.2131,2025-03-15T1100,13,21,0.3,22,10,25,26,21,
营口市,大庆路,122.2703,40.7094,2025-03-15T1100,30,55,0.1,14,7,83,69,53,颗粒物(PM10)
营口市,镜湖西路,122.2150,40.6511,2025-03-15T1100,28,51,0.5,9,6,76,65,51,颗粒物(PM10)
营口市,西炮台,122.1658,40.6789,2025-03-15T1100,27,47,0.4,13,7,69,59,47,
营口市,鲅鱼圈市民活动中心,122.1139,40.2278,2025-03-15T1100,48,91,0.7,22,14,76,56,71,颗粒物(PM10)
营口市,三高中,122.2469,40.66302,2025-03-15T1100,29,52,0.4,18,7,68,58,51,颗粒物(PM10)
营口市,老边实验小学,122.3622,40.6762,2025-03-15T1100,41,78,0.9,15,7,,60,,
永州市,零陵南津渡,111.6217,26.2081,2025-03-15T1100,11,31,0.6,4,7,57,71,31,
永州市,市环境监测站,111.6156,26.4214,2025-03-15T1100,15,18,0.4,,5,45,62,,
永州市,零陵区环保局,111.6236,26.2331,2025-03-15T1100,13,15,0.5,14,3,47,64,19,
永州市,永州市环保局,111.5992,26.4364,2025-03-15T1100,14,14,0.4,9,5,49,63,20,
永州市,冷水滩区环保局,111.5989,26.4519,2025-03-15T1100,14,18,0.6,11,4,49,63,20,
榆林市,红石峡森林公园,109.7414,38.3344,2025-03-15T1100,,,,,,,,,
榆林市,世纪广场,109.7456,38.2911,2025-03-15T1100,10,29,0.3,10,4,75,63,29,
榆林市,实验中学,109.7289,38.2839,2025-03-15T1100,6,28,0.4,6,7,77,66,28,
榆林市,环保监测大楼,109.7336,38.2478,2025-03-15T1100,7,25,0.4,10,6,80,68,25,
玉林市,寒山水库,110.1106,22.7019,2025-03-15T1100,11,17,0.7,5,4,21,13,17,
玉林市,南江一中,110.1433,22.6164,2025-03-15T1100,11,11,1.0,14,3,18,20,16,
玉林市,玉林师范学院东校区,110.1945,22.6831,2025-03-15T1100,9,13,0.9,10,2,22,20,13,
玉林市,福绵环保局,110.0527,22.5893,2025-03-15T1100,12,14,1.1,15,3,20,21,18,
玉林市,人民东路196号,110.1680,22.6410,2025-03-15T1100,6,12,1.4,10,3,15,22,14,
玉树藏族自治州,玉树县结古镇,97,33.0014,2025-03-15T1100,7,24,0.3,1,6,92,86,29,
玉溪市,东风水库,102.575,24.3711,2025-03-15T1100,39,54,0.7,24,8,70,62,55,细颗粒物(PM2.5)
玉溪市,玉溪一中,102.5389,24.3703,2025-03-15T1100,50,87,1.1,37,13,54,44,69,"颗粒物(PM10),细颗粒物(PM2.5)"
玉溪市,文体中心,102.5381,24.3389,2025-03-15T1100,51,95,1.0,35,9,48,60,73,颗粒物(PM10)
岳阳市,城陵矶,113.1493,29.4251,2025-03-15T1100,24,34,0.4,15,4,55,55,35,
岳阳市,开发区,113.1497,29.3575,2025-03-15T1100,26,33,0.4,20,4,55,56,38,
岳阳市,云溪区,113.2621,29.4758,2025-03-15T1100,14,26,0.3,16,6,68,64,26,
岳阳市,君山区,112.9943,29.4402,2025-03-15T1100,21,27,0.4,16,8,63,61,30,
岳阳市,金凤水库,113.2117,29.355,2025-03-15T1100,18,28,,18,4,60,58,,
岳阳市,求索西路365号,113.1088,29.3531,2025-03-15T1100,15,21,0.5,9,3,55,54,22,
云浮市,新市府,112.0392,22.9169,2025-03-15T1100,15,35,0.4,28,10,14,18,35,
云浮市,牧羊,112.0539,22.9539,2025-03-15T1100,11,32,0.5,24,9,22,15,32,
云浮市,文笔,112.0336,22.9374,2025-03-15T1100,21,53,0.6,36,11,13,20,52,颗粒物(PM10)
运城市,运城中学,110.9956,35.0147,2025-03-15T1100,21,40,0.6,12,6,68,82,40,
运城市,地区技校,110.9686,35.0303,2025-03-15T1100,17,43,0.7,5,4,72,77,43,
运城市,空港新区,111.0414,35.1147,2025-03-15T1100,26,84,0.7,14,6,64,65,67,颗粒物(PM10)
运城市,水利职院,111.0283,35.0547,2025-03-15T1100,32,34,0.7,12,6,68,69,46,
运城市,禹都公园,111.0522,35.0439,2025-03-15T1100,16,43,0.7,9,,70,73,,
枣庄市,市中区政府,117.558,34.8438,2025-03-15T1100,36,92,0.4,16,10,91,98,71,颗粒物(PM10)
枣庄市,薛城环保局,117.2852,34.7837,2025-03-15T1100,38,95,0.6,14,7,97,91,73,颗粒物(PM10)
枣庄市,峄城区政府,117.5852,34.7745,2025-03-15T1100,36,83,0.4,22,13,84,92,67,颗粒物(PM10)
枣庄市,台儿庄区环保局,117.7276,34.5578,2025-03-15T1100,31,75,0.8,28,8,69,70,63,颗粒物(PM10)
枣庄市,山亭区环保局,117.4518,35.0992,2025-03-15T1100,32,78,0.5,8,7,101,99,64,颗粒物(PM10)
枣庄市,市环保局,117.3152,34.8103,2025-03-15T1100,36,83,0.4,15,6,90,93,67,颗粒物(PM10)
湛江市,湛江影剧院,110.3539,21.2706,2025-03-15T1100,14,23,0.4,14,6,24,34,23,
湛江市,市环境监测站,110.3928,21.2228,2025-03-15T1100,14,21,0.4,12,6,22,32,21,
湛江市,环保局宿舍,110.4019,21.1997,2025-03-15T1100,17,17,0.5,12,7,20,33,25,
湛江市,霞山游泳场,110.4111,21.2028,2025-03-15T1100,19,20,0.5,13,7,22,34,28,
湛江市,麻章区环保局,110.3316,21.2679,2025-03-15T1100,19,26,0.6,14,7,23,32,28,
湛江市,坡头区环保局,110.4558,21.2567,2025-03-15T1100,11,21,0.3,10,6,32,36,21,
张家界市,永定新区,110.5319,29.1217,2025-03-15T1100,35,,0.2,13,4,46,51,50,
张家界市,电业局,110.4697,29.1242,2025-03-15T1100,29,32,0.1,13,6,54,56,42,
张家界市,未央路,110.5594,29.3547,2025-03-15T1100,15,23,0.2,10,3,66,51,23,
张家界市,袁家界,110.4417,29.315,2025-03-15T1100,,,,,,,,,
张家口市,人民公园,114.8883,40.8336,2025-03-15T1100,13,14,0.3,3,3,88,80,28,
张家口市,五金库,114.8687,40.8042,2025-03-15T1100,12,22,0.6,6,2,79,74,25,
张家口市,世纪豪园,114.8902,40.762,2025-03-15T1100,12,17,0.4,1,5,86,79,27,
张家口市,北泵房,114.8916,40.8661,2025-03-15T1100,20,,0.2,2,4,91,81,29,
张家口市,烟厂,114.879,40.7993,2025-03-15T1100,9,21,0.4,4,3,83,76,26,
张家口市,青少年活动中心,115.2773,40.9724,2025-03-15T1100,11,18,0.4,6,5,88,84,28,
张掖市,润泉湖,100.4698,38.9524,2025-03-15T1100,18,28,0.5,7,6,77,78,28,
张掖市,区工会,100.4154,38.9422,2025-03-15T1100,,,0.6,,15,,79,,
漳州市,九湖,117.6336,24.4674,2025-03-15T1100,,,,,,,,,
漳州市,蓝田镇,117.7116,24.506,2025-03-15T1100,32,53,0.7,34,2,,45,,
漳州市,漳州党校,114.6622,24.5183,2025-03-15T1100,31,54,0.8,32,4,19,36,52,颗粒物(PM10)
漳州市,西洋坪路,117.6296,24.5314,2025-03-15T1100,20,31,0.9,27,3,22,38,31,
昭通市,监测站,103.7667,27.3736,2025-03-15T1100,19,,0.6,11,7,64,65,28,
昭通市,环东路146号,103.7247,27.3415,2025-03-15T1100,17,,0.5,15,6,57,58,25,
肇庆市,睦岗子站,112.4267,23.0706,2025-03-15T1100,12,19,0.8,26,7,38,19,19,
肇庆市,城中子站,112.4645,23.0475,2025-03-15T1100,11,17,0.8,22,8,42,29,17,
肇庆市,坑口子站,112.5544,23.1522,2025-03-15T1100,9,15,0.7,24,6,25,22,15,
肇庆市,七星岩子站,112.4753,23.1,2025-03-15T1100,11,17,0.6,21,7,36,24,17,
肇庆市,高要湖西,112.4575,23.0166,2025-03-15T1100,15,37,0.6,32,5,29,30,37,
肇庆市,鼎湖凤凰,112.5617,23.2083,2025-03-15T1100,13,22,0.7,30,11,27,24,22,
镇江市,新区办事处,119.6707,32.1875,2025-03-15T1100,21,35,0.4,12,4,96,94,35,
镇江市,职教中心,119.4974,32.1968,2025-03-15T1100,23,33,0.3,11,3,92,84,33,
镇江市,丹徒区监测站,119.4303,32.1328,2025-03-15T1100,24,36,0.5,18,4,95,89,36,
镇江市,市疾控中心,119.4424,32.1873,2025-03-15T1100,19,33,0.4,16,3,95,86,33,
镇江市,富润路1号,119.3842,32.1976,2025-03-15T1100,19,34,0.4,9,4,98,89,34,
郑州市,烟厂,113.69031,34.76122,2025-03-15T1100,44,108,0.9,25,9,56,47,79,颗粒物(PM10)
郑州市,郑纺机,113.65724,34.77134,2025-03-15T1100,50,106,0.8,33,13,55,43,78,颗粒物(PM10)
郑州市,银行学校,113.67526,34.80246,2025-03-15T1100,50,95,0.8,27,9,54,41,73,颗粒物(PM10)
郑州市,供水公司,113.56746,34.81334,2025-03-15T1100,52,103,0.7,30,8,53,43,77,颗粒物(PM10)
郑州市,经开区管委,113.7329,34.7178,2025-03-15T1100,48,92,0.6,24,9,54,44,71,颗粒物(PM10)
郑州市,四十七中,113.73961,34.77172,2025-03-15T1100,47,90,0.8,29,7,52,43,70,颗粒物(PM10)
郑州市,河医大,113.64164,34.7525,2025-03-15T1100,51,107,1.0,30,11,52,41,79,颗粒物(PM10)
郑州市,岗李水库,113.51488,34.91089,2025-03-15T1100,,,,,,,,,
郑州市,惠济区政府,113.616563,34.86783,2025-03-15T1100,49,105,0.8,34,13,48,41,78,颗粒物(PM10)
郑州市,北区建设指挥部,113.8374,34.5589,2025-03-15T1100,36,76,0.8,22,7,74,53,63,颗粒物(PM10)
郑州市,上街区政府,113.30952,34.803229,2025-03-15T1100,57,111,0.8,28,12,49,47,81,颗粒物(PM10)
郑州市,计划路2号,113.6051,34.7552,2025-03-15T1100,45,107,0.9,41,10,56,44,79,颗粒物(PM10)
中山市,华柏园,113.3769,22.5211,2025-03-15T1100,13,39,0.6,25,5,39,62,39,
中山市,张溪,113.3881,22.5497,2025-03-15T1100,20,37,0.5,22,2,38,56,37,
中山市,紫马岭,113.4075,22.5111,2025-03-15T1100,18,34,0.4,22,6,36,57,34,
中山市,长江旅游区,113.4411,22.4853,2025-03-15T1100,15,18,0.5,18,5,37,59,22,
中山市,中山南区,113.3528,22.478,2025-03-15T1100,14,27,0.4,21,3,42,60,27,
中卫市,沙坡头消防站,105.0025,37.4635,2025-03-15T1100,,,,,,,,,
中卫市,环保局站,105.1971,37.5002,2025-03-15T1100,16,66,0.3,4,5,90,78,58,颗粒物(PM10)
中卫市,沙坡头区政府站,105.1698,37.5162,2025-03-15T1100,13,58,0.3,5,7,90,77,54,颗粒物(PM10)
重庆市,缙云山,106.3787,29.8279,2025-03-15T1100,16,24,0.6,15,6,60,65,24,
重庆市,天生,106.4213,29.8253,2025-03-15T1100,23,30,0.6,14,8,48,37,33,
重庆市,两路,106.6263,29.7228,2025-03-15T1100,27,41,0.7,31,7,32,24,41,
重庆市,虎溪,106.2953,29.5983,2025-03-15T1100,17,34,0.3,31,5,31,29,34,
重庆市,南坪,106.5777,29.5102,2025-03-15T1100,32,48,0.5,30,6,26,15,48,
重庆市,唐家沱,106.6556,29.6277,2025-03-15T1100,35,36,0.6,20,7,30,11,50,
重庆市,茶园,106.6349,29.4906,2025-03-15T1100,35,46,0.7,23,6,37,24,50,
重庆市,白市驿,106.3754,29.4572,2025-03-15T1100,19,29,0.8,35,7,24,20,29,
重庆市,空港,106.6205,29.7166,2025-03-15T1100,25,34,0.7,30,8,33,31,36,
重庆市,礼嘉,106.5616,29.6453,2025-03-15T1100,24,29,0.7,29,8,38,35,35,
重庆市,蔡家,106.4522,29.7091,2025-03-15T1100,23,25,0.7,27,6,42,30,33,
重庆市,鱼新街,106.5093,29.3917,2025-03-15T1100,20,38,0.6,29,4,36,19,38,
重庆市,歇台子,106.4958,29.5346,2025-03-15T1100,26,30,0.7,41,6,24,25,38,
重庆市,龙井湾,106.4037,29.5728,2025-03-15T1100,12,22,0.6,16,6,45,53,22,
重庆市,龙洲湾,106.5507,29.4153,2025-03-15T1100,24,33,0.4,16,5,47,21,35,
重庆市,上清寺,106.5468,29.5654,2025-03-15T1100,27,41,0.8,32,6,17,13,41,
重庆市,安康,108.3872,31.1628,2025-03-15T1100,28,34,0.6,13,6,19,6,40,
重庆市,北山路,105.9017,29.3569,2025-03-15T1100,16,35,0.7,15,4,58,48,35,
重庆市,滩子口,106.6479,29.0244,2025-03-15T1100,30,43,0.6,24,13,35,23,43,
重庆市,棠香,105.7167,29.7076,2025-03-15T1100,13,16,0.6,9,6,50,52,19,
重庆市,桃源西路,107.0732,29.8617,2025-03-15T1100,24,39,0.6,16,6,30,29,39,
重庆市,迎宾大道,107.3535,29.7287,2025-03-15T1100,17,37,0.5,16,6,33,24,37,
重庆市,舟白,108.815,29.5081,2025-03-15T1100,24,25,0.3,12,5,60,56,35,
重庆市,周家坝,108.3679,30.8426,2025-03-15T1100,35,,0.6,31,11,15,5,50,
重庆市,百安坝,108.4319,30.7555,2025-03-15T1100,19,24,0.5,25,9,29,23,28,
重庆市,芙蓉中路,107.7541,29.3277,2025-03-15T1100,21,28,0.7,36,5,9,4,30,
重庆市,西山,108.7661,29.5368,2025-03-15T1100,,,,12,5,60,46,,
重庆市,行政中心,106.2628,29.32,2025-03-15T1100,,,,,,,,,
重庆市,书院路,106.2649,29.9851,2025-03-15T1100,12,13,0.7,20,16,40,32,18,
重庆市,虎峰,106.2339,29.5559,2025-03-15T1100,42,,0.5,26,11,35,30,59,细颗粒物(PM2.5)
重庆市,龙门街,106.0499,29.8342,2025-03-15T1100,14,25,0.5,18,7,43,36,25,
重庆市,昌元,105.5933,29.4105,2025-03-15T1100,30,33,0.5,16,3,39,39,43,
重庆市,双山路147号,106.4686,29.4893,2025-03-15T1100,18,41,0.4,44,8,26,29,41,
重庆市,桃园路24号,105.8340,30.1886,2025-03-15T1100,9,15,0.6,14,10,51,39,16,
重庆市,钟楼街32号,107.0910,29.1540,2025-03-15T1100,20,40,0.6,26,7,31,28,40,
重庆市,人民南路309号,107.8043,30.6735,2025-03-15T1100,20,36,0.2,15,7,54,27,36,
舟山市,定海檀枫,122.122,30.0203,2025-03-15T1100,3,6,0.6,18,5,70,68,22,
舟山市,临城新区,122.19,29.9944,2025-03-15T1100,3,9,0.6,10,3,78,77,25,
舟山市,普陀东港中学,122.3123,29.9619,2025-03-15T1100,3,10,0.5,8,5,83,81,26,
周口市,周口师范,114.6758,33.6347,2025-03-15T1100,64,100,0.7,18,3,49,54,87,细颗粒物(PM2.5)
周口市,市运管处,114.6546,33.5979,2025-03-15T1100,,,,,,,,,
周口市,川汇区环保局,114.6369,33.6406,2025-03-15T1100,62,111,0.7,21,8,48,48,84,细颗粒物(PM2.5)
周口市,七一路,114.6701,33.6167,2025-03-15T1100,73,105,0.6,17,4,48,57,98,细颗粒物(PM2.5)
株洲市,天台山庄,113.135,27.8244,2025-03-15T1100,19,,0.5,20,4,48,45,28,
株洲市,株冶医院,113.095,27.8867,2025-03-15T1100,20,,0.4,14,7,50,45,29,
株洲市,市四中,113.167,27.8667,2025-03-15T1100,20,21,0.6,14,2,51,46,29,
株洲市,火车站,113.143,27.8381,2025-03-15T1100,20,20,0.5,17,5,50,46,29,
株洲市,市监测站,113.13,27.8528,2025-03-15T1100,24,,0.4,17,4,49,46,35,
株洲市,大京风景区,113.251,27.8336,2025-03-15T1100,14,20,0.0,11,6,53,47,20,
株洲市,云田中学,113.1817,27.9958,2025-03-15T1100,18,,0.5,16,6,51,46,26,
珠海市,吉大,113.5814,22.2618,2025-03-15T1100,15,16,0.4,30,7,44,57,22,
珠海市,前山,113.4881,22.2335,2025-03-15T1100,14,,0.5,29,6,47,53,20,
珠海市,唐家,113.628,22.4251,2025-03-15T1100,15,17,0.3,24,5,41,48,22,
珠海市,斗门,113.299,22.2281,2025-03-15T1100,17,34,0.2,16,5,49,62,34,
珠海市,金湾,113.3494,22.0569,2025-03-15T1100,21,,0.4,11,6,67,62,30,
珠海市,横琴,113.5433,22.1163,2025-03-15T1100,8,9,0.5,21,7,57,62,18,
驻马店市,市一纸厂,114.0189,32.9656,2025-03-15T1100,50,109,0.5,21,4,55,68,80,颗粒物(PM10)
驻马店市,市彩印厂,114.0114,33.015,2025-03-15T1100,65,118,0.6,23,4,49,60,88,细颗粒物(PM2.5)
驻马店市,小管楼,114.0012,33.0412,2025-03-15T1100,66,115,0.5,24,6,49,54,89,细颗粒物(PM2.5)
驻马店市,交通路1233号,113.9856,32.9802,2025-03-15T1100,76,113,0.5,24,6,48,62,102,细颗粒物(PM2.5)
资阳市,莲花山,104.6617,30.1372,2025-03-15T1100,18,30,0.2,11,5,61,54,30,
资阳市,资阳中学,104.6356,30.1506,2025-03-15T1100,18,27,0.5,9,2,70,56,27,
资阳市,四三一厂,104.6295,30.1383,2025-03-15T1100,17,39,0.6,24,5,56,54,39,
资阳市,师范校,104.6463,30.1146,2025-03-15T1100,26,29,0.6,16,2,63,52,38,
资阳市,区法院,104.6296,30.1256,2025-03-15T1100,19,34,0.4,16,5,58,53,34,
淄博市,人民公园,118.0414,36.8103,2025-03-15T1100,68,97,0.5,30,24,67,60,92,细颗粒物(PM2.5)
淄博市,双山,117.8525,36.4847,2025-03-15T1100,61,90,0.7,24,15,67,42,83,细颗粒物(PM2.5)
淄博市,气象站,117.9592,36.6331,2025-03-15T1100,,,,,,,81,,
淄博市,新区,117.9883,36.8372,2025-03-15T1100,58,90,1.0,33,23,62,51,79,细颗粒物(PM2.5)
淄博市,三金集团,117.8661,36.805,2025-03-15T1100,63,94,0.4,31,19,55,46,85,细颗粒物(PM2.5)
淄博市,东风化工厂,118.0253,36.8406,2025-03-15T1100,53,104,0.6,28,19,67,54,77,颗粒物(PM10)
淄博市,广场路1号,118.3039,36.8271,2025-03-15T1100,63,90,0.6,40,34,52,53,85,细颗粒物(PM2.5)
自贡市,檀木林体育馆,104.776,29.3627,2025-03-15T1100,15,23,0.4,12,6,57,46,23,
自贡市,南湖救助站,104.7894,29.3194,2025-03-15T1100,14,30,0.4,23,3,38,35,30,
自贡市,轻化工大学,104.7636,29.3338,2025-03-15T1100,18,36,0.7,18,3,,37,,
自贡市,贡兴路74号,104.7143,29.3386,2025-03-15T1100,14,25,0.4,13,4,49,40,25,
遵义市,丁字口,106.9222,27.6869,2025-03-15T1100,17,,0.6,20,11,48,42,25,
遵义市,凤凰山,106.9242,27.7019,2025-03-15T1100,22,31,0.7,17,6,52,47,32,
遵义市,忠庄,106.8906,27.6486,2025-03-15T1100,16,16,0.6,19,5,46,42,23,
遵义市,舟水桥,106.9231,27.6506,2025-03-15T1100,14,32,0.4,14,9,54,34,32,
遵义市,干田坝,106.9178,27.72,2025-03-15T1100,23,,0.5,14,6,,42,,
遵义市,遵南大道1161号,106.8609,27.5969,2025-03-15T1100,11,15,0.6,14,7,,45,,
