area,positionname,longitude,latitude,timepoint,pm2_5,pm10,co,no2,so2,o3,o3_8h,aqi,primarypollutant
阿坝藏族羌族自治州,州农科所,102.1879,31.914,2025-01-23T2300,13,37,1.0,14,5,53,69,37,
阿坝藏族羌族自治州,马师校,102.2502,31.8896,2025-01-23T2300,15,19,0.5,28,6,38,62,22,
阿坝藏族羌族自治州,马尔康中学西区,102.2165,31.9024,2025-01-23T2300,25,,0.5,16,5,35,71,36,
阿克苏地区,电视台,80.292,41.1694,2025-01-23T2300,54,89,0.8,34,6,42,64,74,细颗粒物(PM2.5)
阿克苏地区,艺术中心,80.2613,41.1551,2025-01-23T2300,47,88,0.8,27,4,50,60,69,颗粒物(PM10)
阿拉善盟,西城区西花园,105.6467,38.8363,2025-01-23T2300,47,62,1.1,25,12,80,90,65,细颗粒物(PM2.5)
阿拉善盟,蒙二幼,105.6985,38.8411,2025-01-23T2300,37,71,1.2,25,11,83,83,61,颗粒物(PM10)
阿拉善盟,环保局新楼,105.724,38.8516,2025-01-23T2300,29,54,0.7,13,11,108,102,52,颗粒物(PM10)
阿勒泰地区,市站,88.1264,47.8517,2025-01-23T2300,6,,0.4,13,8,54,66,17,
阿里地区,阿里监测站,80.1161,32.5,2025-01-23T2300,6,,0.7,7,12,96,114,30,
阿里地区,阿里藏医院,80.0903,32.5028,2025-01-23T2300,3,7,0.6,1,5,97,98,31,
安康市,香溪洞,109.0318,32.6537,2025-01-23T2300,146,,1.1,17,9,94,116,195,细颗粒物(PM2.5)
安康市,汉滨区检察院,109.0072,32.6975,2025-01-23T2300,163,190,1.1,18,6,100,114,213,细颗粒物(PM2.5)
安康市,市邮政管理局,109.0325,32.6913,2025-01-23T2300,162,186,1.0,20,6,92,104,212,细颗粒物(PM2.5)
安庆市,环科院,117.0809,30.5177,2025-01-23T2300,111,133,1.0,26,7,30,106,145,细颗粒物(PM2.5)
安庆市,马山宾馆,117.0331,30.5119,2025-01-23T2300,108,121,1.0,25,8,32,109,142,细颗粒物(PM2.5)
安庆市,安庆大学,116.9896,30.6145,2025-01-23T2300,112,129,0.8,23,4,28,109,147,细颗粒物(PM2.5)
安庆市,市人大,117.0598,30.5351,2025-01-23T2300,111,129,1.0,31,8,32,107,145,细颗粒物(PM2.5)
安顺市,伍家关,105.9606,26.2611,2025-01-23T2300,,,,,,,120,,
安顺市,凤凰山,105.9408,26.2431,2025-01-23T2300,55,69,0.6,10,10,82,131,75,细颗粒物(PM2.5)
安顺市,金钟山,105.9439,26.2564,2025-01-23T2300,51,70,0.9,9,10,83,129,70,细颗粒物(PM2.5)
安顺市,娄家坡,105.8983,26.2481,2025-01-23T2300,54,65,0.8,9,6,88,126,74,细颗粒物(PM2.5)
安阳市,棉研所,114.4839,36.0621,2025-01-23T2300,140,152,1.2,48,12,20,63,186,细颗粒物(PM2.5)
安阳市,红庙街,114.3551,36.1017,2025-01-23T2300,114,125,0.9,30,10,43,66,149,细颗粒物(PM2.5)
安阳市,银杏小区,114.361,36.0681,2025-01-23T2300,94,,0.9,32,7,45,64,124,细颗粒物(PM2.5)
安阳市,信访局,114.3922,36.0878,2025-01-23T2300,86,106,0.7,30,6,47,65,114,细颗粒物(PM2.5)
安阳市,左辅环卫站,114.4705,36.0637,2025-01-23T2300,113,144,0.9,30,8,40,70,148,细颗粒物(PM2.5)
安阳市,安钢职工学校,114.2917,36.0949,2025-01-23T2300,112,168,1.1,71,11,22,66,147,细颗粒物(PM2.5)
鞍山市,深沟寺,123.044,41.1196,2025-01-23T2300,,73,1.2,34,11,25,53,,
鞍山市,太阳城,123.011,41.0931,2025-01-23T2300,64,86,1.2,51,10,18,53,87,细颗粒物(PM2.5)
鞍山市,太平,123.0485,41.1442,2025-01-23T2300,52,82,1.6,55,16,16,57,72,细颗粒物(PM2.5)
鞍山市,铁西三道街,122.9642,41.0971,2025-01-23T2300,127,175,1.9,64,34,8,46,168,细颗粒物(PM2.5)
鞍山市,明达新区,123.022,41.0821,2025-01-23T2300,69,96,1.1,51,13,20,58,93,细颗粒物(PM2.5)
鞍山市,千山,123.1289,41.0228,2025-01-23T2300,,,,,,,44,,
鞍山市,兴盛南路290号,122.9446,41.0826,2025-01-23T2300,101,155,1.9,62,16,9,39,133,细颗粒物(PM2.5)
巴彦淖尔市,附二中,107.4212,40.761,2025-01-23T2300,55,108,0.9,40,16,35,55,79,颗粒物(PM10)
巴彦淖尔市,市环保大楼,107.37,40.7372,2025-01-23T2300,78,97,0.7,50,13,32,60,104,细颗粒物(PM2.5)
巴音郭楞蒙古自治州,孔雀公园,86.1472,41.7538,2025-01-23T2300,70,100,1.1,44,6,53,84,94,细颗粒物(PM2.5)
巴音郭楞蒙古自治州,棉纺厂,86.1972,41.7166,2025-01-23T2300,13,171,0.3,18,2,78,88,111,颗粒物(PM10)
巴音郭楞蒙古自治州,经济开发区,86.2357,41.7173,2025-01-23T2300,12,163,0.3,7,3,87,102,107,颗粒物(PM10)
巴中市,苏山坪,106.7677,31.8794,2025-01-23T2300,50,60,0.7,5,3,76,66,69,细颗粒物(PM2.5)
巴中市,丽阳花园,106.7656,31.8545,2025-01-23T2300,179,208,2.2,32,5,4,4,229,细颗粒物(PM2.5)
巴中市,圣泉水务公司,106.7418,31.8654,2025-01-23T2300,110,117,1.6,34,5,4,4,144,细颗粒物(PM2.5)
巴中市,市中心医院,106.7616,31.8344,2025-01-23T2300,175,204,2.3,34,5,4,4,225,细颗粒物(PM2.5)
白城市,洮北区环保局,122.7911,45.6077,2025-01-23T2300,161,,1.1,46,6,24,59,211,细颗粒物(PM2.5)
白城市,市环保局,122.8738,45.5725,2025-01-23T2300,146,166,1.1,52,3,17,58,195,细颗粒物(PM2.5)
白山市,喜丰,126.4219,41.9171,2025-01-23T2300,43,96,0.9,43,34,28,73,73,颗粒物(PM10)
白山市,环保局,126.4077,41.9419,2025-01-23T2300,44,73,0.8,14,10,36,64,62,"颗粒物(PM10),细颗粒物(PM2.5)"
白银市,第三小学,104.1724,36.5446,2025-01-23T2300,95,117,1.7,50,75,29,76,125,细颗粒物(PM2.5)
白银市,动力公司,104.1465,36.5482,2025-01-23T2300,76,97,1.3,27,16,63,88,102,细颗粒物(PM2.5)
百色市,市监测站,106.6103,23.9011,2025-01-23T2300,54,78,1.2,21,24,84,91,74,细颗粒物(PM2.5)
百色市,市中心血站,106.6538,23.8859,2025-01-23T2300,64,85,1.1,21,28,87,94,87,细颗粒物(PM2.5)
百色市,祈福高中,106.6085,23.8798,2025-01-23T2300,119,,1.2,24,16,81,97,156,细颗粒物(PM2.5)
蚌埠市,工人疗养院,117.396,32.939,2025-01-23T2300,87,108,0.8,30,4,33,53,115,细颗粒物(PM2.5)
蚌埠市,百货大楼,117.3605,32.9427,2025-01-23T2300,80,102,0.5,24,4,38,50,107,细颗粒物(PM2.5)
蚌埠市,蚌埠学院,117.4185,32.8911,2025-01-23T2300,80,95,0.6,55,12,15,53,107,细颗粒物(PM2.5)
蚌埠市,淮上区政府,117.3533,32.9673,2025-01-23T2300,91,102,0.8,22,7,38,52,120,细颗粒物(PM2.5)
蚌埠市,高新区,117.3145,32.8977,2025-01-23T2300,73,80,0.8,32,6,42,51,98,细颗粒物(PM2.5)
蚌埠市,蚌埠田家炳中学,117.3092,32.9314,2025-01-23T2300,79,98,0.5,25,5,38,54,105,细颗粒物(PM2.5)
包头市,市环境监测站,109.8756,40.6532,2025-01-23T2300,128,212,2.6,94,29,8,50,169,细颗粒物(PM2.5)
包头市,包头八中,109.9991,40.5842,2025-01-23T2300,134,188,2.1,83,27,7,51,178,细颗粒物(PM2.5)
包头市,青山宾馆,109.8538,40.6821,2025-01-23T2300,130,211,2.6,89,22,6,42,172,细颗粒物(PM2.5)
包头市,惠龙物流,109.8642,40.6288,2025-01-23T2300,142,212,2.7,102,30,8,63,189,细颗粒物(PM2.5)
包头市,东河鸿龙湾,110.0377,40.5546,2025-01-23T2300,136,218,2.3,94,26,9,57,180,细颗粒物(PM2.5)
包头市,滨河大厦,109.9154,40.5685,2025-01-23T2300,108,163,2.2,95,28,6,70,142,细颗粒物(PM2.5)
包头市,包头市委党校,109.9447,40.6261,2025-01-23T2300,67,174,1.7,83,17,7,49,112,颗粒物(PM10)
包头市,昆区政府,109.8331,40.6576,2025-01-23T2300,138,212,2.8,98,33,6,48,183,细颗粒物(PM2.5)
宝鸡市,庙沟村,107.185,34.3063,2025-01-23T2300,151,175,1.3,37,10,58,75,201,细颗粒物(PM2.5)
宝鸡市,竹园沟,107.0708,34.3017,2025-01-23T2300,143,182,1.3,40,11,61,60,190,细颗粒物(PM2.5)
宝鸡市,三陆医院,107.1906,34.3672,2025-01-23T2300,160,172,1.5,37,10,63,81,210,细颗粒物(PM2.5)
宝鸡市,监测站,107.1431,34.3547,2025-01-23T2300,152,180,1.4,32,12,61,71,202,细颗粒物(PM2.5)
宝鸡市,技工学校,107.1186,34.3739,2025-01-23T2300,159,169,1.4,31,10,62,65,209,细颗粒物(PM2.5)
宝鸡市,陈仓区环保局家属楼,107.3906,34.3528,2025-01-23T2300,154,175,1.3,33,12,63,87,204,细颗粒物(PM2.5)
宝鸡市,文理学院,107.2058,34.3497,2025-01-23T2300,151,177,1.3,33,11,66,87,201,细颗粒物(PM2.5)
宝鸡市,三迪小学,107.2386,34.3622,2025-01-23T2300,155,172,1.4,29,12,62,78,205,细颗粒物(PM2.5)
保定市,游泳馆,115.493,38.8632,2025-01-23T2300,68,98,1.4,72,10,8,63,92,细颗粒物(PM2.5)
保定市,华电二区,115.5213,38.8959,2025-01-23T2300,86,100,0.6,67,2,3,55,114,细颗粒物(PM2.5)
保定市,接待中心,115.4713,38.9108,2025-01-23T2300,70,91,0.7,67,4,12,54,94,细颗粒物(PM2.5)
保定市,地表水厂,115.4612,38.8416,2025-01-23T2300,76,109,0.9,80,4,17,77,102,细颗粒物(PM2.5)
保定市,满城区生态环境分局,115.31981,38.95208,2025-01-23T2300,100,129,1.3,71,11,13,64,132,细颗粒物(PM2.5)
保定市,清苑区第二中学,115.47694,38.76408,2025-01-23T2300,72,102,0.8,77,7,8,61,97,细颗粒物(PM2.5)
保定市,徐水物探局,115.62909,39.02311,2025-01-23T2300,53,64,0.8,70,10,14,65,73,细颗粒物(PM2.5)
保定市,双鹰农机,115.4202,38.8656,2025-01-23T2300,59,81,0.6,56,4,23,66,80,细颗粒物(PM2.5)
保定市,植保所站,115.5150,38.8590,2025-01-23T2300,65,87,1.0,71,8,4,40,88,细颗粒物(PM2.5)
保山市,市环境监测站,99.1678,25.1081,2025-01-23T2300,29,40,0.3,7,4,67,86,42,
保山市,市环保局,99.1711,25.1328,2025-01-23T2300,34,,0.3,4,6,74,88,49,
北海市,牛尾岭水库,109.2262,21.588,2025-01-23T2300,116,,0.7,,5,12,64,152,细颗粒物(PM2.5)
北海市,海滩公园,109.1436,21.4086,2025-01-23T2300,51,,0.9,15,6,85,124,70,细颗粒物(PM2.5)
北海市,新市环保局,109.0981,21.4661,2025-01-23T2300,39,44,0.6,17,5,88,111,55,细颗粒物(PM2.5)
北海市,北海工业园,109.1778,21.5233,2025-01-23T2300,71,80,0.8,15,7,77,117,95,细颗粒物(PM2.5)
北海市,龙潭自来水厂,109.1911,21.4415,2025-01-23T2300,49,50,0.8,10,5,78,114,68,细颗粒物(PM2.5)
北京市,万寿西宫,116.3621,39.8784,2025-01-23T2300,64,72,1.1,90,7,5,58,87,细颗粒物(PM2.5)
北京市,定陵,116.2202,40.2915,2025-01-23T2300,,,,,,,,,
北京市,东四,116.4174,39.9289,2025-01-23T2300,67,96,1.2,72,7,9,46,90,细颗粒物(PM2.5)
北京市,天坛,116.4072,39.8863,2025-01-23T2300,60,78,1.2,56,2,11,55,82,细颗粒物(PM2.5)
北京市,农展馆,116.462,39.9365,2025-01-23T2300,61,89,1.2,86,4,6,57,83,细颗粒物(PM2.5)
北京市,官园,116.3392,39.9295,2025-01-23T2300,78,111,1.1,79,7,3,55,104,细颗粒物(PM2.5)
北京市,海淀万柳,116.2878,39.9611,2025-01-23T2300,80,112,1.3,74,5,2,42,107,细颗粒物(PM2.5)
北京市,顺义新城,116.6636,40.135,2025-01-23T2300,76,106,0.9,56,1,17,48,102,细颗粒物(PM2.5)
北京市,怀柔镇,116.6275,40.3275,2025-01-23T2300,67,90,0.8,39,2,28,45,90,细颗粒物(PM2.5)
北京市,昌平镇,116.2296,40.217,2025-01-23T2300,65,96,1.2,60,2,13,34,88,细颗粒物(PM2.5)
北京市,奥体中心,116.3966,39.9821,2025-01-23T2300,80,119,1.1,83,5,2,26,107,细颗粒物(PM2.5)
北京市,延庆夏都,115.9718,40.4529,2025-01-23T2300,76,106,0.9,42,4,20,44,102,细颗粒物(PM2.5)
北京市,平谷新城,117.0709,40.1465,2025-01-23T2300,83,113,1.1,30,3,19,52,110,细颗粒物(PM2.5)
北京市,密云新城,116.8336,40.4095,2025-01-23T2300,68,99,0.6,33,3,36,58,92,细颗粒物(PM2.5)
北京市,门头沟三家店,116.088,39.9726,2025-01-23T2300,63,88,0.6,32,3,25,45,85,细颗粒物(PM2.5)
北京市,丰台云岗,116.1541,39.8204,2025-01-23T2300,62,92,0.6,39,5,32,62,84,细颗粒物(PM2.5)
北京市,通州东关,116.6804,39.9081,2025-01-23T2300,63,93,1.0,29,3,5,44,85,细颗粒物(PM2.5)
北京市,房山燕山,115.9577,39.7603,2025-01-23T2300,76,78,0.6,27,1,38,58,102,细颗粒物(PM2.5)
北京市,大兴旧宫,116.4672,39.7733,2025-01-23T2300,52,74,0.7,41,3,18,52,72,细颗粒物(PM2.5)
北京市,延庆石河营,115.986,40.4563,2025-01-23T2300,81,101,1.1,51,3,11,40,108,细颗粒物(PM2.5)
北京市,怀柔新城,116.6151,40.3053,2025-01-23T2300,72,129,0.7,31,1,30,43,97,细颗粒物(PM2.5)
北京市,丰台小屯,116.2545,39.8768,2025-01-23T2300,78,114,1.0,88,5,1,46,104,细颗粒物(PM2.5)
北京市,密云镇,116.84,40.3844,2025-01-23T2300,79,114,0.9,50,1,9,51,105,细颗粒物(PM2.5)
北京市,八角,116.1942,39.91583,2025-01-23T2300,58,91,1.1,72,1,6,52,79,细颗粒物(PM2.5)
本溪市,大峪,123.8275,41.3064,2025-01-23T2300,46,73,1.6,57,8,12,57,64,细颗粒物(PM2.5)
本溪市,溪湖,123.7567,41.3325,2025-01-23T2300,54,100,1.5,52,10,7,46,75,颗粒物(PM10)
本溪市,彩屯,123.7169,41.3094,2025-01-23T2300,84,106,1.5,44,10,14,40,112,细颗粒物(PM2.5)
本溪市,东明,123.7669,41.2864,2025-01-23T2300,75,112,2.0,62,10,5,38,100,细颗粒物(PM2.5)
本溪市,新立屯,123.7992,41.2664,2025-01-23T2300,33,61,1.4,57,18,14,51,56,颗粒物(PM10)
本溪市,威宁,123.8142,41.3472,2025-01-23T2300,56,118,1.3,45,3,9,55,84,颗粒物(PM10)
毕节市,八中,105.2864,27.3125,2025-01-23T2300,46,55,0.9,13,8,44,90,64,细颗粒物(PM2.5)
毕节市,师专,105.31,27.2944,2025-01-23T2300,52,62,1.0,15,7,41,91,72,细颗粒物(PM2.5)
毕节市,长征村,105.3631,27.3533,2025-01-23T2300,48,53,1.1,12,7,41,101,67,细颗粒物(PM2.5)
滨州市,第二水厂,118.0018,37.3617,2025-01-23T2300,75,105,0.8,35,29,34,56,100,细颗粒物(PM2.5)
滨州市,北中新校,117.9776,37.393,2025-01-23T2300,92,136,0.7,76,9,5,58,122,细颗粒物(PM2.5)
滨州市,中海酒店,117.9378,37.3956,2025-01-23T2300,75,114,0.8,65,7,22,64,100,细颗粒物(PM2.5)
滨州市,开发区一中,117.9378,37.3553,2025-01-23T2300,70,107,0.6,40,20,38,64,94,细颗粒物(PM2.5)
滨州市,金海六路,118.0917,37.694,2025-01-23T2300,44,61,0.6,31,4,39,62,62,细颗粒物(PM2.5)
滨州市,滨州市西街道办事处,117.9956,37.3753,2025-01-23T2300,88,102,0.8,35,20,32,60,117,细颗粒物(PM2.5)
亳州市,污水处理厂,115.8072,33.8399,2025-01-23T2300,110,158,1.1,30,6,11,39,144,细颗粒物(PM2.5)
亳州市,三国揽胜宫,115.7789,33.8518,2025-01-23T2300,111,185,1.1,33,3,22,41,145,细颗粒物(PM2.5)
亳州市,亳州学院,115.7633,33.8034,2025-01-23T2300,86,143,0.9,25,3,25,40,114,细颗粒物(PM2.5)
博尔塔拉蒙古自治州,市党校,82.0485,44.8556,2025-01-23T2300,17,26,0.3,18,5,72,82,26,
博尔塔拉蒙古自治州,市环保局,82.0806,44.8969,2025-01-23T2300,19,58,1.0,26,6,49,70,54,颗粒物(PM10)
沧州市,沧县城建局,116.8842,38.2991,2025-01-23T2300,47,67,0.6,59,5,13,55,65,细颗粒物(PM2.5)
沧州市,电视转播站,116.8584,38.3254,2025-01-23T2300,46,63,0.6,62,3,3,56,64,细颗粒物(PM2.5)
沧州市,市环保局,116.8709,38.3228,2025-01-23T2300,41,59,0.4,51,4,11,53,58,细颗粒物(PM2.5)
沧州市,河北水利电力学院,116.8136,38.3004,2025-01-23T2300,44,53,0.5,50,6,14,49,62,细颗粒物(PM2.5)
昌都市,昌都监测站,97.1806,31.1273,2025-01-23T2300,18,25,1.0,12,6,66,84,26,
昌都市,昌都会议中心,97.1714,31.1406,2025-01-23T2300,13,,0.4,3,4,72,86,,
昌吉回族自治州,天山天池,88.1236,43.8886,2025-01-23T2300,8,18,0.6,5,4,78,91,25,
昌吉回族自治州,新区政务中心,87.2717,44.0297,2025-01-23T2300,15,30,0.3,32,2,37,63,30,
昌吉回族自治州,亚心广场,87.3095,44.0142,2025-01-23T2300,19,24,0.2,7,4,62,74,28,
长春市,食品厂,125.3325,43.9166,2025-01-23T2300,102,103,0.9,64,11,15,48,134,细颗粒物(PM2.5)
长春市,客车厂,125.2863,43.9027,2025-01-23T2300,72,93,0.8,83,11,11,43,97,细颗粒物(PM2.5)
长春市,邮电学院,125.2841,43.8463,2025-01-23T2300,62,69,0.9,32,13,47,56,84,细颗粒物(PM2.5)
长春市,劳动公园,125.3716,43.8772,2025-01-23T2300,62,86,0.9,60,8,21,58,84,细颗粒物(PM2.5)
长春市,园林处,125.3297,43.8805,2025-01-23T2300,66,86,0.8,54,13,25,53,89,细颗粒物(PM2.5)
长春市,净月潭,125.4605,43.79,2025-01-23T2300,37,47,0.5,8,8,70,76,53,细颗粒物(PM2.5)
长春市,甩湾子,125.7194,43.515,2025-01-23T2300,,,,,,,,,
长春市,经开区环卫处,125.3863,43.8447,2025-01-23T2300,63,64,0.8,69,10,6,56,85,细颗粒物(PM2.5)
长春市,高新区管委会,125.245,43.7783,2025-01-23T2300,46,75,0.5,43,8,31,58,64,细颗粒物(PM2.5)
长春市,岱山公园,125.1761,43.8325,2025-01-23T2300,48,68,0.7,72,23,15,46,67,细颗粒物(PM2.5)
长沙市,经开区环保局,113.0833,28.2325,2025-01-23T2300,230,323,1.4,,5,41,57,280,细颗粒物(PM2.5)
长沙市,高开区环保局,112.8872,28.2189,2025-01-23T2300,223,305,1.4,29,7,51,60,273,细颗粒物(PM2.5)
长沙市,马坡岭,113.0792,28.2053,2025-01-23T2300,251,323,1.4,33,5,43,61,301,细颗粒物(PM2.5)
长沙市,湖南师范大学,112.9394,28.19,2025-01-23T2300,227,324,1.3,31,6,43,60,277,细颗粒物(PM2.5)
长沙市,雨花区环保局,113.0178,28.1322,2025-01-23T2300,240,288,1.5,37,8,43,62,290,细颗粒物(PM2.5)
长沙市,伍家岭,112.9792,28.2597,2025-01-23T2300,224,336,1.6,31,6,44,56,274,细颗粒物(PM2.5)
长沙市,火车新站,113.0014,28.1944,2025-01-23T2300,239,327,1.6,40,5,45,66,289,细颗粒物(PM2.5)
长沙市,天心区环保局,112.9844,28.1178,2025-01-23T2300,254,309,1.7,38,4,40,63,304,细颗粒物(PM2.5)
长沙市,湖南中医药大学,112.8908,28.1308,2025-01-23T2300,253,312,1.6,21,6,52,66,303,细颗粒物(PM2.5)
长沙市,沙坪,112.9581,28.3611,2025-01-23T2300,237,297,1.8,27,8,41,55,287,细颗粒物(PM2.5)
长治市,清华站,113.1147,36.1547,2025-01-23T2300,110,148,1.5,34,24,60,83,144,细颗粒物(PM2.5)
长治市,审计局,113.0886,36.2125,2025-01-23T2300,58,66,1.2,22,18,67,88,79,细颗粒物(PM2.5)
长治市,长治八中,113.0844,36.1856,2025-01-23T2300,73,92,1.4,26,19,56,87,98,细颗粒物(PM2.5)
长治市,德盛苑,113.1569,36.1911,2025-01-23T2300,66,78,1.5,27,15,59,89,89,细颗粒物(PM2.5)
长治市,向阳小学,113.06,36.0464,2025-01-23T2300,147,179,1.5,50,37,46,87,196,细颗粒物(PM2.5)
长治市,屯留一中,112.8792,36.3144,2025-01-23T2300,87,263,1.9,50,26,38,111,157,颗粒物(PM10)
长治市,英华南巷50号,113.1131,36.19948,2025-01-23T2300,63,69,1.4,33,19,68,98,85,细颗粒物(PM2.5)
长治市,学府街1号,113.2367,36.3344,2025-01-23T2300,51,74,1.7,39,32,42,79,70,细颗粒物(PM2.5)
常德市,市二中,111.6975,28.9703,2025-01-23T2300,199,225,1.1,20,6,41,68,249,细颗粒物(PM2.5)
常德市,白鹤山,111.7158,29.1456,2025-01-23T2300,,,,,,,,,
常德市,武陵区永安,111.7153,29.0289,2025-01-23T2300,192,251,0.9,27,7,44,70,242,细颗粒物(PM2.5)
常德市,鼎城区玉霞,111.6892,28.9881,2025-01-23T2300,188,238,1.3,25,3,45,71,238,细颗粒物(PM2.5)
常德市,武陵区长庚,111.6625,29.0531,2025-01-23T2300,187,247,1.0,25,5,45,63,237,细颗粒物(PM2.5)
常州市,市监测站,119.9633,31.762,2025-01-23T2300,38,63,1.0,33,8,53,66,57,颗粒物(PM10)
常州市,武进监测站,119.9468,31.7069,2025-01-23T2300,30,56,0.7,25,12,49,67,53,颗粒物(PM10)
常州市,安家,119.9255,31.9087,2025-01-23T2300,44,66,1.2,40,11,41,59,62,细颗粒物(PM2.5)
常州市,行政中心,119.9805,31.8174,2025-01-23T2300,39,55,0.9,28,14,39,51,55,细颗粒物(PM2.5)
常州市,经开区,120.0522,31.7748,2025-01-23T2300,37,67,1.4,27,8,55,72,59,颗粒物(PM10)
常州市,钟楼,119.9025,31.7964,2025-01-23T2300,42,60,1.3,30,8,45,60,59,细颗粒物(PM2.5)
常州市,武进经发区,119.8598,31.7066,2025-01-23T2300,30,48,0.8,29,6,54,70,48,
常州市,金坛城区,119.5826,31.7245,2025-01-23T2300,33,52,0.8,36,7,35,50,51,颗粒物(PM10)
朝阳市,西梁,120.4318,41.5881,2025-01-23T2300,120,125,1.6,63,21,15,54,158,细颗粒物(PM2.5)
朝阳市,河畔小区,120.4521,41.5646,2025-01-23T2300,98,136,1.6,55,10,13,51,129,细颗粒物(PM2.5)
朝阳市,八里堡,120.4176,41.5648,2025-01-23T2300,133,146,2.0,63,18,19,57,176,细颗粒物(PM2.5)
朝阳市,农业园区,120.3806,41.5969,2025-01-23T2300,118,140,1.6,57,16,10,53,155,细颗粒物(PM2.5)
潮州市,西园路,116.6367,23.6719,2025-01-23T2300,23,35,0.4,19,5,73,117,35,
潮州市,市政府,116.6183,23.6608,2025-01-23T2300,16,27,0.4,13,4,82,118,27,
潮州市,金山,116.6461,23.6761,2025-01-23T2300,27,36,0.6,20,6,68,114,39,
郴州市,马头岭,113.0073,25.9061,2025-01-23T2300,87,164,1.5,36,16,86,106,115,细颗粒物(PM2.5)
郴州市,市职中,113.0116,25.8226,2025-01-23T2300,103,132,1.3,24,12,78,116,135,细颗粒物(PM2.5)
郴州市,市审计局,113.0383,25.8071,2025-01-23T2300,98,118,1.2,26,9,66,110,129,细颗粒物(PM2.5)
郴州市,市环保局,113.0348,25.7759,2025-01-23T2300,111,129,1.1,35,14,64,104,145,细颗粒物(PM2.5)
郴州市,人民路派出所,113.0138,25.8011,2025-01-23T2300,99,115,1.1,25,13,98,131,130,细颗粒物(PM2.5)
成都市,金泉两河,103.9728,30.7236,2025-01-23T2300,147,163,1.1,48,3,2,12,196,细颗粒物(PM2.5)
成都市,十里店,104.176,30.6872,2025-01-23T2300,132,165,0.9,36,2,8,11,175,细颗粒物(PM2.5)
成都市,三瓦窑,104.079,30.5706,2025-01-23T2300,141,182,1.0,37,2,10,7,188,细颗粒物(PM2.5)
成都市,沙河铺,104.1114,30.63,2025-01-23T2300,139,162,1.1,34,5,20,14,185,细颗粒物(PM2.5)
成都市,君平街,104.0786,30.6531,2025-01-23T2300,153,,1.0,45,5,3,18,203,细颗粒物(PM2.5)
成都市,灵岩寺,103.613,31.0283,2025-01-23T2300,,,,,,,,,
成都市,大石西路,104.0239,30.65639,2025-01-23T2300,136,147,1.0,44,3,2,14,180,细颗粒物(PM2.5)
成都市,龙泉驿区区政府,104.2725,30.5589,2025-01-23T2300,190,219,1.4,42,3,3,32,240,细颗粒物(PM2.5)
成都市,金博路,104.0106,30.6931,2025-01-23T2300,131,155,1.0,42,2,3,11,173,细颗粒物(PM2.5)
成都市,华阳,104.0578,30.5225,2025-01-23T2300,158,188,1.2,39,3,9,8,208,细颗粒物(PM2.5)
成都市,青白江技师分院,104.3853,30.7453,2025-01-23T2300,164,180,1.0,26,4,10,11,214,细颗粒物(PM2.5)
成都市,科学城,104.0789,30.4072,2025-01-23T2300,173,209,1.2,33,4,6,24,223,细颗粒物(PM2.5)
成都市,光华大道三段,103.8506,30.6947,2025-01-23T2300,133,174,1.1,46,3,1,14,176,细颗粒物(PM2.5)
成都市,鲸龙路1057号,104.2433,30.5353,2025-01-23T2300,184,235,1.3,41,1,2,19,234,细颗粒物(PM2.5)
承德市,铁路,117.9531,40.9081,2025-01-23T2300,76,100,1.5,50,10,11,37,102,细颗粒物(PM2.5)
承德市,中国银行,117.9392,40.9763,2025-01-23T2300,88,141,1.8,55,4,3,38,117,细颗粒物(PM2.5)
承德市,开发区,117.9503,40.928,2025-01-23T2300,87,120,1.4,55,6,8,52,115,细颗粒物(PM2.5)
承德市,文化中心,117.8051,40.9655,2025-01-23T2300,86,143,1.4,67,8,4,38,114,细颗粒物(PM2.5)
承德市,离宫,117.9268,41.0026,2025-01-23T2300,105,124,1.5,53,5,14,39,138,细颗粒物(PM2.5)
池州市,池州学院,117.47,30.6618,2025-01-23T2300,83,94,1.0,44,8,17,73,110,细颗粒物(PM2.5)
池州市,展览馆,117.4918,30.6617,2025-01-23T2300,93,103,0.9,32,6,34,70,123,细颗粒物(PM2.5)
池州市,第八中学,117.5627,30.695,2025-01-23T2300,73,88,0.7,26,5,35,65,98,细颗粒物(PM2.5)
池州市,第十二中学,117.5038,30.6243,2025-01-23T2300,80,88,1.0,27,4,38,75,107,细颗粒物(PM2.5)
赤峰市,松山一中,118.9233,42.2816,2025-01-23T2300,52,99,1.4,54,18,14,36,75,颗粒物(PM10)
赤峰市,哈达街,118.9576,42.2728,2025-01-23T2300,54,81,1.4,82,166,8,31,74,细颗粒物(PM2.5)
赤峰市,天义路,118.8788,42.2554,2025-01-23T2300,48,74,0.9,37,18,26,31,67,细颗粒物(PM2.5)
赤峰市,银河街,119.2658,42.0353,2025-01-23T2300,63,97,0.8,25,23,38,46,85,细颗粒物(PM2.5)
赤峰市,桥北物流园区,118.9359,42.3147,2025-01-23T2300,68,,1.2,61,16,4,43,92,细颗粒物(PM2.5)
崇左市,市环保局江州分局,107.3476,22.4136,2025-01-23T2300,65,82,1.1,17,5,89,106,88,细颗粒物(PM2.5)
崇左市,城南新区,107.3702,22.3707,2025-01-23T2300,64,70,0.9,17,8,93,114,87,细颗粒物(PM2.5)
滁州市,老年大学,118.3093,32.3153,2025-01-23T2300,54,67,0.2,28,10,50,52,74,细颗粒物(PM2.5)
滁州市,人大宾馆,118.3244,32.2786,2025-01-23T2300,44,66,0.5,32,7,46,50,62,细颗粒物(PM2.5)
滁州市,市政府原办公楼,118.3118,32.3038,2025-01-23T2300,51,61,0.4,23,4,44,55,70,细颗粒物(PM2.5)
滁州市,图书馆,118.3267,32.2634,2025-01-23T2300,46,69,0.4,23,6,46,51,64,细颗粒物(PM2.5)
楚雄彝族自治州,州环境监测站,101.5482,25.0441,2025-01-23T2300,17,20,0.4,5,7,95,93,30,
楚雄彝族自治州,市经济开发区,101.538,25.0492,2025-01-23T2300,16,27,0.6,8,6,90,89,29,
达州市,达州职业技术学院,107.5277,31.2827,2025-01-23T2300,171,193,1.3,22,6,1,4,221,细颗粒物(PM2.5)
达州市,市环境监测站,107.5086,31.2186,2025-01-23T2300,163,191,1.6,43,11,4,6,213,细颗粒物(PM2.5)
达州市,凤凰小区,107.4988,31.2132,2025-01-23T2300,168,202,1.6,40,13,5,6,218,细颗粒物(PM2.5)
达州市,达县机关宾馆,107.5082,31.1986,2025-01-23T2300,166,197,2.0,51,12,4,6,216,细颗粒物(PM2.5)
达州市,市政中心,107.4644,31.2124,2025-01-23T2300,175,217,1.7,54,8,2,3,225,细颗粒物(PM2.5)
大理白族自治州,大理市环境监测站,100.1542,25.7054,2025-01-23T2300,31,,0.5,6,8,73,82,45,
大理白族自治州,大理古城,100.2171,25.5811,2025-01-23T2300,6,37,0.6,2,5,109,98,37,
大连市,甘井子,121.612,38.9741,2025-01-23T2300,10,22,0.4,16,8,70,71,22,
大连市,周水子,121.565,38.9511,2025-01-23T2300,24,27,0.9,37,12,37,65,35,
大连市,星海三站,121.5637,38.8845,2025-01-23T2300,12,18,0.5,15,7,67,79,21,
大连市,青泥洼桥,121.6302,38.9117,2025-01-23T2300,16,25,0.6,16,10,48,68,25,
大连市,傅家庄,121.6251,38.8638,2025-01-23T2300,6,12,0.4,6,8,74,77,24,
大连市,七贤岭,121.5213,38.8661,2025-01-23T2300,17,27,0.6,23,7,43,75,27,
大连市,旅顺,121.2529,38.8061,2025-01-23T2300,6,11,0.5,6,8,79,77,25,
大连市,金州,121.7485,39.1311,2025-01-23T2300,37,41,0.9,35,5,36,67,53,细颗粒物(PM2.5)
大连市,开发区,121.7811,39.0496,2025-01-23T2300,20,33,0.4,32,10,49,56,33,
大连市,双D港,121.9762,39.0631,2025-01-23T2300,6,9,0.6,9,7,80,84,25,
大庆市,大同区,124.81117,46.03138,2025-01-23T2300,138,148,1.4,48,12,36,58,183,细颗粒物(PM2.5)
大庆市,龙凤区,125.129,46.533,2025-01-23T2300,216,276,2.5,92,11,23,55,266,细颗粒物(PM2.5)
大庆市,红岗区,124.902,46.408,2025-01-23T2300,145,170,1.2,54,8,36,64,193,细颗粒物(PM2.5)
大庆市,萨尔图区,125.153,46.586,2025-01-23T2300,225,254,1.2,88,6,20,40,275,细颗粒物(PM2.5)
大庆市,让胡路区,124.9042,46.6215,2025-01-23T2300,117,132,1.3,78,7,23,35,153,细颗粒物(PM2.5)
大庆市,萨区政府监测点,125.141,46.634,2025-01-23T2300,197,228,1.3,74,5,15,33,247,细颗粒物(PM2.5)
大同市,果树场,113.3819,40.1097,2025-01-23T2300,,,,,,,,,
大同市,云冈宾馆,113.2994,40.0758,2025-01-23T2300,86,151,1.8,67,20,7,50,114,细颗粒物(PM2.5)
大同市,大同大学,113.3444,40.0917,2025-01-23T2300,60,109,1.2,62,26,15,56,82,细颗粒物(PM2.5)
大同市,安家小村,113.2661,40.1269,2025-01-23T2300,100,156,3.7,72,35,9,45,132,细颗粒物(PM2.5)
大同市,教育学院,113.2711,40.0844,2025-01-23T2300,112,212,2.3,82,27,4,36,147,细颗粒物(PM2.5)
大同市,大同市卫生学校,113.3397,40.0597,2025-01-23T2300,70,155,1.5,67,23,10,52,103,颗粒物(PM10)
大同市,云冈站,113.1367,40.1122,2025-01-23T2300,100,205,1.3,63,34,8,41,132,细颗粒物(PM2.5)
大同市,图书馆,113.1186,40.2556,2025-01-23T2300,87,140,1.9,48,14,8,41,115,细颗粒物(PM2.5)
大同市,区一中,113.5931,40.0461,2025-01-23T2300,87,162,1.2,36,26,54,60,115,细颗粒物(PM2.5)
大同市,魏都大道141号,113.2798,40.0997,2025-01-23T2300,92,191,2.6,76,29,3,42,122,细颗粒物(PM2.5)
大兴安岭地区,科技局,124.1069,50.4097,2025-01-23T2300,38,56,0.5,14,7,40,57,54,细颗粒物(PM2.5)
大兴安岭地区,红旗社区,124.1164,50.4278,2025-01-23T2300,55,68,1.0,32,7,18,51,75,细颗粒物(PM2.5)
丹东市,江湾东路,124.3303,40.0625,2025-01-23T2300,112,161,3.3,58,25,7,65,147,细颗粒物(PM2.5)
丹东市,临江后街,124.4256,40.1503,2025-01-23T2300,119,233,2.2,55,16,9,69,156,细颗粒物(PM2.5)
丹东市,元宝山,124.3933,40.1461,2025-01-23T2300,64,125,1.4,39,14,24,61,88,颗粒物(PM10)
丹东市,民主桥,124.3633,40.1092,2025-01-23T2300,85,126,2.1,61,15,6,65,113,细颗粒物(PM2.5)
儋州市,第一中学子站,109.5726,19.5167,2025-01-23T2300,27,55,0.7,5,5,76,100,53,颗粒物(PM10)
儋州市,东坡学校子站,109.5567,19.5187,2025-01-23T2300,26,49,0.6,6,6,82,106,49,
德宏傣族景颇族自治州,德宏州监测站,98.5842,24.428,2025-01-23T2300,48,66,1.1,41,6,25,96,67,细颗粒物(PM2.5)
德宏傣族景颇族自治州,芒市人民政府综合楼,98.5881,24.4368,2025-01-23T2300,32,54,0.6,14,4,48,85,52,颗粒物(PM10)
德阳市,东山公园,104.4239,31.1208,2025-01-23T2300,158,159,1.0,30,3,11,18,208,细颗粒物(PM2.5)
德阳市,西小区,104.3826,31.1317,2025-01-23T2300,157,169,1.2,37,4,4,14,207,细颗粒物(PM2.5)
德阳市,耐火材料厂,104.3553,31.1091,2025-01-23T2300,155,,1.1,33,4,5,13,205,细颗粒物(PM2.5)
德阳市,市教育局,104.4019,31.1244,2025-01-23T2300,150,,1.2,30,5,12,15,200,细颗粒物(PM2.5)
德州市,儿童乐园,116.3032,37.4674,2025-01-23T2300,146,202,1.6,75,11,6,48,195,细颗粒物(PM2.5)
德州市,监理站,116.2991,37.4451,2025-01-23T2300,149,193,1.6,74,19,10,54,199,细颗粒物(PM2.5)
德州市,九衢泉纯净水厂,116.2721,37.4379,2025-01-23T2300,158,205,1.5,70,20,7,50,208,细颗粒物(PM2.5)
德州市,开发区人民医院,116.3728,37.4403,2025-01-23T2300,146,193,1.2,,16,9,44,195,细颗粒物(PM2.5)
德州市,太阳城中学,116.3572,37.4094,2025-01-23T2300,136,161,1.1,52,16,23,51,180,细颗粒物(PM2.5)
德州市,陵城艺术中心,116.5652,37.3319,2025-01-23T2300,285,334,2.8,80,22,3,44,335,细颗粒物(PM2.5)
迪庆藏族自治州,迪庆州站,99.7056,27.8317,2025-01-23T2300,18,31,0.5,12,9,67,80,31,
迪庆藏族自治州,质量技术监督局,99.7136,27.8094,2025-01-23T2300,24,27,0.8,17,8,62,80,35,
定西市,东关小学,104.6241,35.5734,2025-01-23T2300,80,86,,26,11,22,54,107,细颗粒物(PM2.5)
定西市,供电公司,104.6194,35.5934,2025-01-23T2300,,,1.4,31,18,15,,,
东莞市,莞城梨川,113.7547,23.0494,2025-01-23T2300,33,53,0.8,40,5,58,100,52,颗粒物(PM10)
东莞市,东城石井,113.7944,23.0128,2025-01-23T2300,30,38,0.6,16,5,26,94,43,
东莞市,南城西平,113.7383,22.9658,2025-01-23T2300,68,,0.9,49,5,11,84,92,细颗粒物(PM2.5)
东莞市,万江金泰,113.7338,23.0381,2025-01-23T2300,32,51,0.4,26,3,67,105,51,颗粒物(PM10)
东莞市,南城元岭,113.7533,23.0202,2025-01-23T2300,38,54,0.8,32,5,48,94,54,细颗粒物(PM2.5)
东莞市,东城主山,113.7875,23.0457,2025-01-23T2300,28,44,0.6,49,6,37,83,44,
东营市,市环保局,118.6614,37.4309,2025-01-23T2300,41,58,0.6,27,10,48,64,58,细颗粒物(PM2.5)
东营市,开发区管委会,118.6904,37.4338,2025-01-23T2300,41,56,0.6,31,9,50,60,58,细颗粒物(PM2.5)
东营市,垦利区民丰路,118.5719,37.565,2025-01-23T2300,39,48,0.5,32,9,38,64,55,细颗粒物(PM2.5)
东营市,河口城区,118.5055,37.8612,2025-01-23T2300,32,51,0.9,33,3,40,73,51,颗粒物(PM10)
东营市,胜利站,118.4978,37.4623,2025-01-23T2300,48,75,1.0,44,8,30,57,67,细颗粒物(PM2.5)
东营市,理想之城,118.35,37.26,2025-01-23T2300,,,0.7,53,,33,70,,
鄂尔多斯市,综合楼,110.0023,39.8129,2025-01-23T2300,63,100,1.9,74,30,36,68,85,细颗粒物(PM2.5)
鄂尔多斯市,巴音孟克林场办事处,109.9486,39.8261,2025-01-23T2300,88,136,1.9,94,25,17,75,117,细颗粒物(PM2.5)
鄂尔多斯市,康泽苑,109.7736,39.5986,2025-01-23T2300,63,102,1.1,71,12,15,73,85,细颗粒物(PM2.5)
鄂尔多斯市,华泰汽车城,109.8119,39.5989,2025-01-23T2300,68,102,1.0,77,7,6,70,92,细颗粒物(PM2.5)
鄂尔多斯市,奥林花园,109.9734,39.7884,2025-01-23T2300,46,68,1.4,50,18,52,69,64,细颗粒物(PM2.5)
鄂州市,市政府,114.8938,30.3994,2025-01-23T2300,190,,1.6,42,9,17,53,240,细颗粒物(PM2.5)
鄂州市,赵家坝,114.8989,30.3714,2025-01-23T2300,189,209,1.3,33,7,23,84,239,细颗粒物(PM2.5)
鄂州市,精准医疗中心,114.8094,30.4089,2025-01-23T2300,178,,1.1,38,8,35,77,228,细颗粒物(PM2.5)
恩施土家族苗族自治州,湖北民院,109.4978,30.2981,2025-01-23T2300,99,101,1.1,56,7,4,10,130,细颗粒物(PM2.5)
恩施土家族苗族自治州,州电力总公司,109.4707,30.2798,2025-01-23T2300,95,97,1.3,52,8,11,16,125,细颗粒物(PM2.5)
恩施土家族苗族自治州,龙凤新区,109.5061,30.3772,2025-01-23T2300,77,94,1.6,26,6,6,8,103,细颗粒物(PM2.5)
防城港市,沙万,108.3411,21.6158,2025-01-23T2300,24,65,0.6,43,8,41,82,58,颗粒物(PM10)
防城港市,防城档案局,108.3514,21.7731,2025-01-23T2300,41,45,0.7,16,10,58,72,58,细颗粒物(PM2.5)
防城港市,大海花园,108.3506,21.6414,2025-01-23T2300,29,33,1.0,32,5,38,55,42,
佛山市,湾梁,113.1294,23.0067,2025-01-23T2300,30,85,0.6,53,6,30,72,68,颗粒物(PM10)
佛山市,华材职中,113.1083,23.0478,2025-01-23T2300,37,48,0.6,36,6,52,88,53,细颗粒物(PM2.5)
佛山市,南海气象局,113.144,23.0453,2025-01-23T2300,40,,0.8,32,6,40,72,57,细颗粒物(PM2.5)
佛山市,顺德苏岗,113.2881,22.8094,2025-01-23T2300,56,,0.9,41,7,7,70,77,细颗粒物(PM2.5)
佛山市,高明孔堂,112.8383,22.8678,2025-01-23T2300,39,47,0.6,28,3,22,99,55,细颗粒物(PM2.5)
佛山市,三水监测站,112.8836,23.1588,2025-01-23T2300,59,78,0.9,76,7,17,65,80,细颗粒物(PM2.5)
佛山市,三水云东海,112.867,23.185,2025-01-23T2300,59,69,1.0,50,6,4,102,80,细颗粒物(PM2.5)
佛山市,容桂街道办,113.2544,22.7642,2025-01-23T2300,58,68,0.8,59,6,15,74,79,细颗粒物(PM2.5)
福州市,鼓山,119.3903,26.0543,2025-01-23T2300,,,,,,,80,,
福州市,师大,119.2681,26.0504,2025-01-23T2300,23,37,0.4,18,3,70,113,37,
福州市,五四北路,119.2984,26.1028,2025-01-23T2300,18,19,0.5,16,1,78,107,26,
福州市,杨桥西路,119.2648,26.0768,2025-01-23T2300,18,29,0.4,17,1,76,111,29,
福州市,紫阳,119.317,26.0746,2025-01-23T2300,,,,,,,20,,
福州市,九龙,119.5799,26.0936,2025-01-23T2300,9,16,0.3,7,1,80,108,25,
福州市,吴航,119.5189,25.9664,2025-01-23T2300,10,16,0.4,8,3,90,109,29,
抚顺市,望花区,123.7977,41.8491,2025-01-23T2300,123,185,1.7,72,9,13,52,162,细颗粒物(PM2.5)
抚顺市,顺城区,123.9161,41.8822,2025-01-23T2300,110,177,1.7,65,10,14,58,144,细颗粒物(PM2.5)
抚顺市,东洲区,124.0436,41.8611,2025-01-23T2300,74,91,1.1,28,13,33,74,99,细颗粒物(PM2.5)
抚顺市,新抚区,123.9247,41.8642,2025-01-23T2300,111,155,1.5,55,6,13,61,145,细颗粒物(PM2.5)
抚顺市,大伙房水库,124.0972,41.8961,2025-01-23T2300,64,71,0.9,39,10,27,70,87,细颗粒物(PM2.5)
抚顺市,沈抚新城,123.7086,41.8391,2025-01-23T2300,106,125,1.4,63,7,11,51,139,细颗粒物(PM2.5)
抚州市,桐源党溪,116.2127,28.0814,2025-01-23T2300,44,67,0.5,2,2,64,102,62,细颗粒物(PM2.5)
抚州市,市站,116.3544,27.9831,2025-01-23T2300,51,75,0.7,18,6,103,104,70,细颗粒物(PM2.5)
抚州市,血防站,116.3565,27.963,2025-01-23T2300,54,81,1.1,14,11,101,117,74,细颗粒物(PM2.5)
抚州市,采茶剧团,116.3564,28.0007,2025-01-23T2300,49,69,1.4,11,10,92,102,68,细颗粒物(PM2.5)
抚州市,医学分院,116.385,27.9647,2025-01-23T2300,42,76,1.2,11,7,78,94,63,颗粒物(PM10)
阜新市,工业园区,121.6094,41.998,2025-01-23T2300,170,201,2.4,57,24,14,76,220,细颗粒物(PM2.5)
阜新市,长青街,121.6697,42.0279,2025-01-23T2300,133,166,1.7,52,39,20,67,176,细颗粒物(PM2.5)
阜新市,农业园区,121.6673,42.0705,2025-01-23T2300,80,120,1.1,26,65,49,69,107,细颗粒物(PM2.5)
阜新市,东苑,121.6717,42.0224,2025-01-23T2300,124,159,1.9,62,40,20,62,163,细颗粒物(PM2.5)
阜新市,玉龙新城,121.6506,42.0498,2025-01-23T2300,118,182,2.0,48,21,35,70,155,细颗粒物(PM2.5)
阜阳市,市监测站,115.8277,32.8929,2025-01-23T2300,86,114,0.7,35,5,8,43,114,细颗粒物(PM2.5)
阜阳市,开发区,115.8554,32.8605,2025-01-23T2300,88,132,0.7,23,6,14,40,117,细颗粒物(PM2.5)
阜阳市,阜阳职业技术学院,115.784,32.8892,2025-01-23T2300,88,126,0.7,23,6,13,40,117,细颗粒物(PM2.5)
阜阳市,市规划展馆,115.7901,32.8613,2025-01-23T2300,92,119,0.7,25,5,22,46,122,细颗粒物(PM2.5)
阜阳市,枣园社区,115.836,32.9183,2025-01-23T2300,89,110,0.8,32,6,8,51,118,细颗粒物(PM2.5)
甘南藏族自治州,州政府,102.9099,34.9841,2025-01-23T2300,44,80,0.9,28,20,38,71,65,颗粒物(PM10)
甘南藏族自治州,甘肃民族师范学院,102.8914,34.9617,2025-01-23T2300,30,64,0.7,26,7,46,78,57,颗粒物(PM10)
甘孜藏族自治州,水桥子,101.9603,30.0475,2025-01-23T2300,17,26,0.4,12,3,48,78,26,
甘孜藏族自治州,州环保局,101.9533,29.9972,2025-01-23T2300,16,17,0.6,7,4,61,83,23,
赣江新区,桑海产业园,115.8347,28.932,2025-01-23T2300,172,219,1.2,36,18,86,124,222,细颗粒物(PM2.5)
赣州市,通天岩,114.9017,25.9149,2025-01-23T2300,15,68,0.6,11,8,84,138,59,颗粒物(PM10)
赣州市,地委,114.9367,25.8664,2025-01-23T2300,47,74,1.3,19,2,82,130,65,细颗粒物(PM2.5)
赣州市,气象台,114.9461,25.8481,2025-01-23T2300,51,100,0.8,33,11,83,134,75,颗粒物(PM10)
赣州市,市图书馆,114.9322,25.8333,2025-01-23T2300,50,87,1.1,30,4,83,131,69,"颗粒物(PM10),细颗粒物(PM2.5)"
赣州市,华坚鞋城,114.8905,25.8471,2025-01-23T2300,44,78,0.6,30,8,83,124,64,颗粒物(PM10)
赣州市,赣县区卫计委,115.0093,25.8613,2025-01-23T2300,,,0.3,30,6,52,112,,
固原市,马园,106.2319,36.1417,2025-01-23T2300,170,210,1.6,34,8,75,88,220,细颗粒物(PM2.5)
固原市,监测站,106.2792,36.0022,2025-01-23T2300,170,177,1.4,28,7,84,101,220,细颗粒物(PM2.5)
固原市,新区,106.2375,36.0211,2025-01-23T2300,164,179,1.3,32,7,77,93,214,细颗粒物(PM2.5)
固原市,原州区十五小,106.2177,35.9959,2025-01-23T2300,156,205,1.7,50,9,73,92,206,细颗粒物(PM2.5)
广安市,小平旧居,106.6308,30.5278,2025-01-23T2300,,,,,,,,,
广安市,市委,106.6303,30.4576,2025-01-23T2300,218,,1.7,31,5,10,13,268,细颗粒物(PM2.5)
广安市,友谊中学,106.6271,30.4663,2025-01-23T2300,195,212,1.6,33,5,6,9,245,细颗粒物(PM2.5)
广安市,广电花园,106.6388,30.4551,2025-01-23T2300,201,216,1.7,33,4,5,7,251,细颗粒物(PM2.5)
广安市,北辰小学,106.6351,30.4865,2025-01-23T2300,187,219,1.7,32,7,5,10,237,细颗粒物(PM2.5)
广元市,黑石坡,105.8945,32.4535,2025-01-23T2300,43,70,1.1,33,5,2,0,60,"颗粒物(PM10),细颗粒物(PM2.5)"
广元市,老城,105.821,32.4444,2025-01-23T2300,62,84,0.8,16,3,55,18,84,细颗粒物(PM2.5)
广元市,监测站,105.8628,32.4287,2025-01-23T2300,79,,0.9,23,5,,22,105,细颗粒物(PM2.5)
广元市,经开区,105.8047,32.4166,2025-01-23T2300,74,,1.1,21,3,38,12,99,细颗粒物(PM2.5)
广州市,广雅中学,113.2347,23.1423,2025-01-23T2300,50,,1.0,47,4,38,88,69,细颗粒物(PM2.5)
广州市,市五中,113.2612,23.105,2025-01-23T2300,42,76,0.8,30,3,52,87,63,颗粒物(PM10)
广州市,广东商学院,113.3478,23.0916,2025-01-23T2300,38,48,1.1,44,3,37,85,54,细颗粒物(PM2.5)
广州市,市八十六中,113.4332,23.1047,2025-01-23T2300,43,65,0.7,74,3,23,76,60,细颗粒物(PM2.5)
广州市,番禺中学,113.3505,22.9483,2025-01-23T2300,52,63,0.9,57,3,28,82,72,细颗粒物(PM2.5)
广州市,花都师范,113.2146,23.3916,2025-01-23T2300,26,37,0.6,26,5,54,96,38,
广州市,市监测站,113.2597,23.1331,2025-01-23T2300,38,47,0.8,48,5,38,91,54,细颗粒物(PM2.5)
广州市,九龙镇镇龙,113.5618,23.312,2025-01-23T2300,24,33,0.6,22,3,67,94,35,
广州市,麓湖,113.2765,23.1544,2025-01-23T2300,36,50,1.0,65,2,9,89,52,细颗粒物(PM2.5)
广州市,帽峰山森林公园,113.443,23.3035,2025-01-23T2300,7,18,0.6,20,5,42,100,18,
广州市,体育西,113.3221,23.1322,2025-01-23T2300,44,59,1.0,31,5,30,85,62,细颗粒物(PM2.5)
广州市,从化街口,113.5717,23.5491,2025-01-23T2300,25,35,0.7,15,6,80,97,36,
广州市,白云竹料,113.3472,23.3692,2025-01-23T2300,43,68,0.8,32,6,40,100,60,细颗粒物(PM2.5)
广州市,白云嘉禾,113.2981,23.237,2025-01-23T2300,40,70,1.2,51,6,16,90,60,颗粒物(PM10)
广州市,黄埔科学城,113.4256,23.1716,2025-01-23T2300,49,73,0.7,48,5,13,79,68,细颗粒物(PM2.5)
广州市,番禺大学城,113.3942,23.0483,2025-01-23T2300,28,83,1.7,33,8,37,74,67,颗粒物(PM10)
广州市,南沙黄阁,113.4922,22.8168,2025-01-23T2300,60,,0.8,64,2,11,75,82,细颗粒物(PM2.5)
广州市,南沙街,113.5342,22.7896,2025-01-23T2300,55,,0.8,54,4,17,75,,
广州市,花都梯面,113.2902,23.5544,2025-01-23T2300,40,62,0.8,31,4,24,100,57,细颗粒物(PM2.5)
广州市,从化良口,113.7858,23.7478,2025-01-23T2300,24,32,0.6,13,5,57,98,35,
广州市,增城荔城,113.8051,23.2614,2025-01-23T2300,33,46,0.5,22,4,41,86,48,
贵港市,德智高中,109.568,23.1478,2025-01-23T2300,,,,,,,,,
贵港市,江南子站,109.6047,23.0666,2025-01-23T2300,99,139,1.2,50,6,30,89,130,细颗粒物(PM2.5)
贵港市,贵城子站,109.6014,23.0948,2025-01-23T2300,98,147,0.9,30,11,47,84,129,细颗粒物(PM2.5)
贵港市,荷城子站,109.5669,23.1065,2025-01-23T2300,85,102,0.9,27,12,55,85,113,细颗粒物(PM2.5)
贵港市,新世纪学校,109.5886,23.1172,2025-01-23T2300,93,110,1.1,32,5,63,96,123,细颗粒物(PM2.5)
贵阳市,马鞍山,106.6899,26.5998,2025-01-23T2300,17,34,0.8,14,1,32,73,34,
贵阳市,鉴湖路,106.6243,26.6266,2025-01-23T2300,39,44,0.5,13,6,58,104,55,细颗粒物(PM2.5)
贵阳市,燕子冲,106.7487,26.6343,2025-01-23T2300,31,31,0.7,13,5,78,74,45,
贵阳市,碧云窝,106.6555,26.4365,2025-01-23T2300,36,53,0.6,11,12,83,111,52,"颗粒物(PM10),细颗粒物(PM2.5)"
贵阳市,红边门,106.7109,26.6027,2025-01-23T2300,34,41,0.9,20,13,72,97,49,
贵阳市,新华路,106.7164,26.5699,2025-01-23T2300,31,34,0.4,8,110,77,108,45,
贵阳市,太慈桥,106.674,26.5424,2025-01-23T2300,34,34,0.5,13,9,75,83,49,
贵阳市,桐木岭,106.805,26.3003,2025-01-23T2300,,,,,,,113,,
贵阳市,花果园大街66号,106.6882,26.5695,2025-01-23T2300,51,,0.4,38,12,56,93,70,细颗粒物(PM2.5)
贵阳市,漓江路57号,106.6873,26.5169,2025-01-23T2300,36,44,0.5,12,15,76,77,52,细颗粒物(PM2.5)
桂林市,电子科大尧山校区,110.4144,25.3167,2025-01-23T2300,58,82,0.9,16,6,63,101,79,细颗粒物(PM2.5)
桂林市,监测站,110.2819,25.2697,2025-01-23T2300,106,116,0.8,,11,71,86,139,细颗粒物(PM2.5)
桂林市,龙隐路小学,110.3089,25.2708,2025-01-23T2300,90,111,0.9,27,10,78,105,119,细颗粒物(PM2.5)
桂林市,八中,110.2869,25.2178,2025-01-23T2300,82,114,1.0,32,9,64,92,109,细颗粒物(PM2.5)
桂林市,创业大厦,110.1764,25.2381,2025-01-23T2300,92,105,1.2,34,10,70,100,122,细颗粒物(PM2.5)
桂林市,旅游学院,110.296,25.1253,2025-01-23T2300,78,88,1.1,35,8,64,98,104,细颗粒物(PM2.5)
果洛藏族自治州,玛沁县大武镇,100.2561,34.4714,2025-01-23T2300,17,47,0.6,8,17,68,78,47,
哈尔滨市,岭北,126.5422,45.755,2025-01-23T2300,182,194,1.2,86,18,33,72,232,细颗粒物(PM2.5)
哈尔滨市,松北商大,126.561,45.8167,2025-01-23T2300,214,237,2.0,95,7,15,51,264,细颗粒物(PM2.5)
哈尔滨市,阿城会宁,126.979,45.5419,2025-01-23T2300,141,190,1.4,71,18,8,72,188,细颗粒物(PM2.5)
哈尔滨市,南岗学府路,126.599,45.7222,2025-01-23T2300,263,286,2.1,102,9,14,39,313,细颗粒物(PM2.5)
哈尔滨市,太平宏伟公园,126.689,45.7733,2025-01-23T2300,230,258,2.1,92,16,4,24,280,细颗粒物(PM2.5)
哈尔滨市,道外承德广场,126.635,45.7667,2025-01-23T2300,202,254,1.6,98,12,9,43,252,细颗粒物(PM2.5)
哈尔滨市,香坊红旗大街,126.685,45.7319,2025-01-23T2300,329,334,2.6,94,33,15,22,379,细颗粒物(PM2.5)
哈尔滨市,动力和平路,126.6411,45.7258,2025-01-23T2300,260,,2.1,92,12,5,37,310,细颗粒物(PM2.5)
哈尔滨市,道里建国路,126.593,45.7478,2025-01-23T2300,220,,1.7,92,14,5,53,270,细颗粒物(PM2.5)
哈尔滨市,平房东轻厂,126.615,45.61,2025-01-23T2300,251,264,1.9,94,8,9,52,301,细颗粒物(PM2.5)
哈尔滨市,呼兰师专,126.595,45.9855,2025-01-23T2300,356,376,3.2,92,28,9,58,404,细颗粒物(PM2.5)
哈尔滨市,省农科院,126.6206,45.6842,2025-01-23T2300,330,333,2.6,107,21,9,34,380,细颗粒物(PM2.5)
哈密市,地区监测站,93.5128,42.8172,2025-01-23T2300,41,67,0.1,24,3,66,64,59,颗粒物(PM10)
哈密市,哈密师范学校,93.4961,42.8328,2025-01-23T2300,34,68,0.4,21,5,66,61,59,颗粒物(PM10)
海北藏族自治州,海晏县西海镇,100.9048,36.9639,2025-01-23T2300,18,36,0.4,6,13,47,76,36,
海东市,平安区公安北苑,102.0738,36.5056,2025-01-23T2300,87,107,1.5,41,64,55,69,115,细颗粒物(PM2.5)
海口市,东寨港,110.576,19.9507,2025-01-23T2300,16,24,0.3,4,11,86,101,27,
海口市,海南大学,110.3232,20.0574,2025-01-23T2300,19,36,0.4,12,4,89,116,36,
海口市,秀英海南医院,110.283,20.0053,2025-01-23T2300,17,35,0.4,10,3,90,116,35,
海口市,海南师范大学,110.338,19.9969,2025-01-23T2300,18,34,0.4,10,5,90,118,34,
海口市,龙华路环保局宿舍,110.33,20.0356,2025-01-23T2300,18,34,0.4,10,5,92,117,34,
海口市,桂林洋子站,110.5111,19.9736,2025-01-23T2300,14,29,0.3,3,4,96,114,30,
海南藏族自治州,共和县恰卜恰镇,100.6188,36.2866,2025-01-23T2300,26,63,0.6,28,16,36,72,57,颗粒物(PM10)
海西蒙古族藏族自治州,德令哈市,97.3731,37.3753,2025-01-23T2300,11,43,0.4,2,14,58,74,43,
邯郸市,东污水处理厂,114.5302,36.6116,2025-01-23T2300,75,95,0.7,29,8,41,62,100,细颗粒物(PM2.5)
邯郸市,矿院,114.4918,36.5713,2025-01-23T2300,61,87,0.7,26,4,37,60,83,细颗粒物(PM2.5)
邯郸市,丛台公园,114.484,36.6133,2025-01-23T2300,78,123,0.7,55,5,22,65,104,细颗粒物(PM2.5)
邯郸市,香泉濮院小区,114.7895,36.5593,2025-01-23T2300,94,117,0.9,49,12,33,72,124,细颗粒物(PM2.5)
邯郸市,永年区实验高中,114.50634,36.77178,2025-01-23T2300,102,160,1.2,77,11,4,59,134,细颗粒物(PM2.5)
邯郸市,峰峰矿区临水派出所,114.20016,36.44293,2025-01-23T2300,59,74,0.6,19,7,62,70,80,细颗粒物(PM2.5)
汉中市,汉川机床厂子校,106.9893,33.1842,2025-01-23T2300,142,158,1.3,14,7,92,88,189,细颗粒物(PM2.5)
汉中市,市监测站,107.0154,33.0706,2025-01-23T2300,168,189,1.7,34,8,75,56,218,细颗粒物(PM2.5)
汉中市,鑫源开发区,107.0089,33.1138,2025-01-23T2300,171,,1.2,24,8,85,71,221,细颗粒物(PM2.5)
汉中市,南郑大河坎水厂,107.007,33.0323,2025-01-23T2300,177,231,1.3,37,6,56,33,227,细颗粒物(PM2.5)
杭州市,滨江,120.2072,30.2111,2025-01-23T2300,20,33,0.4,17,6,72,81,33,
杭州市,西溪,120.0633,30.2747,2025-01-23T2300,21,43,0.5,19,6,76,89,43,
杭州市,下沙,120.3461,30.3153,2025-01-23T2300,16,23,0.4,16,6,60,75,23,
杭州市,卧龙桥,120.1269,30.2456,2025-01-23T2300,26,36,0.3,21,6,80,87,38,
杭州市,浙江农大,120.1903,30.2692,2025-01-23T2300,19,30,0.3,30,6,57,77,30,
杭州市,和睦小学,120.1197,30.3119,2025-01-23T2300,25,39,0.4,24,6,76,87,39,
杭州市,临平镇,120.3019,30.4183,2025-01-23T2300,23,35,0.4,18,5,71,84,35,
杭州市,城厢镇,120.2697,30.1819,2025-01-23T2300,25,38,0.9,24,6,62,78,38,
杭州市,云栖,120.0883,30.1808,2025-01-23T2300,35,50,0.5,24,7,,91,,
杭州市,镇二中,119.9464,30.0494,2025-01-23T2300,27,27,0.6,16,5,75,82,39,
杭州市,市府大楼,119.7183,30.2367,2025-01-23T2300,24,34,0.5,23,7,70,94,35,
杭州市,消防大队,120.1556,30.2864,2025-01-23T2300,23,34,0.5,19,8,77,90,34,
合肥市,明珠广场,117.1959,31.7848,2025-01-23T2300,97,97,0.8,51,7,1,28,128,细颗粒物(PM2.5)
合肥市,三里街,117.3072,31.8764,2025-01-23T2300,56,73,0.6,30,3,23,31,77,细颗粒物(PM2.5)
合肥市,琥珀山庄,117.2588,31.8707,2025-01-23T2300,69,,0.7,33,5,28,35,93,细颗粒物(PM2.5)
合肥市,董铺水库,117.1604,31.9052,2025-01-23T2300,58,85,0.5,30,2,27,40,79,细颗粒物(PM2.5)
合肥市,长江中路,117.25,31.8571,2025-01-23T2300,59,73,0.8,31,6,34,39,80,细颗粒物(PM2.5)
合肥市,庐阳区,117.266,31.9436,2025-01-23T2300,56,75,0.7,28,3,30,37,77,细颗粒物(PM2.5)
合肥市,瑶海区,117.336,31.8586,2025-01-23T2300,61,73,0.4,24,5,29,32,83,细颗粒物(PM2.5)
合肥市,包河区,117.3027,31.7964,2025-01-23T2300,68,88,0.5,65,3,4,21,92,细颗粒物(PM2.5)
合肥市,滨湖新区,117.2776,31.7385,2025-01-23T2300,61,92,0.7,57,4,6,35,83,细颗粒物(PM2.5)
合肥市,高新区,117.1318,31.8403,2025-01-23T2300,78,90,0.9,53,5,5,33,104,细颗粒物(PM2.5)
合肥市,高教基地,117.3803,31.9147,2025-01-23T2300,53,57,0.5,22,5,26,40,73,细颗粒物(PM2.5)
和田地区,地区环保局,79.924,37.0877,2025-01-23T2300,46,126,0.6,20,3,60,92,88,颗粒物(PM10)
和田地区,市环保局,79.9131,37.113,2025-01-23T2300,86,175,2.3,30,4,45,88,114,细颗粒物(PM2.5)
河池市,东仁乐园,108.2011,24.715,2025-01-23T2300,139,185,1.3,32,9,88,90,185,细颗粒物(PM2.5)
河池市,市环保站,108.0497,24.6947,2025-01-23T2300,146,150,1.5,32,10,44,65,195,细颗粒物(PM2.5)
河池市,市疾控中心,108.0983,24.6989,2025-01-23T2300,143,,1.2,37,10,57,73,190,细颗粒物(PM2.5)
河源市,源西,114.6778,23.7569,2025-01-23T2300,34,41,0.8,43,5,26,91,49,
河源市,东埔,114.6944,23.7586,2025-01-23T2300,40,81,1.3,68,3,11,100,66,颗粒物(PM10)
河源市,老城,114.6892,23.7233,2025-01-23T2300,23,35,0.6,14,3,52,97,35,
菏泽市,气象局,115.4208,35.2464,2025-01-23T2300,,,0.9,31,,,42,,
菏泽市,定陶老年大学,115.5564,35.0891,2025-01-23T2300,112,153,0.9,43,11,29,39,147,细颗粒物(PM2.5)
菏泽市,永昌路1号,115.4797,35.24401,2025-01-23T2300,111,149,0.9,34,10,43,43,145,细颗粒物(PM2.5)
菏泽市,长城路999号,115.4715,35.2800,2025-01-23T2300,114,151,0.8,41,11,32,39,149,细颗粒物(PM2.5)
贺州市,环保小区,111.5264,24.4172,2025-01-23T2300,58,74,1.0,18,8,86,106,79,细颗粒物(PM2.5)
贺州市,政协大楼,111.5608,24.4078,2025-01-23T2300,53,85,0.7,14,7,85,97,73,细颗粒物(PM2.5)
贺州市,西湾,111.4744,24.4553,2025-01-23T2300,71,99,0.8,28,7,70,96,95,细颗粒物(PM2.5)
鹤壁市,市监测站,114.17,35.9019,2025-01-23T2300,90,116,0.7,18,8,52,67,119,细颗粒物(PM2.5)
鹤壁市,市交警支队,114.2956,35.7511,2025-01-23T2300,80,108,0.8,30,8,45,66,107,细颗粒物(PM2.5)
鹤壁市,迎宾馆,114.2878,35.7306,2025-01-23T2300,72,114,0.8,36,4,50,66,97,细颗粒物(PM2.5)
鹤壁市,大新区,114.2617,35.6822,2025-01-23T2300,80,90,0.6,27,9,51,67,107,细颗粒物(PM2.5)
鹤壁市,南山宾馆,114.1572,35.9603,2025-01-23T2300,104,138,1.1,31,9,37,65,137,细颗粒物(PM2.5)
鹤岗市,哈啤分公司,130.2537,47.3416,2025-01-23T2300,28,34,0.6,5,14,56,54,40,
鹤岗市,斯达机电,130.2684,47.3086,2025-01-23T2300,46,53,0.4,16,14,39,55,64,细颗粒物(PM2.5)
鹤岗市,东山纸板厂,130.3114,47.3388,2025-01-23T2300,71,205,2.9,58,16,9,45,128,颗粒物(PM10)
鹤岗市,五号水库,130.1097,47.3382,2025-01-23T2300,25,,0.4,9,7,71,93,36,
黑河市,交通局,127.4833,50.2524,2025-01-23T2300,55,75,0.9,31,12,31,39,75,细颗粒物(PM2.5)
黑河市,环保局,127.5144,50.2341,2025-01-23T2300,77,109,1.5,56,12,7,35,103,细颗粒物(PM2.5)
黑河市,大黑河岛,127.5291,50.2472,2025-01-23T2300,66,83,,20,2,7,24,,
衡水市,电机北厂,115.6838,37.7541,2025-01-23T2300,78,130,0.8,67,12,1,54,104,细颗粒物(PM2.5)
衡水市,市监测站,115.6303,37.7316,2025-01-23T2300,89,101,0.8,63,10,14,57,118,细颗粒物(PM2.5)
衡水市,市城管局,115.6683,37.7217,2025-01-23T2300,82,93,0.7,48,8,23,53,109,细颗粒物(PM2.5)
衡水市,地表水厂,115.5989,37.5491,2025-01-23T2300,86,94,0.9,39,12,24,56,114,细颗粒物(PM2.5)
衡阳市,原169医院,112.5003,26.9167,2025-01-23T2300,157,189,1.3,42,8,52,88,207,细颗粒物(PM2.5)
衡阳市,衡阳化工总厂,112.6194,26.9258,2025-01-23T2300,224,,1.4,33,6,61,86,274,细颗粒物(PM2.5)
衡阳市,珠晖区环保局,112.6211,26.8956,2025-01-23T2300,224,,1.7,45,8,57,80,274,细颗粒物(PM2.5)
衡阳市,市委党校,112.6197,26.8733,2025-01-23T2300,228,,1.5,35,11,72,94,278,细颗粒物(PM2.5)
衡阳市,市监测站,112.6006,26.8919,2025-01-23T2300,233,262,1.5,36,8,62,86,283,细颗粒物(PM2.5)
衡阳市,真空机电公司,112.5664,26.9056,2025-01-23T2300,241,283,1.5,35,7,59,82,291,细颗粒物(PM2.5)
衡阳市,师范学院,112.6703,26.882,2025-01-23T2300,210,240,1.4,31,14,74,98,260,细颗粒物(PM2.5)
红河哈尼族彝族自治州,污水处理厂,103.3772,23.3993,2025-01-23T2300,48,54,0.5,6,6,81,96,67,细颗粒物(PM2.5)
红河哈尼族彝族自治州,监测站,103.3861,23.35,2025-01-23T2300,37,39,0.5,4,9,89,97,53,细颗粒物(PM2.5)
红河哈尼族彝族自治州,州图书馆,103.3758,23.368,2025-01-23T2300,31,32,0.4,6,7,81,89,45,
呼和浩特市,呼市一监,111.6507,40.7517,2025-01-23T2300,41,58,0.6,55,10,33,76,58,细颗粒物(PM2.5)
呼和浩特市,小召,111.6572,40.8033,2025-01-23T2300,39,75,1.6,75,12,13,65,63,颗粒物(PM10)
呼和浩特市,如意水处理厂,111.7516,40.8369,2025-01-23T2300,36,57,0.8,79,11,9,64,54,颗粒物(PM10)
呼和浩特市,二十九中,111.7276,40.8062,2025-01-23T2300,29,58,0.7,73,4,11,60,54,颗粒物(PM10)
呼和浩特市,工大金川校区,111.5512,40.7866,2025-01-23T2300,17,36,0.5,58,8,31,52,36,
呼和浩特市,化肥厂生活区,111.717,40.7612,2025-01-23T2300,42,64,0.9,55,10,35,72,59,细颗粒物(PM2.5)
呼和浩特市,红旗小学,111.5968,40.8178,2025-01-23T2300,21,41,0.7,61,6,32,54,41,
呼和浩特市,海东办,111.6518,40.8389,2025-01-23T2300,50,85,1.2,83,7,5,48,69,细颗粒物(PM2.5)
呼伦贝尔市,区环保局,119.7594,49.2261,2025-01-23T2300,81,82,0.9,58,10,8,42,108,细颗粒物(PM2.5)
呼伦贝尔市,国华电力东,119.7512,49.1577,2025-01-23T2300,34,55,0.3,16,5,46,47,53,颗粒物(PM10)
湖州市,城西水厂,120.0751,30.8669,2025-01-23T2300,26,46,0.3,31,6,49,51,46,
湖州市,仁皇山新区,120.0875,30.8955,2025-01-23T2300,28,38,0.7,38,6,45,41,40,
湖州市,吴兴区站,120.1844,30.8596,2025-01-23T2300,21,40,0.4,17,4,59,43,40,
湖州市,南浔区站,120.4148,30.8538,2025-01-23T2300,21,39,0.3,24,6,58,56,39,
葫芦岛市,龙港区,120.9092,40.7136,2025-01-23T2300,97,150,1.5,63,13,12,48,128,细颗粒物(PM2.5)
葫芦岛市,化工街,120.8392,40.7514,2025-01-23T2300,92,146,1.6,67,19,7,53,122,细颗粒物(PM2.5)
葫芦岛市,新区,120.8341,40.7073,2025-01-23T2300,146,167,2.1,72,9,6,54,195,细颗粒物(PM2.5)
葫芦岛市,东城区,120.8695,40.7677,2025-01-23T2300,136,,1.6,59,15,11,49,180,细颗粒物(PM2.5)
怀化市,林科所,109.5981,27.5721,2025-01-23T2300,125,129,1.3,21,22,88,92,165,细颗粒物(PM2.5)
怀化市,河西地税局,109.9453,27.5444,2025-01-23T2300,182,209,1.2,22,14,82,85,232,细颗粒物(PM2.5)
怀化市,市四医院,109.9781,27.5342,2025-01-23T2300,168,214,1.7,24,6,81,86,218,细颗粒物(PM2.5)
怀化市,监测楼,109.9972,27.5578,2025-01-23T2300,158,182,1.4,30,4,73,79,208,细颗粒物(PM2.5)
怀化市,市委党校,110.0394,27.583,2025-01-23T2300,172,201,1.3,23,9,81,86,222,细颗粒物(PM2.5)
淮安市,钵池山,119.036,33.5981,2025-01-23T2300,46,58,0.7,15,6,83,89,64,细颗粒物(PM2.5)
淮安市,北京南路,119.007,33.575,2025-01-23T2300,42,61,0.7,13,7,84,83,59,细颗粒物(PM2.5)
淮安市,市监测站,118.989,33.6067,2025-01-23T2300,53,66,0.4,16,6,89,89,73,细颗粒物(PM2.5)
淮安市,楚州区监测站,119.135,33.5039,2025-01-23T2300,47,59,0.6,18,6,78,90,65,细颗粒物(PM2.5)
淮安市,淮阴区监测站,119.0186,33.6297,2025-01-23T2300,47,75,0.6,16,5,89,86,65,细颗粒物(PM2.5)
淮安市,新华书店,118.8755,33.2894,2025-01-23T2300,39,48,0.5,16,7,75,85,55,细颗粒物(PM2.5)
淮北市,监测站,116.8004,33.975,2025-01-23T2300,79,104,0.7,33,4,26,56,105,细颗粒物(PM2.5)
淮北市,烈山区政府,116.8091,33.9007,2025-01-23T2300,88,104,0.8,42,3,31,70,117,细颗粒物(PM2.5)
淮北市,杜集区检察院,116.8873,33.9836,2025-01-23T2300,106,,0.9,22,3,52,68,139,细颗粒物(PM2.5)
淮北市,市博物馆,116.7923,33.9535,2025-01-23T2300,79,109,0.9,36,6,37,65,105,细颗粒物(PM2.5)
淮南市,潘集区政府,116.8305,32.7727,2025-01-23T2300,76,98,0.7,41,7,9,39,102,细颗粒物(PM2.5)
淮南市,谢家集区政府,116.8569,32.5951,2025-01-23T2300,75,91,0.5,34,6,13,34,100,细颗粒物(PM2.5)
淮南市,八公山区政府,116.8281,32.633,2025-01-23T2300,69,92,0.6,37,10,17,41,93,细颗粒物(PM2.5)
淮南市,焦岗湖风景区管理处,116.6325,32.6201,2025-01-23T2300,47,66,0.4,25,9,7,18,65,细颗粒物(PM2.5)
淮南市,经济技术开发区消防队,117.0566,32.6531,2025-01-23T2300,72,84,0.5,29,5,21,46,97,细颗粒物(PM2.5)
淮南市,山南新区,117.0108,32.5893,2025-01-23T2300,70,75,0.7,22,6,42,47,94,细颗粒物(PM2.5)
淮南市,国庆中路369号,117.0031,32.6445,2025-01-23T2300,66,104,0.6,41,10,19,39,89,细颗粒物(PM2.5)
黄冈市,职工中心,114.9028,30.4742,2025-01-23T2300,162,181,1.6,40,9,24,69,212,细颗粒物(PM2.5)
黄冈市,红卫路,114.8858,30.4519,2025-01-23T2300,166,186,1.5,34,7,26,69,216,细颗粒物(PM2.5)
黄冈市,市林业局,114.9136,30.4445,2025-01-23T2300,169,180,1.1,36,8,20,75,219,细颗粒物(PM2.5)
黄南藏族自治州,同仁县隆务镇,102.0199,35.5102,2025-01-23T2300,44,69,0.7,8,17,51,68,62,细颗粒物(PM2.5)
黄山市,延安路89号,118.2903,29.6963,2025-01-23T2300,49,99,0.7,17,5,44,114,75,颗粒物(PM10)
黄山市,黄山区政府5号楼,118.1371,30.2756,2025-01-23T2300,102,148,1.1,30,8,51,132,134,细颗粒物(PM2.5)
黄山市,滨江东路7-2号,118.3354,29.7203,2025-01-23T2300,75,101,0.6,22,6,85,113,100,细颗粒物(PM2.5)
黄石市,沈家营,115.0601,30.2313,2025-01-23T2300,200,243,1.4,55,8,36,99,250,细颗粒物(PM2.5)
黄石市,铁山,114.8988,30.2019,2025-01-23T2300,177,207,0.9,44,10,95,120,227,细颗粒物(PM2.5)
黄石市,团城山,115.0307,30.2092,2025-01-23T2300,198,236,1.3,53,10,40,86,248,细颗粒物(PM2.5)
黄石市,笔架山北路,115.0235,30.1578,2025-01-23T2300,146,190,1.0,29,9,118,126,195,细颗粒物(PM2.5)
黄石市,磁湖东路29号,115.0780,30.21118,2025-01-23T2300,219,235,1.5,74,10,17,79,269,细颗粒物(PM2.5)
惠州市,河南岸金山湖子站,114.4183,23.0528,2025-01-23T2300,37,53,0.6,14,8,83,86,53,细颗粒物(PM2.5)
惠州市,下埔横江三路子站,114.4053,23.0822,2025-01-23T2300,45,61,0.6,20,7,81,94,63,细颗粒物(PM2.5)
惠州市,江北云山西路子站,114.4103,23.1142,2025-01-23T2300,45,64,1.0,25,6,63,100,63,细颗粒物(PM2.5)
惠州市,惠阳区承修路船湖子站,114.4645,22.7833,2025-01-23T2300,15,26,0.6,8,7,99,96,31,
惠州市,大亚湾管委会子站,114.5317,22.7422,2025-01-23T2300,12,18,0.5,11,6,101,109,32,
惠州市,惠阳秋长,114.4338,22.8134,2025-01-23T2300,16,36,0.7,10,12,116,109,37,
惠州市,大亚湾霞涌,114.6517,22.775,2025-01-23T2300,26,41,0.3,10,6,99,110,41,
鸡西市,环保局,130.9762,45.3001,2025-01-23T2300,130,150,1.1,63,7,13,70,172,细颗粒物(PM2.5)
鸡西市,第一中学,130.9429,45.3039,2025-01-23T2300,,,,24,6,48,81,,
鸡西市,欧美日汽修厂,131.0207,45.3073,2025-01-23T2300,97,124,,73,9,11,73,128,细颗粒物(PM2.5)
鸡西市,市政设施管理处,130.9967,45.3106,2025-01-23T2300,109,126,1.0,79,8,14,78,143,细颗粒物(PM2.5)
吉安市,红声器材厂,114.9754,27.0803,2025-01-23T2300,50,74,0.6,26,14,91,123,69,细颗粒物(PM2.5)
吉安市,市森林工业局,114.9658,27.0999,2025-01-23T2300,49,71,0.6,30,15,96,119,68,细颗粒物(PM2.5)
吉安市,市环境监测站,114.99,27.1312,2025-01-23T2300,49,68,0.3,24,12,102,124,68,细颗粒物(PM2.5)
吉安市,青原区法院,115.0093,27.0968,2025-01-23T2300,52,77,0.6,30,14,100,128,72,细颗粒物(PM2.5)
吉林市,哈达湾,126.54,43.8622,2025-01-23T2300,56,73,0.9,42,11,53,64,77,细颗粒物(PM2.5)
吉林市,东局子,126.5844,43.8358,2025-01-23T2300,86,106,1.2,57,8,18,60,114,细颗粒物(PM2.5)
吉林市,电力学院,126.5052,43.8245,2025-01-23T2300,118,160,2.3,58,7,7,58,155,细颗粒物(PM2.5)
吉林市,江北,126.6133,43.8972,2025-01-23T2300,61,71,1.6,23,10,47,71,83,细颗粒物(PM2.5)
吉林市,江南公园,126.555,43.8306,2025-01-23T2300,136,162,1.8,68,9,10,52,180,细颗粒物(PM2.5)
吉林市,丰满,126.7061,43.7133,2025-01-23T2300,,,,,,,,,
吉林市,九站,126.4739,43.953,2025-01-23T2300,177,196,2.4,69,10,18,64,227,细颗粒物(PM2.5)
济南市,科干所,116.9862,36.6114,2025-01-23T2300,125,175,1.3,87,10,6,24,165,细颗粒物(PM2.5)
济南市,农科所,116.9376,36.665,2025-01-23T2300,159,247,1.8,86,12,8,31,209,细颗粒物(PM2.5)
济南市,开发区,117.1265,36.6734,2025-01-23T2300,156,217,1.7,80,11,8,23,206,细颗粒物(PM2.5)
济南市,省种子仓库,117.0624,36.6868,2025-01-23T2300,175,263,1.5,76,11,6,22,225,细颗粒物(PM2.5)
济南市,机床二厂,116.9489,36.6447,2025-01-23T2300,161,237,1.9,81,64,10,33,211,细颗粒物(PM2.5)
济南市,市监测站,117.0495,36.663,2025-01-23T2300,149,215,1.6,87,13,8,26,199,细颗粒物(PM2.5)
济南市,长清党校,116.7675,36.5484,2025-01-23T2300,120,171,1.4,78,7,9,49,158,细颗粒物(PM2.5)
济南市,技术学院,117.6795,36.229,2025-01-23T2300,85,112,1.1,71,10,8,63,113,细颗粒物(PM2.5)
济南市,东山小学,117.532,36.6868,2025-01-23T2300,144,198,1.3,62,6,23,45,192,细颗粒物(PM2.5)
济南市,泰兴公司,117.7161,36.2049,2025-01-23T2300,110,151,1.5,72,12,7,61,144,细颗粒物(PM2.5)
济南市,莱芜战役纪念馆,117.6867,36.2171,2025-01-23T2300,100,149,1.3,75,9,8,69,132,细颗粒物(PM2.5)
济南市,济阳区政府,117.1673,36.9782,2025-01-23T2300,151,195,1.2,73,12,8,40,201,细颗粒物(PM2.5)
济南市,锦屏中学,117.1171,36.63,2025-01-23T2300,129,159,1.2,68,5,11,26,170,细颗粒物(PM2.5)
济南市,济南四建,116.9814,36.6819,2025-01-23T2300,,,,,,,,,
济宁市,火炬城,116.6251,35.4302,2025-01-23T2300,117,148,1.2,42,10,30,61,153,细颗粒物(PM2.5)
济宁市,电化厂,116.5491,35.4042,2025-01-23T2300,129,174,1.2,38,13,19,53,170,细颗粒物(PM2.5)
济宁市,北湖一中,116.5814,35.3707,2025-01-23T2300,122,144,1.9,74,6,36,66,160,细颗粒物(PM2.5)
济宁市,服务中心,116.8249,35.5593,2025-01-23T2300,128,184,1.2,48,10,23,70,169,细颗粒物(PM2.5)
济宁市,市第七中学,116.5907,35.4054,2025-01-23T2300,,,,,,,15,,
佳木斯市,佳纺,130.2751,46.8028,2025-01-23T2300,134,,1.4,34,24,52,70,178,细颗粒物(PM2.5)
佳木斯市,发电厂,130.3995,46.8307,2025-01-23T2300,116,,1.4,77,7,7,70,152,细颗粒物(PM2.5)
佳木斯市,环保局,130.3258,46.7975,2025-01-23T2300,106,116,1.4,54,11,24,64,139,细颗粒物(PM2.5)
佳木斯市,十一中,130.3648,46.8032,2025-01-23T2300,117,,1.6,78,8,17,65,153,细颗粒物(PM2.5)
佳木斯市,四丰,130.3794,46.7588,2025-01-23T2300,60,109,1.1,14,1,73,83,82,细颗粒物(PM2.5)
嘉兴市,清河小学,120.7436,30.778,2025-01-23T2300,17,34,0.3,28,3,42,68,34,
嘉兴市,嘉兴学院,120.726,30.7478,2025-01-23T2300,21,41,0.6,18,6,48,66,41,
嘉兴市,南湖区残联,120.7846,30.7525,2025-01-23T2300,21,38,0.6,22,7,50,68,38,
嘉兴市,秀洲住建,120.6916,30.7739,2025-01-23T2300,21,37,0.4,26,4,45,69,37,
嘉峪关市,气象局,98.2908,39.7711,2025-01-23T2300,22,100,0.3,11,2,77,78,75,颗粒物(PM10)
嘉峪关市,酒钢宾馆,98.2672,39.7978,2025-01-23T2300,22,88,0.1,9,5,78,65,69,颗粒物(PM10)
嘉峪关市,雄关区,98.2643,39.7724,2025-01-23T2300,27,91,0,16,4,75,76,71,颗粒物(PM10)
江门市,北街,113.1064,22.6058,2025-01-23T2300,63,,0.9,43,3,17,70,85,细颗粒物(PM2.5)
江门市,西区,113.0731,22.5835,2025-01-23T2300,44,53,1.1,46,6,22,73,62,细颗粒物(PM2.5)
江门市,圭峰西,113.0219,22.5311,2025-01-23T2300,58,,0.9,43,3,16,72,79,细颗粒物(PM2.5)
江门市,东湖,113.0828,22.5947,2025-01-23T2300,38,81,0.7,32,5,22,70,66,颗粒物(PM10)
江门市,江海富民,113.1075,22.5647,2025-01-23T2300,80,99,1.0,38,4,35,69,107,细颗粒物(PM2.5)
江门市,新会银湖,113.05,22.4667,2025-01-23T2300,66,,0.9,36,4,8,66,89,细颗粒物(PM2.5)
焦作市,市环保局,113.227,35.2125,2025-01-23T2300,144,181,1.1,51,8,7,38,192,细颗粒物(PM2.5)
焦作市,影视城,113.1992,35.2590,2025-01-23T2300,103,121,1.3,39,9,19,47,135,细颗粒物(PM2.5)
焦作市,太极体育中心,113.2725,35.2067,2025-01-23T2300,110,147,1.3,55,7,9,39,144,细颗粒物(PM2.5)
焦作市,马村街道办,113.3137,35.2641,2025-01-23T2300,125,129,1.2,52,8,10,36,165,细颗粒物(PM2.5)
焦作市,焦作技师学院,113.2465,35.2373,2025-01-23T2300,102,129,1.4,46,7,12,40,134,细颗粒物(PM2.5)
焦作市,中站许衡医院,113.1656,35.2539,2025-01-23T2300,99,155,1.5,54,12,6,35,130,细颗粒物(PM2.5)
焦作市,原李万街道办,113.2449,35.1803,2025-01-23T2300,124,154,1.0,38,10,15,40,163,细颗粒物(PM2.5)
揭阳市,新兴,116.3701,23.5345,2025-01-23T2300,51,,0.6,15,6,82,129,70,细颗粒物(PM2.5)
揭阳市,西马,116.3264,23.5443,2025-01-23T2300,33,44,0.8,17,7,89,140,48,
揭阳市,东兴,116.3611,23.5626,2025-01-23T2300,28,37,0.7,11,5,91,136,40,
揭阳市,渔湖,116.4151,23.5294,2025-01-23T2300,14,29,0.5,11,6,89,139,29,
揭阳市,曲溪,116.403,23.5699,2025-01-23T2300,23,32,0.7,19,3,94,142,33,
金昌市,天庆家园,102.1692,38.5167,2025-01-23T2300,67,82,1.2,30,67,58,90,90,细颗粒物(PM2.5)
金昌市,金川区人防中心,102.1647,38.5371,2025-01-23T2300,81,109,0.1,29,27,57,89,108,细颗粒物(PM2.5)
金昌市,长春路96号,102.1930,38.5319,2025-01-23T2300,58,80,0.9,32,30,71,94,79,细颗粒物(PM2.5)
金华市,十五中,119.647,29.077,2025-01-23T2300,56,88,0.5,23,3,75,128,77,细颗粒物(PM2.5)
金华市,监测站,119.686,29.1029,2025-01-23T2300,59,97,0.4,26,4,67,123,80,细颗粒物(PM2.5)
金华市,气象局,119.656,29.1131,2025-01-23T2300,58,88,0.6,24,4,64,119,79,细颗粒物(PM2.5)
锦州市,南山,121.1115,41.0879,2025-01-23T2300,106,,1.4,65,26,19,60,139,细颗粒物(PM2.5)
锦州市,开发区,121.0533,40.8434,2025-01-23T2300,51,62,1.3,62,10,22,42,70,细颗粒物(PM2.5)
锦州市,百股街道,121.1836,41.1119,2025-01-23T2300,110,,1.6,58,16,16,64,144,细颗粒物(PM2.5)
锦州市,天安街道,121.1178,41.1222,2025-01-23T2300,83,88,1.2,57,19,23,55,110,细颗粒物(PM2.5)
锦州市,北湖公园,121.1303,41.1386,2025-01-23T2300,72,77,1.1,44,17,34,55,97,细颗粒物(PM2.5)
晋城市,自来水公司,112.85,35.5051,2025-01-23T2300,110,123,1.1,29,6,62,77,144,细颗粒物(PM2.5)
晋城市,白云商贸,112.8318,35.4936,2025-01-23T2300,97,127,1.0,27,6,79,87,128,细颗粒物(PM2.5)
晋城市,市环保局,112.8508,35.4887,2025-01-23T2300,102,131,1.1,31,7,60,81,134,细颗粒物(PM2.5)
晋城市,技术学院,112.8676,35.4897,2025-01-23T2300,114,129,1.3,53,6,37,89,149,细颗粒物(PM2.5)
晋城市,白马寺,112.8453,35.546,2025-01-23T2300,,,,,,,,,
晋城市,泽州一中,112.8271,35.4828,2025-01-23T2300,105,106,0.7,32,5,75,87,138,细颗粒物(PM2.5)
晋中市,南都小区,112.7249,37.7067,2025-01-23T2300,64,85,0.9,54,17,38,79,87,细颗粒物(PM2.5)
晋中市,榆次区政府,112.6991,37.6982,2025-01-23T2300,55,97,0.9,54,17,34,73,75,细颗粒物(PM2.5)
晋中市,榆次三中,112.7195,37.6828,2025-01-23T2300,61,105,0.9,38,16,47,75,83,细颗粒物(PM2.5)
晋中市,榆次一中,112.7478,37.6954,2025-01-23T2300,63,102,0.7,38,15,47,83,85,细颗粒物(PM2.5)
荆门市,竹园小学,112.2014,31.0481,2025-01-23T2300,91,114,0.8,20,2,38,67,120,细颗粒物(PM2.5)
荆门市,掇刀,112.1969,30.9891,2025-01-23T2300,95,124,0.8,23,13,48,80,125,细颗粒物(PM2.5)
荆门市,石化一小,112.2213,31.0386,2025-01-23T2300,86,116,0.6,20,6,42,67,114,细颗粒物(PM2.5)
荆门市,西山林语,112.1849,31.0362,2025-01-23T2300,92,115,0.8,19,1,42,77,122,细颗粒物(PM2.5)
荆门市,龙泉中学南校,112.1632,31.0138,2025-01-23T2300,116,141,0.8,19,10,48,82,152,细颗粒物(PM2.5)
荆州市,市图书馆,112.2494,30.3197,2025-01-23T2300,146,,0.8,26,4,37,61,195,细颗粒物(PM2.5)
荆州市,市委党校,112.2008,30.3544,2025-01-23T2300,137,,0.7,26,6,42,62,182,细颗粒物(PM2.5)
荆州市,管委会,112.2747,30.3122,2025-01-23T2300,156,,0.9,26,6,49,73,206,细颗粒物(PM2.5)
荆州市,学苑路,112.1655,30.3364,2025-01-23T2300,114,124,1.2,24,5,47,64,149,细颗粒物(PM2.5)
景德镇市,王港中学,117.3102,29.3867,2025-01-23T2300,,,,,,,,,
景德镇市,老干部活动中心,117.2117,29.2933,2025-01-23T2300,54,85,0.7,41,4,29,101,74,细颗粒物(PM2.5)
景德镇市,兽医站,117.1894,29.2789,2025-01-23T2300,73,116,0.9,35,4,38,106,98,细颗粒物(PM2.5)
景德镇市,台达陶瓷,117.1547,29.2617,2025-01-23T2300,64,90,0.3,23,3,64,100,87,细颗粒物(PM2.5)
景德镇市,陶研所,117.2461,29.2956,2025-01-23T2300,47,69,0.6,25,4,49,103,65,细颗粒物(PM2.5)
九江市,十里,115.9872,29.6815,2025-01-23T2300,119,175,1.0,32,9,47,152,156,细颗粒物(PM2.5)
九江市,茅山头,115.9584,29.7046,2025-01-23T2300,129,170,1.1,32,3,50,149,170,细颗粒物(PM2.5)
九江市,西园,115.9877,29.7295,2025-01-23T2300,129,166,0.8,41,11,37,136,170,细颗粒物(PM2.5)
九江市,综合工业园,115.9114,29.6038,2025-01-23T2300,157,175,0.9,36,9,49,143,207,细颗粒物(PM2.5)
九江市,石化总厂,116.0721,29.7535,2025-01-23T2300,127,181,1.1,39,11,42,136,168,细颗粒物(PM2.5)
九江市,庐山气象台,115.9773,29.5698,2025-01-23T2300,20,35,1.4,9,9,126,127,40,
九江市,外国语学校,116.0254,29.6994,2025-01-23T2300,122,188,0.8,2,10,48,161,160,细颗粒物(PM2.5)
九江市,莲花大道8号,116.0102,29.6594,2025-01-23T2300,148,188,0.5,36,8,42,139,198,细颗粒物(PM2.5)
酒泉市,仓门街子站,98.5061,39.7443,2025-01-23T2300,95,114,0.6,18,10,62,83,125,细颗粒物(PM2.5)
酒泉市,玉门东路5号,98.4958,39.7339,2025-01-23T2300,22,114,0.5,17,7,61,80,82,颗粒物(PM10)
喀什地区,巡警大队,76.0072,39.4467,2025-01-23T2300,28,363,0.5,28,4,71,72,219,颗粒物(PM10)
喀什地区,吾办,75.9755,39.4694,2025-01-23T2300,42,391,0.6,32,3,59,60,259,颗粒物(PM10)
喀什地区,老干局,75.9483,39.4689,2025-01-23T2300,33,479,0.5,27,2,67,71,374,颗粒物(PM10)
开封市,肿瘤医院,114.3389,34.7781,2025-01-23T2300,104,107,1.0,21,1,38,54,137,细颗粒物(PM2.5)
开封市,世纪星幼儿园,114.2885,34.7965,2025-01-23T2300,124,,0.8,30,5,34,48,163,细颗粒物(PM2.5)
开封市,龙亭公园,114.3438,34.8106,2025-01-23T2300,120,136,0.6,32,4,33,53,158,细颗粒物(PM2.5)
开封市,汴京公园,114.3644,34.7964,2025-01-23T2300,115,121,1.0,28,3,32,54,150,细颗粒物(PM2.5)
开封市,技师学院,114.2485,34.8306,2025-01-23T2300,93,117,0.9,44,4,27,52,123,细颗粒物(PM2.5)
开封市,祥符区生态环境局,114.4644,34.7556,2025-01-23T2300,120,147,1.0,,3,,46,158,细颗粒物(PM2.5)
克拉玛依市,长征新村,84.895,45.6094,2025-01-23T2300,33,50,0.6,28,6,73,79,50,
克拉玛依市,南林小区,84.8988,45.5893,2025-01-23T2300,44,51,0.7,14,5,78,79,62,细颗粒物(PM2.5)
克拉玛依市,独山子区,84.905,44.3396,2025-01-23T2300,19,21,0.6,21,5,68,94,28,
克拉玛依市,乌尔禾区商贸楼,85.6979,46.098,2025-01-23T2300,81,88,1.2,30,4,80,88,108,细颗粒物(PM2.5)
克拉玛依市,白碱滩区新站,85.1045,45.6899,2025-01-23T2300,40,49,0.6,10,4,78,76,57,细颗粒物(PM2.5)
克孜勒苏柯尔克孜自治州,市人民政府,76.1454,39.7142,2025-01-23T2300,17,163,0.6,5,3,103,88,107,颗粒物(PM10)
克孜勒苏柯尔克孜自治州,克州文化中心,76.1658,39.7157,2025-01-23T2300,15,125,0.3,3,7,139,183,88,颗粒物(PM10)
昆明市,呈贡新区,102.8204,24.8886,2025-01-23T2300,19,24,0.4,15,6,73,89,28,
昆明市,西山森林公园,102.6251,24.9608,2025-01-23T2300,,,,,,,,,
昆明市,龙泉镇,102.7252,25.0902,2025-01-23T2300,23,42,0.4,16,7,74,91,42,
昆明市,东风东路,102.7266,25.0375,2025-01-23T2300,21,28,0.4,13,6,78,87,30,
昆明市,金鼎山,102.6742,25.0669,2025-01-23T2300,27,30,0.5,16,8,72,83,39,
昆明市,碧鸡广场,102.6644,25.0401,2025-01-23T2300,22,34,0.4,15,6,73,86,34,
昆明市,官渡区博物馆,102.7494,25.0119,2025-01-23T2300,20,28,0.4,9,8,83,92,29,
昆明市,青年创业园,102.8017,24.8336,2025-01-23T2300,16,27,0.4,8,6,85,97,27,
昆明市,昆明学院,102.7997,24.9786,2025-01-23T2300,19,27,0.4,8,5,86,95,28,
昆明市,晋宁区生态环境分局,102.5967,24.6736,2025-01-23T2300,19,21,0.5,9,4,77,96,28,
昆明市,云天化总部,102.6678,24.9856,2025-01-23T2300,15,25,0.3,3,6,98,100,31,
拉萨市,八廓街,91.1319,29.6514,2025-01-23T2300,20,75,0.4,2,7,99,91,63,颗粒物(PM10)
拉萨市,市环保局,91.1221,29.6747,2025-01-23T2300,34,105,1.0,18,7,88,96,78,颗粒物(PM10)
拉萨市,区监测站,91.0874,29.6475,2025-01-23T2300,19,85,0.4,7,6,104,97,68,颗粒物(PM10)
拉萨市,西藏大学,91.1774,29.6541,2025-01-23T2300,23,94,0.3,5,6,105,97,72,颗粒物(PM10)
拉萨市,区辐射站,90.9798,29.6588,2025-01-23T2300,31,109,0.5,12,7,98,98,80,颗粒物(PM10)
拉萨市,拉萨火车站,91.0834,29.6292,2025-01-23T2300,19,74,0.5,2,5,116,108,62,颗粒物(PM10)
来宾市,来宾技工学校,109.2203,23.7256,2025-01-23T2300,152,,1.2,39,7,20,93,202,细颗粒物(PM2.5)
来宾市,兴宾区政府,109.1781,23.7297,2025-01-23T2300,187,,1.4,30,10,40,94,237,细颗粒物(PM2.5)
来宾市,中南小学,109.2416,23.7461,2025-01-23T2300,128,154,1.6,48,14,17,88,169,细颗粒物(PM2.5)
兰州市,榆中兰大校区,104.1373,35.9454,2025-01-23T2300,,,,,,,,,
兰州市,铁路设计院,103.831,36.0464,2025-01-23T2300,96,124,2.3,104,17,6,37,127,细颗粒物(PM2.5)
兰州市,百合公园,103.7439,36.0842,2025-01-23T2300,98,137,3.0,97,16,6,57,129,细颗粒物(PM2.5)
兰州市,和平,103.9611,35.998,2025-01-23T2300,83,102,1.4,50,16,38,45,110,细颗粒物(PM2.5)
兰州市,庄浪东路808号,103.6293,36.0938,2025-01-23T2300,76,103,1.6,70,13,24,60,102,细颗粒物(PM2.5)
兰州市,安宁西路88号,103.7251,36.1043,2025-01-23T2300,96,150,1.8,97,22,0,68,127,细颗粒物(PM2.5)
兰州市,北滨河东路1号,103.8470,36.0676,2025-01-23T2300,84,109,1.6,89,18,8,38,112,细颗粒物(PM2.5)
兰州新区,新区管委会,103.6633,36.533,2025-01-23T2300,111,139,1.4,34,24,46,85,145,细颗粒物(PM2.5)
兰州新区,舟曲中学,103.6975,36.4789,2025-01-23T2300,89,134,1.4,58,36,46,85,118,细颗粒物(PM2.5)
廊坊市,药材公司,116.6708,39.5111,2025-01-23T2300,102,132,1.3,78,9,4,62,134,细颗粒物(PM2.5)
廊坊市,开发区,116.7214,39.5589,2025-01-23T2300,87,114,1.3,,6,4,59,115,细颗粒物(PM2.5)
廊坊市,北华航天学院,116.7244,39.5269,2025-01-23T2300,84,139,1.0,71,9,4,62,112,细颗粒物(PM2.5)
廊坊市,河北工业大学,116.7022,39.5453,2025-01-23T2300,85,118,1.1,73,10,3,57,113,细颗粒物(PM2.5)
乐山市,花湖湾,103.7723,29.5462,2025-01-23T2300,151,204,0.9,17,5,37,59,201,细颗粒物(PM2.5)
乐山市,牛耳桥,103.7627,29.5844,2025-01-23T2300,143,165,0.8,27,5,38,51,190,细颗粒物(PM2.5)
乐山市,市第三水厂,103.7508,29.6006,2025-01-23T2300,116,155,1.0,25,3,49,60,152,细颗粒物(PM2.5)
乐山市,市监测站,103.7571,29.5664,2025-01-23T2300,104,152,0.9,19,4,38,52,137,细颗粒物(PM2.5)
乐山市,理工大学,103.7311,29.5628,2025-01-23T2300,120,147,1.0,18,8,49,63,158,细颗粒物(PM2.5)
丽江市,西南郊,100.2143,26.8576,2025-01-23T2300,3,17,0.6,2,5,89,88,28,
丽江市,丽江古城,100.2497,26.8802,2025-01-23T2300,12,19,0.9,7,9,83,81,26,
丽江市,市中心,100.2203,26.8906,2025-01-23T2300,11,12,0.5,5,8,86,82,27,
丽水市,监测站大楼,119.914,28.4514,2025-01-23T2300,46,57,0.7,25,4,49,102,64,细颗粒物(PM2.5)
丽水市,莲都小学,119.93,28.4586,2025-01-23T2300,46,68,0.9,29,6,54,113,64,细颗粒物(PM2.5)
丽水市,余庄前,119.879,28.4231,2025-01-23T2300,27,38,0.5,22,3,41,111,39,
连云港市,市环境监测站,119.176,34.5885,2025-01-23T2300,34,56,0.7,8,7,93,95,53,颗粒物(PM10)
连云港市,德源药业,119.3581,34.6972,2025-01-23T2300,27,41,0.4,17,5,79,94,41,
连云港市,新城一中,119.178,34.844,2025-01-23T2300,21,42,0.4,29,7,71,87,42,
连云港市,胡沟管理处,119.3608,34.7519,2025-01-23T2300,22,41,0.6,68,10,29,79,41,
连云港市,矿山设计院,119.1478,34.5911,2025-01-23T2300,39,61,0.7,26,4,90,94,56,颗粒物(PM10)
连云港市,工贸学校,119.2413,34.6539,2025-01-23T2300,39,51,0.8,6,7,104,101,55,细颗粒物(PM2.5)
连云港市,连云街道,119.4172,34.7341,2025-01-23T2300,25,35,0.5,8,5,98,89,36,
凉山彝族自治州,青龙寺,102.3431,27.8099,2025-01-23T2300,14,31,0.7,6,7,69,96,31,
凉山彝族自治州,邛海宾馆,102.2721,27.8415,2025-01-23T2300,28,37,0.7,12,9,66,91,40,
凉山彝族自治州,西昌市政府,102.2625,27.898,2025-01-23T2300,49,56,1.0,18,11,56,90,68,细颗粒物(PM2.5)
凉山彝族自治州,凉山州政府,102.2685,27.8851,2025-01-23T2300,67,87,0.9,18,9,51,90,90,细颗粒物(PM2.5)
凉山彝族自治州,长安,102.237,27.8914,2025-01-23T2300,48,67,1.1,19,9,57,91,67,细颗粒物(PM2.5)
辽阳市,宏伟区,123.2,41.1953,2025-01-23T2300,91,118,1.5,49,12,27,64,120,细颗粒物(PM2.5)
辽阳市,新华园,123.1683,41.2495,2025-01-23T2300,186,226,3.4,71,37,9,53,236,细颗粒物(PM2.5)
辽阳市,滨河路,123.2354,41.2639,2025-01-23T2300,100,116,1.4,47,84,17,58,132,细颗粒物(PM2.5)
辽阳市,铁西工业园,123.149,41.2991,2025-01-23T2300,109,127,1.8,72,9,8,62,143,细颗粒物(PM2.5)
辽源市,环保局,125.1358,42.8845,2025-01-23T2300,116,162,2.1,52,16,11,63,152,细颗粒物(PM2.5)
辽源市,银鹰制药,125.0764,42.9078,2025-01-23T2300,102,128,2.2,59,6,6,54,134,细颗粒物(PM2.5)
聊城市,区政府,115.9848,36.4372,2025-01-23T2300,132,183,,66,14,10,50,175,细颗粒物(PM2.5)
聊城市,聊大东校,116.0072,36.4343,2025-01-23T2300,130,180,1.5,74,10,7,45,172,细颗粒物(PM2.5)
聊城市,监控中心,115.9819,36.4978,2025-01-23T2300,190,241,1.8,67,16,14,46,240,细颗粒物(PM2.5)
聊城市,九州社区,116.0445,36.4361,2025-01-23T2300,133,177,1.3,79,13,7,52,176,细颗粒物(PM2.5)
聊城市,星美广场,116.0567,36.4608,2025-01-23T2300,156,203,1.3,62,18,7,43,206,细颗粒物(PM2.5)
林芝市,林芝监测站,94.3681,29.6376,2025-01-23T2300,7,7,0.2,1,6,78,79,25,
林芝市,林芝人民医院,94.3616,29.6616,2025-01-23T2300,7,12,0.3,1,6,75,77,24,
临沧市,市环保局,100.0781,23.8982,2025-01-23T2300,35,58,0.7,24,10,41,94,54,颗粒物(PM10)
临沧市,市气象局,100.0894,23.8822,2025-01-23T2300,43,57,0.6,18,9,49,94,60,细颗粒物(PM2.5)
临汾市,临钢医院,111.5531,36.0783,2025-01-23T2300,134,217,1.8,47,13,31,56,178,细颗粒物(PM2.5)
临汾市,技工学校,111.5028,36.0714,2025-01-23T2300,165,223,1.5,59,12,17,39,215,细颗粒物(PM2.5)
临汾市,市委,111.5018,36.0855,2025-01-23T2300,164,240,1.6,86,12,8,40,214,细颗粒物(PM2.5)
临汾市,唐尧大酒店,111.505,36.1014,2025-01-23T2300,162,218,1.5,80,16,11,47,212,细颗粒物(PM2.5)
临汾市,启星学校,111.4879,36.0530,2025-01-23T2300,166,207,1.9,62,6,16,44,216,细颗粒物(PM2.5)
临夏回族自治州,环保局,103.2069,35.5993,2025-01-23T2300,59,219,2.9,57,20,16,76,135,颗粒物(PM10)
临夏回族自治州,建设大厦,103.2417,35.6057,2025-01-23T2300,70,212,2.2,46,21,24,77,131,颗粒物(PM10)
临沂市,沂河小区,118.3429,35.0532,2025-01-23T2300,47,63,0.8,23,12,53,85,65,细颗粒物(PM2.5)
临沂市,鲁南制药厂,118.295,35.0583,2025-01-23T2300,41,63,0.6,20,9,61,75,58,细颗粒物(PM2.5)
临沂市,新光毛纺厂,118.2794,34.9976,2025-01-23T2300,44,56,0.5,18,8,70,88,62,细颗粒物(PM2.5)
临沂市,河东保险公司,118.3956,35.0888,2025-01-23T2300,40,61,0.8,28,8,47,87,57,细颗粒物(PM2.5)
临沂市,十里堡居委,118.3564,35.0215,2025-01-23T2300,41,51,0.8,17,8,67,90,58,细颗粒物(PM2.5)
临沂市,南坊新区,118.3604,35.1084,2025-01-23T2300,36,51,0.8,27,8,57,91,52,细颗粒物(PM2.5)
临沂市,皇山花园小区,118.3920,35.0300,2025-01-23T2300,40,56,0.9,32,7,52,89,57,细颗粒物(PM2.5)
柳州市,柳东小学,109.4856,24.3895,2025-01-23T2300,105,141,1.2,30,13,73,94,138,细颗粒物(PM2.5)
柳州市,环保监测站,109.4157,24.3277,2025-01-23T2300,111,136,1.5,51,11,31,75,145,细颗粒物(PM2.5)
柳州市,河西水厂,109.389,24.341,2025-01-23T2300,101,158,1.9,74,10,17,74,133,细颗粒物(PM2.5)
柳州市,市四中,109.4311,24.2921,2025-01-23T2300,106,129,1.6,56,11,34,80,139,细颗粒物(PM2.5)
柳州市,市九中,109.4006,24.3631,2025-01-23T2300,123,145,1.3,34,8,59,80,162,细颗粒物(PM2.5)
柳州市,古亭山,109.4958,24.3134,2025-01-23T2300,72,102,1.3,50,15,30,71,97,细颗粒物(PM2.5)
柳州市,市二中,109.5422,24.3996,2025-01-23T2300,126,138,1.4,34,10,46,75,166,细颗粒物(PM2.5)
六安市,监测大楼,116.5079,31.737,2025-01-23T2300,113,121,0.9,31,4,2,51,148,细颗粒物(PM2.5)
六安市,皖西学院,116.4738,31.7643,2025-01-23T2300,121,146,0.9,34,4,4,43,159,细颗粒物(PM2.5)
六安市,朝阳厂,116.4996,31.7905,2025-01-23T2300,109,133,0.8,29,1,1,47,143,细颗粒物(PM2.5)
六安市,开发区,116.5567,31.7886,2025-01-23T2300,89,138,1.1,31,4,6,40,118,细颗粒物(PM2.5)
六盘水市,窑上,104.8,26.5892,2025-01-23T2300,44,67,0.8,13,4,73,84,62,细颗粒物(PM2.5)
六盘水市,黄土坡,104.83,26.5917,2025-01-23T2300,52,70,0.9,17,6,77,98,72,细颗粒物(PM2.5)
六盘水市,水钢,104.89,26.5939,2025-01-23T2300,70,86,0.7,14,6,83,110,94,细颗粒物(PM2.5)
六盘水市,民中,104.8475,26.5894,2025-01-23T2300,68,71,0.9,18,8,73,98,92,细颗粒物(PM2.5)
六盘水市,双水,104.9544,26.5506,2025-01-23T2300,38,58,0.6,11,6,106,123,54,"颗粒物(PM10),细颗粒物(PM2.5)"
龙岩市,龙岩师专,117.0189,25.1181,2025-01-23T2300,,,,,,,,,
龙岩市,龙岩市监测站,117.0217,25.1033,2025-01-23T2300,36,56,1.0,43,4,44,126,53,颗粒物(PM10)
龙岩市,闽西职业技术学院,117.0258,25.0661,2025-01-23T2300,43,64,0.5,43,2,59,116,60,细颗粒物(PM2.5)
龙岩市,龙岩学院,117.0196,25.0306,2025-01-23T2300,31,39,0.5,17,6,71,120,45,
陇南市,汉王镇固水子,105.0822,33.3261,2025-01-23T2300,,,,,,,,,
陇南市,滨江中学,104.9339,33.3826,2025-01-23T2300,44,53,1.0,23,10,49,62,62,细颗粒物(PM2.5)
陇南市,市总工会,104.955,33.371,2025-01-23T2300,36,37,0.8,13,6,54,65,52,细颗粒物(PM2.5)
娄底市,电视发射台,111.9589,27.8901,2025-01-23T2300,215,,1.4,35,10,65,89,265,细颗粒物(PM2.5)
娄底市,市监测站,111.9975,27.725,2025-01-23T2300,240,278,1.4,33,15,60,90,290,细颗粒物(PM2.5)
娄底市,市委党校,112.0194,27.7314,2025-01-23T2300,230,276,1.3,41,6,62,86,280,细颗粒物(PM2.5)
娄底市,涟钢,111.9561,27.7569,2025-01-23T2300,239,281,1.2,32,16,57,83,289,细颗粒物(PM2.5)
娄底市,市政府,111.9892,27.7044,2025-01-23T2300,244,270,1.3,38,10,61,86,294,细颗粒物(PM2.5)
泸州市,九狮山,105.4324,28.9634,2025-01-23T2300,,,,,,,,,
泸州市,小市上码头,105.4427,28.9063,2025-01-23T2300,144,186,1.1,31,3,21,29,192,细颗粒物(PM2.5)
泸州市,兰田宪桥,105.4241,28.8573,2025-01-23T2300,144,145,1.3,25,3,23,27,192,细颗粒物(PM2.5)
泸州市,市环监站,105.4379,28.8833,2025-01-23T2300,147,169,1.1,31,6,18,34,196,细颗粒物(PM2.5)
泸州市,纳溪区环保局,105.3617,28.7703,2025-01-23T2300,116,137,1.2,21,4,20,28,152,细颗粒物(PM2.5)
吕梁市,环保局,111.1406,37.5211,2025-01-23T2300,,,,,,,36,,
吕梁市,自来水公司,111.1297,37.5136,2025-01-23T2300,121,197,1.3,78,15,13,62,159,细颗粒物(PM2.5)
吕梁市,马茂庄小学,111.1283,37.51,2025-01-23T2300,113,217,1.4,76,16,14,73,148,细颗粒物(PM2.5)
洛阳市,市委党校,112.3931,34.6516,2025-01-23T2300,81,91,1.1,31,2,26,30,108,细颗粒物(PM2.5)
洛阳市,河南林校,112.494,34.6886,2025-01-23T2300,76,,0.8,26,1,38,38,102,细颗粒物(PM2.5)
洛阳市,开发区管委会,112.3844,34.623,2025-01-23T2300,78,87,1.0,34,6,29,38,104,细颗粒物(PM2.5)
洛阳市,市委新办公区,112.4267,34.6258,2025-01-23T2300,74,92,0.8,27,2,34,33,99,细颗粒物(PM2.5)
洛阳市,伊滨,112.6005,34.6326,2025-01-23T2300,75,86,0.8,35,3,21,31,100,细颗粒物(PM2.5)
洛阳市,中移产业园,112.4951,34.6332,2025-01-23T2300,72,88,1.0,29,3,40,38,97,细颗粒物(PM2.5)
洛阳市,吉利监测站,112.5736,34.8993,2025-01-23T2300,87,100,0.8,35,4,20,40,115,细颗粒物(PM2.5)
洛阳市,河科大西苑校区,112.3677,34.662,2025-01-23T2300,73,88,1.0,46,4,22,34,98,细颗粒物(PM2.5)
洛阳市,英才小学,112.4388,34.6781,2025-01-23T2300,67,82,0.9,33,7,37,34,90,细颗粒物(PM2.5)
洛阳市,春都路1号院,112.4600,34.6949,2025-01-23T2300,69,84,1.2,47,7,31,42,93,细颗粒物(PM2.5)
漯河市,三五一五工厂,114.051,33.5699,2025-01-23T2300,112,,0.9,24,4,20,37,147,细颗粒物(PM2.5)
漯河市,漯河大学,114.0055,33.5698,2025-01-23T2300,97,108,0.9,27,5,20,38,128,细颗粒物(PM2.5)
漯河市,市水利局,114.0138,33.5828,2025-01-23T2300,97,107,0.8,24,3,19,35,128,细颗粒物(PM2.5)
漯河市,市广电局,114.0261,33.5698,2025-01-23T2300,102,115,0.9,23,6,20,35,134,细颗粒物(PM2.5)
漯河市,市图书馆,113.9749,33.5664,2025-01-23T2300,108,123,1.0,29,2,22,36,142,细颗粒物(PM2.5)
漯河市,召陵区卫健委,114.0967,33.5906,2025-01-23T2300,106,128,0.8,23,2,16,31,139,细颗粒物(PM2.5)
马鞍山市,湖东路四小,118.5092,31.6837,2025-01-23T2300,46,72,0.9,36,4,45,49,64,细颗粒物(PM2.5)
马鞍山市,开发区,118.5024,31.6449,2025-01-23T2300,57,81,0.8,34,7,37,48,78,细颗粒物(PM2.5)
马鞍山市,濮塘,118.6245,31.7241,2025-01-23T2300,49,70,0.7,32,4,46,54,68,细颗粒物(PM2.5)
马鞍山市,雨山,118.4918,31.6809,2025-01-23T2300,47,71,1.1,34,6,43,47,65,细颗粒物(PM2.5)
马鞍山市,慈湖高新区,118.5274,31.72227,2025-01-23T2300,42,78,0.7,28,8,46,55,64,颗粒物(PM10)
茂名市,电白南海,111.0286,21.4688,2025-01-23T2300,9,29,0.4,16,5,84,90,29,
茂名市,茂石化七小,110.9294,21.6533,2025-01-23T2300,7,27,0.4,12,7,78,88,27,
茂名市,健康路,110.9107,21.6687,2025-01-23T2300,17,24,0.7,12,6,86,91,27,
茂名市,高岭,110.8592,21.6828,2025-01-23T2300,14,41,0.6,19,7,74,85,41,
茂名市,电白水东,111.01,21.5165,2025-01-23T2300,12,24,0.6,7,6,81,88,26,
眉山市,黑龙滩水库,104.0308,30.0478,2025-01-23T2300,122,134,0.8,11,3,36,55,160,细颗粒物(PM2.5)
眉山市,气象局,103.8416,30.0874,2025-01-23T2300,153,215,1.2,33,4,28,54,203,细颗粒物(PM2.5)
眉山市,市委党校,103.8578,30.0744,2025-01-23T2300,149,168,1.2,45,6,21,53,199,细颗粒物(PM2.5)
眉山市,区人社局,103.8291,30.0564,2025-01-23T2300,161,,1.3,38,8,25,50,211,细颗粒物(PM2.5)
梅州市,梅江月梅,116.1231,24.3284,2025-01-23T2300,36,46,0.5,32,8,58,123,52,细颗粒物(PM2.5)
梅州市,梅县新城,116.0797,24.2719,2025-01-23T2300,50,75,1.2,59,4,15,111,69,细颗粒物(PM2.5)
梅州市,环境监控中心,116.1248,24.2654,2025-01-23T2300,39,55,0.8,69,6,12,108,55,细颗粒物(PM2.5)
梅州市,梅龙,116.1233,24.2991,2025-01-23T2300,61,88,1.6,59,8,16,110,83,细颗粒物(PM2.5)
绵阳市,富乐山,104.7778,31.4741,2025-01-23T2300,124,152,0.8,16,3,44,23,163,细颗粒物(PM2.5)
绵阳市,高新区自来水公司,104.6697,31.4668,2025-01-23T2300,105,147,1.0,33,3,17,14,138,细颗粒物(PM2.5)
绵阳市,三水厂,104.7287,31.5075,2025-01-23T2300,129,150,0.9,24,1,26,21,170,细颗粒物(PM2.5)
绵阳市,西科大附属小学,104.69,31.5322,2025-01-23T2300,118,137,1.0,17,5,26,19,155,细颗粒物(PM2.5)
绵阳市,安州区旅游局,104.5648,31.5343,2025-01-23T2300,146,157,1.3,26,11,16,19,195,细颗粒物(PM2.5)
绵阳市,绵阳市气象局,104.7651,31.4531,2025-01-23T2300,102,166,0.8,20,11,40,22,134,细颗粒物(PM2.5)
牡丹江市,环保大楼,129.61,44.561,2025-01-23T2300,59,77,0.9,49,9,25,58,80,细颗粒物(PM2.5)
牡丹江市,文化广场,129.6115,44.5782,2025-01-23T2300,103,139,1.7,63,10,13,58,135,细颗粒物(PM2.5)
牡丹江市,第一医院,129.5904,44.5963,2025-01-23T2300,74,86,1.0,33,12,40,58,99,细颗粒物(PM2.5)
牡丹江市,机车工厂,129.6364,44.6075,2025-01-23T2300,64,132,1.5,54,10,10,56,91,颗粒物(PM10)
牡丹江市,第一中学,129.6386,44.5462,2025-01-23T2300,43,46,0.7,20,8,46,55,60,细颗粒物(PM2.5)
内江市,市监测站,105.0703,29.61,2025-01-23T2300,149,,0.7,19,6,20,24,199,细颗粒物(PM2.5)
内江市,东兴区政府,105.0717,29.5947,2025-01-23T2300,149,,0.8,29,4,20,31,199,细颗粒物(PM2.5)
内江市,内江二中,105.0653,29.5817,2025-01-23T2300,153,,1.2,28,9,20,31,203,细颗粒物(PM2.5)
内江市,内江日报社,105.0406,29.5822,2025-01-23T2300,148,,,21,11,22,31,198,细颗粒物(PM2.5)
那曲市,那曲监测站,92.0657,31.4846,2025-01-23T2300,37,43,1.9,16,16,36,95,53,细颗粒物(PM2.5)
那曲市,那曲会议中心,92.0506,31.4797,2025-01-23T2300,20,36,1.3,11,4,69,94,36,
南昌市,省外办,115.8931,28.6843,2025-01-23T2300,171,192,1.1,9,10,85,103,221,细颗粒物(PM2.5)
南昌市,省林业公司,115.8886,28.7003,2025-01-23T2300,151,200,1.0,35,12,102,112,201,细颗粒物(PM2.5)
南昌市,林科所,115.8126,28.7442,2025-01-23T2300,129,161,1.8,42,8,126,132,170,细颗粒物(PM2.5)
南昌市,建工学校,115.8518,28.687,2025-01-23T2300,121,200,1.5,50,15,117,122,159,细颗粒物(PM2.5)
南昌市,象湖,115.8921,28.6424,2025-01-23T2300,146,168,1.5,38,11,118,128,195,细颗粒物(PM2.5)
南昌市,武术学校,115.7423,28.7996,2025-01-23T2300,67,76,0.8,20,4,45,94,90,细颗粒物(PM2.5)
南昌市,机电学校,115.9084,28.6062,2025-01-23T2300,151,205,1.2,35,11,112,119,201,细颗粒物(PM2.5)
南昌市,外国语学校,115.9721,28.7031,2025-01-23T2300,148,201,1.0,41,13,99,121,198,细颗粒物(PM2.5)
南昌市,南京东路235号,115.9316,28.68677,2025-01-23T2300,163,200,1.1,38,9,105,118,213,细颗粒物(PM2.5)
南充市,西山风景区,106.056,30.8064,2025-01-23T2300,105,134,1.5,12,3,10,12,138,细颗粒物(PM2.5)
南充市,南充市委,106.0789,30.8023,2025-01-23T2300,158,197,1.2,23,2,6,9,208,细颗粒物(PM2.5)
南充市,南充炼油厂,106.1031,30.8217,2025-01-23T2300,155,161,1.4,21,3,8,10,205,细颗粒物(PM2.5)
南充市,嘉陵区环保局,106.0642,30.7636,2025-01-23T2300,141,155,1.4,26,2,8,10,188,细颗粒物(PM2.5)
南充市,市环境监测站,106.1087,30.8388,2025-01-23T2300,130,158,1.2,14,5,8,10,172,细颗粒物(PM2.5)
南充市,梨树横街98号,106.1083,30.7884,2025-01-23T2300,142,154,1.1,23,7,6,7,189,细颗粒物(PM2.5)
南京市,迈皋桥,118.8086,32.1065,2025-01-23T2300,39,51,0.4,81,4,20,41,55,细颗粒物(PM2.5)
南京市,草场门,118.7538,32.0551,2025-01-23T2300,29,46,0.4,37,6,32,28,46,
南京市,山西路,118.7794,32.0745,2025-01-23T2300,41,53,0.3,47,5,31,58,58,细颗粒物(PM2.5)
南京市,中华门,118.7752,32.0023,2025-01-23T2300,29,41,0.7,28,10,46,37,42,
南京市,瑞金路,118.8109,32.0309,2025-01-23T2300,29,48,0.4,21,7,41,38,48,
南京市,玄武湖,118.7997,32.0754,2025-01-23T2300,37,67,0.5,36,7,16,39,59,颗粒物(PM10)
南京市,浦口,118.6414,32.0931,2025-01-23T2300,46,69,0.7,46,5,10,40,64,细颗粒物(PM2.5)
南京市,奥体中心,118.7356,31.9996,2025-01-23T2300,,,,,,,,,
南京市,仙林大学城,118.9125,32.1028,2025-01-23T2300,29,41,0.6,31,6,47,44,42,
南京市,江宁彩虹桥,118.8436,31.9198,2025-01-23T2300,31,55,0.4,19,4,55,48,53,颗粒物(PM10)
南京市,溧水永阳,119.0138,31.6494,2025-01-23T2300,32,41,0.8,28,4,50,40,46,
南京市,六合雄州,118.8554,32.3578,2025-01-23T2300,19,39,0.3,1,4,48,58,39,
南京市,汶溪路181号,118.8708,31.3402,2025-01-23T2300,41,64,0,22,12,42,50,58,细颗粒物(PM2.5)
南宁市,二十一中,108.3103,22.7881,2025-01-23T2300,32,37,0.8,20,6,79,102,46,
南宁市,北湖,108.3141,22.8528,2025-01-23T2300,33,38,0.9,16,8,73,90,48,
南宁市,市监测站,108.3206,22.8225,2025-01-23T2300,36,40,0.9,17,10,76,94,52,细颗粒物(PM2.5)
南宁市,大自然花园,108.3829,22.8037,2025-01-23T2300,35,39,1.1,14,6,80,100,50,
南宁市,仙葫,108.4394,22.7904,2025-01-23T2300,38,45,0.7,13,3,70,90,54,细颗粒物(PM2.5)
南宁市,区农职院,108.2397,22.8467,2025-01-23T2300,32,46,0.8,21,7,75,95,46,
南宁市,英华嘉园,108.3275,22.735,2025-01-23T2300,40,47,1.1,23,7,62,91,57,细颗粒物(PM2.5)
南宁市,红星社区,108.4834,22.7618,2025-01-23T2300,42,66,1.0,19,11,69,94,59,细颗粒物(PM2.5)
南宁市,乐贤路16号,108.2177,22.7774,2025-01-23T2300,44,91,0.9,34,3,52,92,71,颗粒物(PM10)
南平市,茫荡山,118.0966,26.6761,2025-01-23T2300,,,,,,,,,
南平市,南平市监测站,118.1681,26.6369,2025-01-23T2300,57,73,1.1,45,6,14,95,78,细颗粒物(PM2.5)
南平市,南平铝业有限公司,118.1825,26.6489,2025-01-23T2300,50,64,0.9,43,6,22,90,69,细颗粒物(PM2.5)
南平市,南平七中,118.1756,26.6272,2025-01-23T2300,44,57,1.0,36,7,26,99,62,细颗粒物(PM2.5)
南通市,狼山街道,120.9098,31.9663,2025-01-23T2300,42,66,0.7,13,6,80,84,59,细颗粒物(PM2.5)
南通市,虹桥,120.86,32.0005,2025-01-23T2300,48,69,0.8,14,5,77,84,67,细颗粒物(PM2.5)
南通市,城中,120.87,32.02,2025-01-23T2300,44,82,,22,8,80,83,,
南通市,星湖花园,120.94,31.93,2025-01-23T2300,38,60,0.6,15,5,80,82,55,颗粒物(PM10)
南通市,紫琅学院,120.81,32.0417,2025-01-23T2300,45,68,1.1,19,3,81,79,63,细颗粒物(PM2.5)
南通市,通州监测站,121.067,32.062,2025-01-23T2300,48,70,0.9,20,3,90,94,67,细颗粒物(PM2.5)
南通市,环境教育馆,120.9348,31.9883,2025-01-23T2300,51,58,0.6,13,5,85,93,70,细颗粒物(PM2.5)
南阳市,瓦房庄,112.5224,33.0122,2025-01-23T2300,80,93,0.9,17,6,42,55,107,细颗粒物(PM2.5)
南阳市,汉画馆,112.5003,32.9735,2025-01-23T2300,66,81,0.7,20,6,45,57,89,细颗粒物(PM2.5)
南阳市,气象站,112.5573,33.027,2025-01-23T2300,70,96,0.9,18,6,42,55,94,细颗粒物(PM2.5)
南阳市,理工学院,112.5481,32.9689,2025-01-23T2300,73,82,0.8,20,5,43,54,98,细颗粒物(PM2.5)
南阳市,卧龙区政府,112.5234,32.9922,2025-01-23T2300,77,86,0.8,20,5,42,54,103,细颗粒物(PM2.5)
宁波市,区环保大楼,121.8358,29.911,2025-01-23T2300,9,29,0.5,,6,24,49,,
宁波市,万里学院,121.56,29.82,2025-01-23T2300,22,42,0.5,63,5,22,59,42,
宁波市,龙赛医院,121.713,29.9572,2025-01-23T2300,15,32,0.5,54,10,33,42,32,
宁波市,钱湖水厂,121.633,29.7733,2025-01-23T2300,9,18,0.8,11,5,61,56,20,
宁波市,太古小学,121.5856,29.8635,2025-01-23T2300,22,47,0.8,51,7,21,62,47,
宁波市,市环境监测中心,121.524,29.8674,2025-01-23T2300,21,61,0.8,44,5,24,63,56,颗粒物(PM10)
宁波市,万里国际学校,121.6147,29.9017,2025-01-23T2300,18,47,0.7,58,6,20,58,47,
宁波市,白沙活动中心,121.5594,29.8975,2025-01-23T2300,22,48,0.6,38,5,28,67,48,
宁德市,金涵水库,119.5001,26.6946,2025-01-23T2300,,,,,,,,,
宁德市,宁德市监测站,119.5388,26.6612,2025-01-23T2300,26,29,0.2,8,3,82,98,38,
宁德市,宁德一中,119.5231,26.6562,2025-01-23T2300,29,,0.1,6,3,84,96,42,
怒江傈僳族自治州,州监测站,98.8601,25.8567,2025-01-23T2300,36,45,0.6,23,5,51,83,52,细颗粒物(PM2.5)
怒江傈僳族自治州,泸水一中,98.8546,25.8417,2025-01-23T2300,49,63,1.0,29,8,20,70,68,细颗粒物(PM2.5)
攀枝花市,弄弄坪,101.6891,26.571,2025-01-23T2300,55,84,1.6,42,28,45,100,75,细颗粒物(PM2.5)
攀枝花市,河门口,101.5769,26.5928,2025-01-23T2300,73,101,1.4,35,20,49,109,98,细颗粒物(PM2.5)
攀枝花市,炳草岗,101.7169,26.585,2025-01-23T2300,64,103,1.8,83,13,4,98,87,细颗粒物(PM2.5)
攀枝花市,仁和,101.7369,26.5008,2025-01-23T2300,56,82,0.9,30,9,34,109,77,细颗粒物(PM2.5)
攀枝花市,四十中小,101.7227,26.567,2025-01-23T2300,84,131,2.6,77,46,20,85,112,细颗粒物(PM2.5)
盘锦市,开发区,122.0303,41.1489,2025-01-23T2300,,,,,,,23,,
盘锦市,兴隆台,122.0485,41.0883,2025-01-23T2300,87,107,1.5,70,19,13,58,115,细颗粒物(PM2.5)
盘锦市,新生街道,121.8297,41.1028,2025-01-23T2300,55,67,1.2,80,14,13,71,75,细颗粒物(PM2.5)
平顶山市,新华旅馆,113.3257,33.742,2025-01-23T2300,60,87,0.5,28,4,35,52,82,细颗粒物(PM2.5)
平顶山市,规划设计院,113.2919,33.737,2025-01-23T2300,64,83,0.7,24,5,40,59,87,细颗粒物(PM2.5)
平顶山市,平顶山工学院,113.182,33.774,2025-01-23T2300,70,101,0.7,26,5,31,53,94,细颗粒物(PM2.5)
平顶山市,规划局,113.3025,33.73,2025-01-23T2300,66,78,1.4,23,1,37,55,89,细颗粒物(PM2.5)
平顶山市,石龙区,112.8867,33.9116,2025-01-23T2300,100,111,1.0,19,6,21,44,132,细颗粒物(PM2.5)
平凉市,聚贤嘉苑,106.6692,35.5461,2025-01-23T2300,172,238,1.8,52,18,67,112,222,细颗粒物(PM2.5)
平凉市,博物馆,106.7021,35.5307,2025-01-23T2300,176,227,1.5,39,15,96,115,226,细颗粒物(PM2.5)
萍乡市,武功山,114.0997,27.5002,2025-01-23T2300,57,83,1.1,19,11,44,96,78,细颗粒物(PM2.5)
萍乡市,中医院,113.8385,27.6434,2025-01-23T2300,50,87,0.9,17,10,97,103,69,"颗粒物(PM10),细颗粒物(PM2.5)"
萍乡市,市政府车库,113.8493,27.6253,2025-01-23T2300,68,80,0.9,29,14,77,99,92,细颗粒物(PM2.5)
萍乡市,市环保局,113.8676,27.6435,2025-01-23T2300,63,87,0.9,21,18,93,99,85,细颗粒物(PM2.5)
萍乡市,安源区政府,113.866,27.6198,2025-01-23T2300,58,83,1.1,24,14,82,98,79,细颗粒物(PM2.5)
莆田市,荔城区仓后路,119.0141,25.4325,2025-01-23T2300,15,30,0.5,12,2,78,108,30,
莆田市,莆田市监测站,119.0015,25.4553,2025-01-23T2300,6,13,0.3,5,2,90,112,29,
莆田市,涵江区六中,119.1119,25.4561,2025-01-23T2300,7,16,0.3,6,2,94,113,30,
莆田市,秀屿区政府,119.1013,25.3215,2025-01-23T2300,17,32,0.4,10,3,81,115,32,
莆田市,东圳水库,118.981,25.4792,2025-01-23T2300,,,,,,,,,
濮阳市,环保局,115.0312,35.7636,2025-01-23T2300,93,106,1.0,43,9,35,54,123,细颗粒物(PM2.5)
濮阳市,油田运输公司,115.0574,35.7609,2025-01-23T2300,95,129,1.1,31,8,34,53,125,细颗粒物(PM2.5)
濮阳市,濮水河管理处,115,35.7668,2025-01-23T2300,95,130,1.2,49,8,18,55,125,细颗粒物(PM2.5)
濮阳市,任丘路479号,115.0924,35.7686,2025-01-23T2300,101,141,1.4,33,10,28,53,133,细颗粒物(PM2.5)
普洱市,市环保局,100.98,22.7633,2025-01-23T2300,17,62,0.5,9,5,58,86,56,颗粒物(PM10)
普洱市,普洱第二中学,100.9817,22.8322,2025-01-23T2300,63,64,0.9,34,4,19,84,85,细颗粒物(PM2.5)
七台河市,新一中,131.0518,45.8751,2025-01-23T2300,99,118,2.7,78,15,25,98,130,细颗粒物(PM2.5)
七台河市,中波台,131.0577,45.7879,2025-01-23T2300,98,102,1.1,62,7,40,74,129,细颗粒物(PM2.5)
七台河市,人民广场,131.0176,45.7761,2025-01-23T2300,105,149,,67,8,38,69,138,细颗粒物(PM2.5)
七台河市,新建矿广场,130.8781,45.8222,2025-01-23T2300,91,97,0.8,53,3,37,59,120,细颗粒物(PM2.5)
齐齐哈尔市,安居小区,123.9305,47.3636,2025-01-23T2300,253,,1.8,69,8,6,33,303,细颗粒物(PM2.5)
齐齐哈尔市,中心广场,123.9488,47.3386,2025-01-23T2300,325,388,2.7,88,6,12,32,375,细颗粒物(PM2.5)
齐齐哈尔市,农牧车辆厂,123.9483,47.3227,2025-01-23T2300,292,339,2.1,84,9,6,32,342,细颗粒物(PM2.5)
齐齐哈尔市,市环境监测站,123.945,47.2988,2025-01-23T2300,297,340,2.3,76,2,10,41,347,细颗粒物(PM2.5)
齐齐哈尔市,富区青少年活动中心,123.6333,47.2075,2025-01-23T2300,,,,,,,28,,
黔东南苗族侗族自治州,市环境监测站,107.9783,26.5747,2025-01-23T2300,92,112,0.9,14,4,56,52,122,细颗粒物(PM2.5)
黔东南苗族侗族自治州,凯里学院,107.8908,26.5311,2025-01-23T2300,86,92,1.0,10,5,57,58,114,细颗粒物(PM2.5)
黔南布依族苗族自治州,小围寨,107.5228,26.2403,2025-01-23T2300,44,,0.8,13,6,30,37,62,细颗粒物(PM2.5)
黔南布依族苗族自治州,沙坝,107.5175,26.2978,2025-01-23T2300,46,58,0.8,15,4,35,37,64,细颗粒物(PM2.5)
黔西南布依族苗族自治州,场坝街,104.9022,25.0925,2025-01-23T2300,54,61,0.5,12,3,81,123,74,细颗粒物(PM2.5)
黔西南布依族苗族自治州,坪东大道,104.8811,25.0992,2025-01-23T2300,51,61,0.3,14,5,80,116,70,细颗粒物(PM2.5)
钦州市,市环保站,108.6236,21.9667,2025-01-23T2300,27,34,0.7,20,7,80,89,39,
钦州市,沙埠小学,108.6549,21.9481,2025-01-23T2300,27,47,0.7,19,5,80,84,47,
钦州市,港区一小,108.5989,21.7431,2025-01-23T2300,22,35,0.7,53,11,44,90,35,
钦州市,北职校,108.5959,21.9633,2025-01-23T2300,36,43,0.8,18,5,75,88,52,细颗粒物(PM2.5)
秦皇岛市,北戴河环保局,119.5134,39.8207,2025-01-23T2300,,,,,,,,,
秦皇岛市,第一关,119.7493,40.0116,2025-01-23T2300,50,,0.8,65,8,3,61,69,细颗粒物(PM2.5)
秦皇岛市,监测站,119.5897,39.9499,2025-01-23T2300,38,53,0.8,51,5,20,64,54,细颗粒物(PM2.5)
秦皇岛市,建设大厦,119.5251,39.9041,2025-01-23T2300,46,62,0.7,50,7,21,69,64,细颗粒物(PM2.5)
秦皇岛市,文明里,119.610547,39.943889,2025-01-23T2300,35,67,0.5,32,7,30,59,59,颗粒物(PM10)
青岛市,仰口,120.6659,36.2403,2025-01-23T2300,17,,0.4,11,2,64,74,25,
青岛市,市南区东部子站,120.4134,36.0658,2025-01-23T2300,9,29,0.6,22,8,60,73,29,
青岛市,四方区子站,120.3664,36.1032,2025-01-23T2300,14,24,0.5,,4,52,56,,
青岛市,市南区西部子站,120.2994,36.054,2025-01-23T2300,3,9,0.5,15,4,66,72,21,
青岛市,崂山区子站,120.4581,36.0858,2025-01-23T2300,7,12,0.4,14,8,69,77,22,
青岛市,黄岛区子站,120.1983,35.9608,2025-01-23T2300,7,9,0.5,26,6,57,67,18,
青岛市,城阳区子站,120.3999,36.3083,2025-01-23T2300,24,44,0.7,25,7,47,62,44,
青岛市,黄岛区4号,120.0405,35.8735,2025-01-23T2300,3,14,0.7,21,10,68,73,22,
青岛市,即墨2号,120.5014,36.4034,2025-01-23T2300,14,15,0.6,13,6,66,75,21,
青岛市,市北区南部,120.3503,36.0736,2025-01-23T2300,7,20,0.6,19,5,56,62,20,
青岛市,李沧区北部,120.3948,36.1805,2025-01-23T2300,27,27,0.5,29,10,56,61,39,
清远市,环保大楼,113.0426,23.691,2025-01-23T2300,51,75,0.9,25,4,84,145,70,细颗粒物(PM2.5)
清远市,凤城街办,113.0208,23.7106,2025-01-23T2300,71,96,0.9,32,8,74,136,95,细颗粒物(PM2.5)
清远市,技师学院,113.0477,23.6344,2025-01-23T2300,33,55,0.5,19,5,83,144,53,颗粒物(PM10)
清远市,清新太和,112.9903,23.7403,2025-01-23T2300,74,118,0.8,35,8,72,142,99,细颗粒物(PM2.5)
清远市,清城东城,113.076,23.7198,2025-01-23T2300,52,74,0.7,20,5,85,133,72,细颗粒物(PM2.5)
庆阳市,庆阳五中,107.6325,35.7357,2025-01-23T2300,166,179,1.5,42,13,61,104,216,细颗粒物(PM2.5)
庆阳市,市环保局,107.6364,35.7067,2025-01-23T2300,156,168,1.4,29,7,71,110,206,细颗粒物(PM2.5)
曲靖市,环境监测站,103.7897,25.5035,2025-01-23T2300,17,40,0.6,25,5,64,102,40,
曲靖市,烟厂办公区,103.8,25.5364,2025-01-23T2300,16,30,0.2,13,3,73,93,30,
曲靖市,南苑二区,103.7947,25.462,2025-01-23T2300,31,,0.4,12,4,78,102,45,
曲靖市,曲靖师范学院,103.7444,25.5261,2025-01-23T2300,15,30,0.2,11,5,85,105,30,
衢州市,环保大楼,118.8692,28.9398,2025-01-23T2300,78,114,0.5,17,4,78,111,104,细颗粒物(PM2.5)
衢州市,实验学校,118.8709,28.9666,2025-01-23T2300,73,94,0.4,23,4,98,131,98,细颗粒物(PM2.5)
衢州市,衢州学院,118.8621,28.9808,2025-01-23T2300,67,91,0.4,29,3,90,122,90,细颗粒物(PM2.5)
泉州市,涂山街,118.5819,24.9117,2025-01-23T2300,14,22,0.6,8,4,89,111,28,
泉州市,津头埔,118.5972,24.8978,2025-01-23T2300,13,20,0.6,13,2,82,106,26,
泉州市,万安,118.6663,24.9424,2025-01-23T2300,13,19,0.5,11,3,92,123,29,
泉州市,清源山,118.6117,24.9604,2025-01-23T2300,,,,,,,,,
泉州市,城华南路,118.6333,24.9264,2025-01-23T2300,8,22,0.4,9,3,88,115,28,
日喀则市,日喀则监测站,88.8876,29.2718,2025-01-23T2300,29,77,0.9,40,3,73,102,64,颗粒物(PM10)
日喀则市,林业技术推广中心,88.8781,29.2426,2025-01-23T2300,10,55,0.3,2,6,102,100,53,颗粒物(PM10)
日照市,监测站,119.471,35.4209,2025-01-23T2300,10,19,0.4,26,5,61,75,20,
日照市,市政府广场,119.523,35.4216,2025-01-23T2300,3,22,0.4,14,3,73,82,23,
日照市,港务局,119.5587,35.4044,2025-01-23T2300,11,17,0.4,30,6,68,84,22,
日照市,职业技术学院,119.5328,35.4625,2025-01-23T2300,3,19,0.5,17,3,63,81,20,
日照市,岚山环保分局,119.3266,35.1044,2025-01-23T2300,13,29,0.7,26,4,74,80,29,
三门峡市,市政府,111.1922,34.7752,2025-01-23T2300,98,,1.0,23,8,59,72,129,细颗粒物(PM2.5)
三门峡市,开发区,111.1587,34.7942,2025-01-23T2300,107,109,1.0,23,4,59,68,140,细颗粒物(PM2.5)
三门峡市,风景区,111.143,34.7955,2025-01-23T2300,86,,1.2,25,8,58,65,114,细颗粒物(PM2.5)
三门峡市,三门峡市第一小学,111.1911,34.7829,2025-01-23T2300,94,,1.0,20,4,59,66,124,细颗粒物(PM2.5)
三门峡市,富达温泉假日酒店,111.1,34.7167,2025-01-23T2300,92,106,0.9,24,7,42,65,122,细颗粒物(PM2.5)
三明市,三钢,117.6211,26.2625,2025-01-23T2300,39,41,0.6,32,3,49,109,55,细颗粒物(PM2.5)
三明市,三明二中,117.635,26.2714,2025-01-23T2300,32,49,1.0,37,3,35,102,49,
三明市,三元区政府,117.6028,26.2378,2025-01-23T2300,32,53,0.9,44,4,24,105,52,颗粒物(PM10)
三明市,洋溪,117.7275,26.3108,2025-01-23T2300,,,,,,,,,
三亚市,河东子站,109.5078,18.2489,2025-01-23T2300,20,36,0.5,7,3,72,85,36,
三亚市,河西子站,109.4964,18.2681,2025-01-23T2300,17,32,0.5,8,3,67,82,32,
三亚市,君悦子站,109.7348,18.3443,2025-01-23T2300,18,51,0.4,5,4,95,98,51,颗粒物(PM10)
山南市,山南监测站,91.7608,29.2313,2025-01-23T2300,10,58,0.3,1,4,90,94,54,颗粒物(PM10)
山南市,山南人民医院,91.7706,29.2436,2025-01-23T2300,16,115,0.4,1,2,87,92,83,颗粒物(PM10)
汕头市,金平子站,116.6794,23.3667,2025-01-23T2300,14,21,0.8,16,4,91,115,29,
汕头市,龙湖子站,116.7244,23.3633,2025-01-23T2300,16,25,0.7,11,2,99,119,31,
汕头市,濠江子站,116.7258,23.2775,2025-01-23T2300,14,,0.7,6,3,108,117,34,
汕头市,澄海子站,116.7519,23.4714,2025-01-23T2300,14,19,0.9,14,12,100,122,32,
汕头市,潮阳子站,116.6092,23.2539,2025-01-23T2300,3,18,0.4,8,6,104,119,33,
汕头市,潮南峡山,116.454,23.2684,2025-01-23T2300,13,23,0.7,14,8,73,112,23,
汕头市,潮南子站,116.4069,23.2533,2025-01-23T2300,12,30,0.6,12,7,87,119,30,
汕尾市,市环保局,115.3653,22.775,2025-01-23T2300,13,14,0.8,12,8,90,118,29,
汕尾市,市政府,115.3706,22.7898,2025-01-23T2300,17,25,0.7,12,10,83,112,26,
汕尾市,新城中学,115.3622,22.7925,2025-01-23T2300,16,18,0.4,8,8,89,116,28,
商洛市,监测站,109.9154,33.8715,2025-01-23T2300,126,151,1.2,30,5,94,112,166,细颗粒物(PM2.5)
商洛市,商州区中学,109.9643,33.8471,2025-01-23T2300,131,,1.2,25,6,86,101,173,细颗粒物(PM2.5)
商丘市,环境监测站,115.6702,34.4285,2025-01-23T2300,143,185,,49,4,8,25,190,细颗粒物(PM2.5)
商丘市,粮食局,115.6458,34.4045,2025-01-23T2300,134,154,1.0,41,2,10,29,178,细颗粒物(PM2.5)
商丘市,睢阳区环保局,115.6293,34.3948,2025-01-23T2300,138,152,0.8,38,2,17,34,183,细颗粒物(PM2.5)
商丘市,梁园区档案局,115.6071,34.4465,2025-01-23T2300,153,,,,,,31,203,细颗粒物(PM2.5)
上海市,普陀,121.4,31.238,2025-01-23T2300,26,52,0.7,39,5,58,74,51,颗粒物(PM10)
上海市,十五厂,121.478,31.2036,2025-01-23T2300,26,53,0.6,51,6,47,82,52,颗粒物(PM10)
上海市,虹口,121.467,31.3008,2025-01-23T2300,33,61,0.8,70,8,36,79,56,颗粒物(PM10)
上海市,静安监测站,121.425,31.2261,2025-01-23T2300,29,53,0.6,45,8,56,80,52,颗粒物(PM10)
上海市,浦东川沙,121.703,31.1907,2025-01-23T2300,27,56,0.5,37,6,65,86,53,颗粒物(PM10)
上海市,浦东新区监测站,121.533,31.2284,2025-01-23T2300,34,53,0.7,65,6,40,85,52,颗粒物(PM10)
上海市,浦东张江,121.577,31.2071,2025-01-23T2300,34,56,0.8,35,6,65,86,53,颗粒物(PM10)
上海市,宝山庙行,121.4316,31.3322,2025-01-23T2300,34,69,0.5,41,7,56,76,60,颗粒物(PM10)
上海市,崇明上实东滩,121.8791,31.4662,2025-01-23T2300,32,89,0.6,12,6,91,95,70,颗粒物(PM10)
上海市,嘉定南翔,121.3162,31.2838,2025-01-23T2300,30,62,0.5,36,5,58,74,56,颗粒物(PM10)
上海市,金山新城,121.3359,30.7456,2025-01-23T2300,29,42,0.5,30,2,55,76,42,
上海市,闵行浦江,121.4996,31.0739,2025-01-23T2300,26,52,0.3,31,4,66,85,51,颗粒物(PM10)
上海市,青浦徐泾,121.2886,31.1663,2025-01-23T2300,29,51,0.6,49,5,44,82,51,颗粒物(PM10)
上海市,松江图书馆,121.2186,31.0378,2025-01-23T2300,30,48,0.6,30,6,59,78,48,
上海市,长宁仙霞,121.3902,31.2059,2025-01-23T2300,29,53,0.5,42,8,58,85,52,颗粒物(PM10)
上海市,浦东惠南,121.7965,31.0507,2025-01-23T2300,23,49,0.6,27,5,71,90,49,
上海市,奉贤南桥新城,121.4891,30.925,2025-01-23T2300,25,43,0.5,32,6,58,84,43,
上海市,冠生园路458号,121.4174,31.16637,2025-01-23T2300,27,50,0.6,31,6,55,73,50,
上海市,宁武路151号,121.5419,31.2683,2025-01-23T2300,31,58,0.5,54,4,44,69,54,颗粒物(PM10)
上饶市,百草园,118.005,28.4572,2025-01-23T2300,50,60,1.0,8,29,108,132,69,细颗粒物(PM2.5)
上饶市,市监测站,117.9756,28.4436,2025-01-23T2300,37,63,0.7,14,26,100,130,57,颗粒物(PM10)
上饶市,凤凰光学,117.9519,28.4628,2025-01-23T2300,38,67,1.0,22,24,89,122,59,颗粒物(PM10)
上饶市,双创科技城,117.897,28.4315,2025-01-23T2300,47,64,0.8,22,28,,117,,
上饶市,裕丰大道,118.1904,28.4448,2025-01-23T2300,46,83,0.9,23,8,102,127,67,颗粒物(PM10)
韶关市,市八中,113.5824,24.7733,2025-01-23T2300,61,106,1.0,44,8,48,118,83,细颗粒物(PM2.5)
韶关市,园林处,113.5917,24.7972,2025-01-23T2300,65,82,1.2,84,9,8,125,88,细颗粒物(PM2.5)
韶关市,韶关学院,113.6735,24.7791,2025-01-23T2300,65,96,1.7,33,12,34,107,88,细颗粒物(PM2.5)
韶关市,曲江监测站,113.5971,24.6863,2025-01-23T2300,66,104,1.8,46,16,36,103,89,细颗粒物(PM2.5)
韶关市,碧湖山庄,113.5556,24.8082,2025-01-23T2300,60,94,1.1,49,6,34,100,82,细颗粒物(PM2.5)
邵阳市,市水土所,111.5239,27.3033,2025-01-23T2300,,,,,,,,,
邵阳市,市化工厂,111.5283,27.2442,2025-01-23T2300,180,214,1.5,20,12,87,109,230,细颗粒物(PM2.5)
邵阳市,市环保局,111.4328,27.2272,2025-01-23T2300,167,,1.3,23,14,94,114,217,细颗粒物(PM2.5)
邵阳市,邵阳卫生学校,111.4399,27.2495,2025-01-23T2300,175,,1.1,24,13,92,108,225,细颗粒物(PM2.5)
邵阳市,邵阳市第二中学图书馆,111.4684,27.2316,2025-01-23T2300,175,,1.1,19,9,99,108,225,细颗粒物(PM2.5)
绍兴市,城东开发委,120.6053,29.9928,2025-01-23T2300,30,45,0.6,23,6,53,80,45,
绍兴市,树下王站,120.5483,30.0003,2025-01-23T2300,38,58,0.8,19,6,53,82,54,"颗粒物(PM10),细颗粒物(PM2.5)"
绍兴市,绍兴中专,120.5683,29.9361,2025-01-23T2300,26,53,0.6,28,7,54,83,52,颗粒物(PM10)
绍兴市,柯桥区政府,120.4906,30.0861,2025-01-23T2300,20,35,0.8,20,7,59,78,35,
绍兴市,重华小学,120.8752,30.0249,2025-01-23T2300,35,50,0.7,24,8,46,68,50,
绍兴市,上虞中学,120.8369,30.0137,2025-01-23T2300,33,,0.6,19,6,49,70,48,
绍兴市,柯桥妇保,120.4722,30.0415,2025-01-23T2300,28,64,0.5,,6,54,79,,
绍兴市,袍江中学,120.6153,30.0764,2025-01-23T2300,18,28,0.9,24,1,50,75,28,
深圳市,通心岭子站,114.1063,22.5545,2025-01-23T2300,21,31,0.5,8,6,116,58,37,
深圳市,洪湖,114.117,22.5625,2025-01-23T2300,29,44,0.6,28,6,93,58,44,
深圳市,华侨城,113.987,22.5417,2025-01-23T2300,16,31,0.6,18,6,6,51,31,
深圳市,南海子站,113.9181,22.5171,2025-01-23T2300,28,52,0.6,41,7,70,69,51,颗粒物(PM10)
深圳市,盐田,114.2458,22.5689,2025-01-23T2300,34,46,0.6,106,9,24,64,53,二氧化氮
深圳市,龙岗,114.2283,22.7244,2025-01-23T2300,25,33,0.5,7,7,114,90,36,
深圳市,南澳,114.494,22.5422,2025-01-23T2300,14,23,0.6,6,7,93,91,30,
深圳市,葵涌,114.41,22.6342,2025-01-23T2300,9,15,0.6,9,4,105,96,33,
深圳市,梅沙,114.297,22.5978,2025-01-23T2300,23,32,0.7,10,6,119,99,38,
深圳市,观澜,114.0678,22.738,2025-01-23T2300,31,43,0.5,30,7,59,92,45,
深圳市,莲花,114.0731,22.559,2025-01-23T2300,20,41,0.7,8,4,111,39,41,
深圳市,民治,114.0261,22.6198,2025-01-23T2300,23,41,0.7,20,6,99,69,41,
深圳市,横岗,114.1871,22.6451,2025-01-23T2300,33,48,0.7,20,8,101,66,48,
深圳市,坪山,114.3551,22.7151,2025-01-23T2300,20,29,0.7,13,5,106,97,34,
深圳市,西乡,113.8953,22.5861,2025-01-23T2300,29,40,0.7,74,8,21,75,42,
沈阳市,森林路,123.6836,41.9339,2025-01-23T2300,,,,,,,,,
沈阳市,浑南东路,123.505,41.7406,2025-01-23T2300,66,90,0.9,51,13,31,64,89,细颗粒物(PM2.5)
沈阳市,新秀街,123.4231,41.6989,2025-01-23T2300,72,108,1.1,81,16,9,52,97,细颗粒物(PM2.5)
沈阳市,东陵路,123.5903,41.8411,2025-01-23T2300,58,79,0.8,35,8,38,54,79,细颗粒物(PM2.5)
沈阳市,陵东街,123.4264,41.8467,2025-01-23T2300,111,147,1.7,81,13,6,38,145,细颗粒物(PM2.5)
沈阳市,文化路,123.4114,41.7653,2025-01-23T2300,90,124,1.3,72,27,17,63,119,细颗粒物(PM2.5)
沈阳市,小河沿,123.4678,41.7867,2025-01-23T2300,104,144,1.9,86,19,9,57,137,细颗粒物(PM2.5)
沈阳市,太原街,123.4017,41.7972,2025-01-23T2300,106,137,1.4,79,19,10,52,139,细颗粒物(PM2.5)
沈阳市,京沈街,123.3783,41.9228,2025-01-23T2300,115,130,1.0,70,16,9,48,150,细颗粒物(PM2.5)
沈阳市,沈辽西路,123.2444,41.7347,2025-01-23T2300,114,174,1.8,85,22,7,48,149,细颗粒物(PM2.5)
沈阳市,裕农路,123.5953,41.9086,2025-01-23T2300,56,78,0.9,66,9,14,62,77,细颗粒物(PM2.5)
十堰市,武当山,111.0419,32.395,2025-01-23T2300,49,60,0.8,16,10,75,108,68,细颗粒物(PM2.5)
十堰市,滨河新村,110.78,32.6494,2025-01-23T2300,128,130,1.0,16,7,58,78,169,细颗粒物(PM2.5)
十堰市,刘家沟,110.7258,32.6389,2025-01-23T2300,130,158,1.2,29,8,50,65,172,细颗粒物(PM2.5)
十堰市,铁二处,110.8839,32.5714,2025-01-23T2300,136,,0.7,17,7,53,76,180,细颗粒物(PM2.5)
十堰市,郧阳区金沙路,110.8054,32.8401,2025-01-23T2300,103,,1.0,31,4,55,64,135,细颗粒物(PM2.5)
石河子市,艾青诗歌馆,86.0497,44.2967,2025-01-23T2300,15,38,0.5,18,9,69,79,38,
石河子市,南区管委会,86.047,44.2331,2025-01-23T2300,24,34,0.5,9,6,80,99,35,
石河子市,世纪广场,86.0791,44.3017,2025-01-23T2300,9,43,0.3,17,5,75,80,43,
石家庄市,职工医院,114.4422,38.0444,2025-01-23T2300,66,101,0.8,77,5,4,61,89,细颗粒物(PM2.5)
石家庄市,高新区,114.6063,38.0266,2025-01-23T2300,54,100,0.8,71,5,13,69,75,颗粒物(PM10)
石家庄市,西北水源,114.4898,38.1328,2025-01-23T2300,73,103,0.8,72,3,2,66,98,细颗粒物(PM2.5)
石家庄市,西南高教,114.4586,38.0058,2025-01-23T2300,97,124,0.7,73,7,10,62,128,细颗粒物(PM2.5)
石家庄市,世纪公园,114.5331,38.0178,2025-01-23T2300,48,77,0.7,46,4,29,68,67,细颗粒物(PM2.5)
石家庄市,人民会堂,114.509,38.0457,2025-01-23T2300,72,119,0.7,47,6,22,67,97,细颗粒物(PM2.5)
石家庄市,封龙山,114.3524,37.8911,2025-01-23T2300,38,55,0.7,21,130,77,80,54,细颗粒物(PM2.5)
石家庄市,22中南校区,114.5481,38.0378,2025-01-23T2300,75,93,1.0,70,8,8,62,100,细颗粒物(PM2.5)
石家庄市,鹿泉一中,114.289,38.0906,2025-01-23T2300,56,99,0.6,43,6,23,70,77,细颗粒物(PM2.5)
石家庄市,藁城区实验学校,114.8506765,38.0322033,2025-01-23T2300,93,121,0.9,51,9,19,60,123,细颗粒物(PM2.5)
石家庄市,井陉矿区区委大楼,114.0504658,38.0591645,2025-01-23T2300,55,89,0.7,56,32,19,51,75,细颗粒物(PM2.5)
石家庄市,栾城区星河路,114.6549,37.9020,2025-01-23T2300,82,132,1.3,64,7,8,66,109,细颗粒物(PM2.5)
石嘴山市,沙湖旅游区,106.3394,38.817,2025-01-23T2300,,,,,,,,,
石嘴山市,大武口朝阳西街,106.3668,39.0145,2025-01-23T2300,91,145,1.0,28,22,75,80,120,细颗粒物(PM2.5)
石嘴山市,惠农南大街,106.7704,39.2282,2025-01-23T2300,62,93,1.1,59,21,25,87,84,细颗粒物(PM2.5)
石嘴山市,红果子镇惠新街,106.7099,39.1325,2025-01-23T2300,118,,0.8,35,17,58,86,155,细颗粒物(PM2.5)
石嘴山市,妇女儿童医院,106.3495,38.9836,2025-01-23T2300,77,115,1.1,40,21,59,76,103,细颗粒物(PM2.5)
石嘴山市,石大公路,106.7492,39.2069,2025-01-23T2300,96,116,1.0,59,20,31,87,127,细颗粒物(PM2.5)
双鸭山市,双合村,131.1511,46.6937,2025-01-23T2300,134,230,1.8,36,18,51,66,178,细颗粒物(PM2.5)
双鸭山市,南小市,131.1652,46.6191,2025-01-23T2300,86,,0.8,21,11,80,76,114,细颗粒物(PM2.5)
双鸭山市,环保局,131.1524,46.6554,2025-01-23T2300,99,110,0.9,45,10,48,69,130,细颗粒物(PM2.5)
双鸭山市,苗圃,131.12,46.5656,2025-01-23T2300,78,,0.5,20,3,92,105,104,细颗粒物(PM2.5)
朔州市,平朔,112.4397,39.3522,2025-01-23T2300,113,287,1.4,64,33,5,46,169,颗粒物(PM10)
朔州市,朔唯,112.4575,39.3617,2025-01-23T2300,120,289,1.6,78,43,10,46,170,颗粒物(PM10)
朔州市,区政府,112.4258,39.3197,2025-01-23T2300,139,254,1.6,67,58,13,49,185,细颗粒物(PM2.5)
朔州市,市环保局,112.4072,39.3278,2025-01-23T2300,132,224,1.2,57,44,16,41,175,细颗粒物(PM2.5)
朔州市,市二中,112.4272,39.3681,2025-01-23T2300,119,258,1.4,68,30,4,46,156,细颗粒物(PM2.5)
朔州市,一水厂,112.2931,39.53,2025-01-23T2300,132,230,1.3,68,26,9,59,175,细颗粒物(PM2.5)
四平市,一商场,124.4002,43.1713,2025-01-23T2300,75,94,0.7,47,6,35,66,100,细颗粒物(PM2.5)
四平市,境园,124.388,43.193,2025-01-23T2300,79,106,0.7,52,2,27,60,105,细颗粒物(PM2.5)
四平市,植物园,124.4036,43.1411,2025-01-23T2300,62,79,0.6,41,6,43,64,84,细颗粒物(PM2.5)
四平市,世纪城,124.3419,43.1666,2025-01-23T2300,66,96,0.7,41,7,41,69,89,细颗粒物(PM2.5)
松原市,江南,124.8006,45.1214,2025-01-23T2300,134,148,0.9,51,15,34,67,178,细颗粒物(PM2.5)
松原市,江北,124.7965,45.1722,2025-01-23T2300,,,,,,,37,,
苏州市,上方山,120.561,31.2472,2025-01-23T2300,,,,,,,,,
苏州市,彩香,120.591,31.3019,2025-01-23T2300,26,51,0.5,17,8,54,68,51,颗粒物(PM10)
苏州市,轧钢厂,120.596,31.3264,2025-01-23T2300,24,45,0.7,20,5,60,70,45,
苏州市,吴中区,120.613,31.2703,2025-01-23T2300,28,47,0.7,23,6,53,63,47,
苏州市,苏州新区,120.543,31.2994,2025-01-23T2300,28,47,0.6,31,6,57,72,47,
苏州市,苏州工业园区,120.669,31.3097,2025-01-23T2300,26,54,0.6,29,7,56,63,52,颗粒物(PM10)
苏州市,相城区,120.641,31.3708,2025-01-23T2300,23,40,0.6,18,7,63,78,40,
苏州市,方洲路,120.743,31.3188,2025-01-23T2300,26,52,0.6,29,5,56,68,51,颗粒物(PM10)
苏州市,木渎中学,120.5031,31.2774,2025-01-23T2300,24,44,0.7,28,8,58,68,44,
苏州市,越秀幼儿园,120.624,31.1733,2025-01-23T2300,27,43,0.8,28,6,44,69,43,
苏州市,高铁新城,120.6505,31.416,2025-01-23T2300,31,50,0.6,17,6,64,84,50,
宿迁市,宿迁学院,118.293,33.9528,2025-01-23T2300,56,93,0.5,9,2,,79,,
宿迁市,宿迁中学,118.2442,33.9592,2025-01-23T2300,52,75,0.6,16,4,69,77,72,细颗粒物(PM2.5)
宿迁市,市供电局,118.283,33.965,2025-01-23T2300,51,71,0.8,9,2,75,86,70,细颗粒物(PM2.5)
宿迁市,宿豫区政府,118.3225,33.9447,2025-01-23T2300,54,69,0.7,9,1,74,83,74,细颗粒物(PM2.5)
宿州市,远航博物馆,116.9509,33.666,2025-01-23T2300,73,100,0.3,19,2,48,47,98,细颗粒物(PM2.5)
宿州市,社会福利中心,116.9708,33.591,2025-01-23T2300,65,85,0.5,22,6,51,55,88,细颗粒物(PM2.5)
宿州市,宿州学院,116.9884,33.6305,2025-01-23T2300,75,97,0.4,22,4,46,52,100,细颗粒物(PM2.5)
宿州市,皖北煤电集团,116.9648,33.6252,2025-01-23T2300,74,105,0.6,7,4,54,55,99,细颗粒物(PM2.5)
绥化市,人和东街,126.9785,46.6365,2025-01-23T2300,234,272,1.6,60,4,49,51,284,细颗粒物(PM2.5)
绥化市,党政办公中心,126.964,46.6528,2025-01-23T2300,250,291,1.9,82,7,34,64,300,细颗粒物(PM2.5)
随州市,市委党校,113.3583,31.7275,2025-01-23T2300,74,85,0.9,24,4,21,60,99,细颗粒物(PM2.5)
随州市,市林业局,113.3833,31.6908,2025-01-23T2300,73,80,0.7,27,8,24,64,98,细颗粒物(PM2.5)
随州市,市立交桥水厂,113.3983,31.7308,2025-01-23T2300,63,74,0.9,26,6,18,50,85,细颗粒物(PM2.5)
遂宁市,石溪浩,105.5453,30.5678,2025-01-23T2300,145,151,1.0,20,2,5,4,193,细颗粒物(PM2.5)
遂宁市,市监测站,105.5582,30.5232,2025-01-23T2300,145,163,1.0,24,6,9,8,193,细颗粒物(PM2.5)
遂宁市,行政中心,105.5861,30.5366,2025-01-23T2300,139,158,0.9,21,8,10,8,185,细颗粒物(PM2.5)
遂宁市,美宁食品公司,105.5918,30.4728,2025-01-23T2300,139,151,0.9,21,6,13,16,185,细颗粒物(PM2.5)
塔城地区,东门外小游园,82.9994,46.7432,2025-01-23T2300,9,29,0.2,2,3,48,48,29,
台州市,黄岩环保大楼,121.273,28.6459,2025-01-23T2300,13,23,0.4,9,2,77,84,25,
台州市,台州环保大楼,121.419,28.6542,2025-01-23T2300,12,22,0.3,10,3,82,86,26,
台州市,路桥田洋王,121.377,28.5773,2025-01-23T2300,17,24,0.3,11,3,78,84,25,
台州市,台州科技职业学院,121.2568,28.6681,2025-01-23T2300,18,37,0.6,15,4,56,79,37,
太原市,尖草坪,112.522,37.8873,2025-01-23T2300,109,154,1.2,63,22,28,75,143,细颗粒物(PM2.5)
太原市,上兰,112.434,38.0108,2025-01-23T2300,137,164,1.6,57,11,53,87,182,细颗粒物(PM2.5)
太原市,晋源,112.469,37.7124,2025-01-23T2300,119,163,1.7,82,24,18,70,156,细颗粒物(PM2.5)
太原市,小店,112.5583,37.7394,2025-01-23T2300,91,119,1.3,84,26,19,79,120,细颗粒物(PM2.5)
太原市,桃园,112.5369,37.8692,2025-01-23T2300,103,158,1.6,73,22,23,76,135,细颗粒物(PM2.5)
太原市,坞城,112.57,37.8195,2025-01-23T2300,102,153,1.7,74,29,22,88,134,细颗粒物(PM2.5)
太原市,南寨,112.549,37.9854,2025-01-23T2300,91,150,1.1,56,14,20,64,120,细颗粒物(PM2.5)
太原市,金胜,112.4719,37.7831,2025-01-23T2300,93,150,1.4,50,26,45,87,123,细颗粒物(PM2.5)
太原市,育英中学,112.5608,37.8807,2025-01-23T2300,94,132,1.2,72,23,23,80,124,细颗粒物(PM2.5)
泰安市,监测站,117.1437,36.1937,2025-01-23T2300,98,124,1.1,43,10,27,72,129,细颗粒物(PM2.5)
泰安市,人口学校,117.0885,36.2017,2025-01-23T2300,75,95,0.6,20,6,55,63,100,细颗粒物(PM2.5)
泰安市,电力学校,117.1089,36.1758,2025-01-23T2300,140,188,1.9,94,17,4,69,186,细颗粒物(PM2.5)
泰安市,国网新校,117.1812,36.2275,2025-01-23T2300,80,98,1.1,39,10,52,82,107,细颗粒物(PM2.5)
泰安市,交通技校,117.0313,36.2018,2025-01-23T2300,98,127,1.1,58,4,14,61,129,细颗粒物(PM2.5)
泰安市,山东第一医科大学,117.0829,36.13,2025-01-23T2300,138,161,1.2,84,14,9,69,183,细颗粒物(PM2.5)
泰州市,公园路,119.905,32.4878,2025-01-23T2300,44,56,0.8,15,8,87,87,62,细颗粒物(PM2.5)
泰州市,莲花,119.9189,32.4625,2025-01-23T2300,39,56,0.8,13,7,94,88,55,细颗粒物(PM2.5)
泰州市,留学生创业园,119.888,32.4639,2025-01-23T2300,50,80,0.7,15,6,101,95,69,细颗粒物(PM2.5)
泰州市,王营,119.8767,32.3289,2025-01-23T2300,48,68,0.8,16,4,73,81,67,细颗粒物(PM2.5)
泰州市,姜堰区政府广场,120.1259,32.5099,2025-01-23T2300,31,48,0.7,15,5,93,93,48,
泰州市,周山河街区,119.9192,32.4322,2025-01-23T2300,45,61,0.7,13,7,88,85,63,细颗粒物(PM2.5)
唐山市,雷达站,118.131,39.6363,2025-01-23T2300,,,,,,,31,,
唐山市,物资局,118.1725,39.6334,2025-01-23T2300,49,74,1.1,67,15,14,59,68,细颗粒物(PM2.5)
唐山市,十二中,118.1705,39.6506,2025-01-23T2300,52,87,1.4,74,11,3,57,72,细颗粒物(PM2.5)
唐山市,小山,118.1869,39.622,2025-01-23T2300,48,77,1.1,74,11,8,66,67,细颗粒物(PM2.5)
唐山市,冀东油田职工医院,118.4359,39.2762,2025-01-23T2300,35,37,0.6,70,8,3,62,50,
唐山市,正泰大街热力站,118.09279,39.58089,2025-01-23T2300,50,69,,65,5,6,66,,
唐山市,丰润区政府,118.1562,39.8322,2025-01-23T2300,117,151,2.1,72,19,9,62,153,细颗粒物(PM2.5)
唐山市,金山小学,118.43673,39.73809,2025-01-23T2300,97,145,2.1,76,19,1,60,128,细颗粒物(PM2.5)
唐山市,政府服务中心,118.24498,39.66941,2025-01-23T2300,86,116,1.7,80,25,8,59,114,细颗粒物(PM2.5)
唐山市,消防缸窑路中队,118.2059,39.6585,2025-01-23T2300,93,152,2.3,77,23,9,60,123,细颗粒物(PM2.5)
唐山市,路南电大,118.1436,39.6202,2025-01-23T2300,30,60,0.8,55,5,13,56,55,颗粒物(PM10)
天津市,勤俭道,117.1444,39.1661,2025-01-23T2300,58,85,2.2,69,10,10,40,79,细颗粒物(PM2.5)
天津市,前进道,117.202,39.0927,2025-01-23T2300,30,48,1.4,48,8,26,43,48,
天津市,淮河道,117.1837,39.2133,2025-01-23T2300,46,80,1.3,73,7,6,41,65,颗粒物(PM10)
天津市,跃进路,117.307,39.0877,2025-01-23T2300,59,,1.0,67,6,4,40,80,细颗粒物(PM2.5)
天津市,第四大街,117.707,39.0343,2025-01-23T2300,36,64,0.9,87,9,2,24,57,颗粒物(PM10)
天津市,永明路,117.457,38.8394,2025-01-23T2300,18,25,0.6,65,6,7,43,33,
天津市,汉北路,117.764,39.1587,2025-01-23T2300,18,27,0.5,62,4,4,45,31,
天津市,团泊洼,117.157,38.9194,2025-01-23T2300,,,,,,,,,
天津市,河西一经路,117.7918,39.2474,2025-01-23T2300,33,58,0.6,69,6,5,58,54,颗粒物(PM10)
天津市,津沽路,117.3747,38.9846,2025-01-23T2300,27,42,1.1,66,5,12,54,42,
天津市,宾水西道,117.1589,39.0845,2025-01-23T2300,30,43,0.6,50,4,21,43,43,
天津市,大理道,117.1941,39.1067,2025-01-23T2300,25,29,1.5,42,5,34,46,36,
天津市,中山北路,117.2101,39.1699,2025-01-23T2300,68,108,1.8,73,5,10,41,92,细颗粒物(PM2.5)
天津市,西四道,117.3876,39.1488,2025-01-23T2300,40,71,1.2,75,6,2,32,61,颗粒物(PM10)
天津市,雍阳西道,117.0365,39.3828,2025-01-23T2300,60,104,1.0,68,7,8,56,82,细颗粒物(PM2.5)
天津市,辛老路,117.0296,39.0605,2025-01-23T2300,41,68,0.7,61,6,18,52,59,颗粒物(PM10)
天津市,地纬路,116.9638,38.9375,2025-01-23T2300,49,58,0.6,71,8,5,52,68,细颗粒物(PM2.5)
天津市,北环路,117.4067,40.0583,2025-01-23T2300,66,93,0.8,26,6,51,59,89,细颗粒物(PM2.5)
天津市,建设路,117.3045,39.7169,2025-01-23T2300,123,162,1.1,65,12,16,50,162,细颗粒物(PM2.5)
天津市,滨水东路,117.8199,39.3521,2025-01-23T2300,23,34,0.6,74,9,6,56,37,
天津市,光华路,117.2437,39.1029,2025-01-23T2300,38,55,1.1,55,6,11,41,54,细颗粒物(PM2.5)
天水市,麦积山,106.0055,34.343,2025-01-23T2300,,,,,,,,,
天水市,公园小学,105.7205,34.5786,2025-01-23T2300,137,181,1.5,48,15,94,120,182,细颗粒物(PM2.5)
天水市,麦积国土局,105.8945,34.5538,2025-01-23T2300,153,189,1.5,34,14,86,120,203,细颗粒物(PM2.5)
铁岭市,汇工街西,123.8139,42.3022,2025-01-23T2300,73,96,1.2,59,16,9,58,98,细颗粒物(PM2.5)
铁岭市,水上乐园,123.8649,42.2923,2025-01-23T2300,80,97,1.2,44,27,26,61,107,细颗粒物(PM2.5)
铁岭市,银州路东段,123.8486,42.2867,2025-01-23T2300,69,93,1.1,43,7,30,54,93,细颗粒物(PM2.5)
铁岭市,金沙江路北,123.7153,42.2217,2025-01-23T2300,105,149,1.2,63,8,15,55,138,细颗粒物(PM2.5)
通化市,光明,125.9358,41.7173,2025-01-23T2300,41,67,1.2,39,10,20,46,59,颗粒物(PM10)
通化市,铁路,125.9446,41.7325,2025-01-23T2300,52,84,1.2,46,9,13,53,72,细颗粒物(PM2.5)
通辽市,艺术职业学校,122.2532,43.6801,2025-01-23T2300,74,124,0.7,29,10,38,61,99,细颗粒物(PM2.5)
通辽市,老干部活动中心,122.2584,43.6333,2025-01-23T2300,58,119,1.0,48,13,31,66,85,颗粒物(PM10)
通辽市,东方明珠社区,122.2922,43.6189,2025-01-23T2300,71,109,0.8,31,14,47,69,95,细颗粒物(PM2.5)
铜川市,党校,109.0656,35.0994,2025-01-23T2300,,,,,,,,,
铜川市,王益区政府,109.0697,35.0697,2025-01-23T2300,203,238,2.0,55,16,24,81,253,细颗粒物(PM2.5)
铜川市,新区管委会,108.9344,34.9058,2025-01-23T2300,198,225,1.9,49,22,29,63,248,细颗粒物(PM2.5)
铜川市,旺旺集团,108.9543,34.8732,2025-01-23T2300,192,216,1.8,50,12,30,65,242,细颗粒物(PM2.5)
铜陵市,市第四中学,117.8177,30.9412,2025-01-23T2300,76,120,0.7,55,10,32,44,102,细颗粒物(PM2.5)
铜陵市,市公路局,117.8059,30.9273,2025-01-23T2300,79,98,0.8,32,13,27,49,105,细颗粒物(PM2.5)
铜陵市,市新民污水厂,117.7807,30.9413,2025-01-23T2300,53,119,1.0,46,13,20,58,85,颗粒物(PM10)
铜陵市,市第九中学,117.7439,30.8792,2025-01-23T2300,68,105,1.1,55,14,16,51,92,细颗粒物(PM2.5)
铜陵市,车站新区,117.846,30.9413,2025-01-23T2300,61,122,0.6,28,6,34,40,86,颗粒物(PM10)
铜陵市,市职教基地,117.8483,30.97,2025-01-23T2300,51,77,0.9,24,7,25,48,70,细颗粒物(PM2.5)
铜仁市,铜仁卫校,109.1839,27.7344,2025-01-23T2300,128,187,1.1,19,1,68,77,169,细颗粒物(PM2.5)
铜仁市,铜仁七中,109.1753,27.6944,2025-01-23T2300,159,,1.1,19,3,78,75,209,细颗粒物(PM2.5)
吐鲁番市,市环保局,89.1904,42.9418,2025-01-23T2300,83,159,1.6,40,11,74,91,110,细颗粒物(PM2.5)
吐鲁番市,地区环保局,89.1673,42.9559,2025-01-23T2300,101,190,1.6,44,8,62,87,133,细颗粒物(PM2.5)
威海市,华夏技校,122.1214,37.4236,2025-01-23T2300,20,24,0.7,31,3,48,61,29,
威海市,山大分校,122.0508,37.5236,2025-01-23T2300,15,20,0.4,24,5,68,76,22,
威海市,市监测站,122.1067,37.5072,2025-01-23T2300,,,0.4,,,40,65,,
威海市,文登开发区,122.0693,37.2174,2025-01-23T2300,22,41,0.8,32,4,34,62,41,
威海市,临港区管委会,122.1379,37.3414,2025-01-23T2300,17,29,0.5,43,5,22,63,29,
潍坊市,环保局,119.1437,36.7023,2025-01-23T2300,38,56,0.7,50,9,24,59,54,细颗粒物(PM2.5)
潍坊市,坊子邮政,119.1641,36.6523,2025-01-23T2300,41,70,0.9,49,8,16,56,60,颗粒物(PM10)
潍坊市,潍坊七中,119.0587,36.721,2025-01-23T2300,42,63,0.8,37,8,24,58,59,细颗粒物(PM2.5)
潍坊市,高新实验学校,119.1977,36.6872,2025-01-23T2300,42,70,0.8,61,10,11,59,60,颗粒物(PM10)
潍坊市,潍坊学院,119.1755,36.7149,2025-01-23T2300,44,63,1.2,47,15,19,60,62,细颗粒物(PM2.5)
潍坊市,寒亭区实验一小,119.2041,36.7699,2025-01-23T2300,46,61,1.2,,14,26,54,,
渭南市,农科所,109.5293,34.5101,2025-01-23T2300,,,,,,,,,
渭南市,体育馆,109.4636,34.493,2025-01-23T2300,107,136,1.1,38,4,25,59,140,细颗粒物(PM2.5)
渭南市,高新一小,109.4259,34.5023,2025-01-23T2300,105,124,1.0,31,4,31,62,138,细颗粒物(PM2.5)
渭南市,渭花路4号,109.5051,34.4921,2025-01-23T2300,124,,1.1,37,4,25,58,163,细颗粒物(PM2.5)
温州市,瓯海,120.634,28.0089,2025-01-23T2300,26,45,0.4,17,6,52,64,45,
温州市,南浦,120.6748,27.9939,2025-01-23T2300,21,30,0.5,21,4,67,74,30,
温州市,龙湾,120.76,27.9747,2025-01-23T2300,13,31,0.4,8,5,80,78,31,
温州市,市站,120.6709,28.0167,2025-01-23T2300,19,39,0.5,21,6,54,65,39,
温州市,茶山,120.6985,27.9251,2025-01-23T2300,12,23,0.3,7,5,87,85,28,
文山壮族苗族自治州,州水务局,104.2533,23.3594,2025-01-23T2300,34,41,0.6,10,3,66,94,49,
文山壮族苗族自治州,市便民服务中心,104.2319,23.3892,2025-01-23T2300,29,36,0.8,8,4,63,86,42,
乌海市,市林业局,106.8174,39.6973,2025-01-23T2300,58,125,1.1,38,12,32,40,88,颗粒物(PM10)
乌海市,中海勃湾学校,106.7907,39.6667,2025-01-23T2300,58,131,1.1,37,15,41,43,91,颗粒物(PM10)
乌海市,海北新区,106.813,39.7274,2025-01-23T2300,66,159,1.2,68,21,5,46,105,颗粒物(PM10)
乌海市,聚英学校,106.8288,39.6778,2025-01-23T2300,90,176,1.2,64,28,11,37,119,细颗粒物(PM2.5)
乌兰察布市,集宁新区,113.1306,40.9923,2025-01-23T2300,28,36,0.5,21,9,60,47,40,
乌兰察布市,光明街小学,113.1076,41.0385,2025-01-23T2300,35,38,0.6,42,10,45,61,50,
乌兰察布市,北京八中,113.1376,40.9509,2025-01-23T2300,29,47,0.6,35,15,37,54,47,
乌兰察布市,市委党校,113.1775,40.9779,2025-01-23T2300,34,35,0.5,21,25,64,60,49,
乌鲁木齐市,监测站,87.5801,43.8303,2025-01-23T2300,22,36,0.6,37,2,,77,,
乌鲁木齐市,收费所,87.6046,43.768,2025-01-23T2300,22,29,0.4,28,3,41,67,32,
乌鲁木齐市,新疆农科院农场,87.4754,43.9469,2025-01-23T2300,29,37,0.7,21,5,59,83,42,
乌鲁木齐市,铁路局,87.5525,43.8711,2025-01-23T2300,31,39,0.4,51,3,42,80,45,
乌鲁木齐市,三十一中学,87.6432,43.831,2025-01-23T2300,35,37,0.6,25,3,46,66,50,
乌鲁木齐市,米东区环保局,87.7216,44.1747,2025-01-23T2300,78,81,0.8,48,7,60,85,104,细颗粒物(PM2.5)
乌鲁木齐市,培训基地,87.4651,43.4569,2025-01-23T2300,9,9,0.6,11,2,77,90,25,
乌鲁木齐市,达坂城区环保局,88.3118,43.3658,2025-01-23T2300,14,19,0.3,4,4,78,86,25,
乌鲁木齐市,红光山片区,87.6162,43.8801,2025-01-23T2300,35,41,0.2,37,6,48,76,50,
乌鲁木齐市,新师大温泉校区,87.7024,43.8004,2025-01-23T2300,35,43,0.3,22,3,,90,,
乌鲁木齐市,大绿谷,87.4921,43.8411,2025-01-23T2300,22,31,0.2,44,1,47,80,32,
无锡市,雪浪,120.269,31.4867,2025-01-23T2300,19,41,0.6,21,9,58,75,41,
无锡市,黄巷,120.275,31.6219,2025-01-23T2300,27,44,0.5,15,6,54,64,44,
无锡市,曹张,120.294,31.56,2025-01-23T2300,22,38,0.5,14,1,64,68,38,
无锡市,漆塘,120.242,31.5031,2025-01-23T2300,27,44,0.8,21,6,33,36,44,
无锡市,东亭,120.3489,31.5863,2025-01-23T2300,27,36,0.6,10,4,65,71,39,
无锡市,旺庄,120.354,31.5475,2025-01-23T2300,29,34,0.6,20,3,48,73,42,
无锡市,荣巷,120.245,31.5631,2025-01-23T2300,29,39,0.7,22,4,60,68,42,
无锡市,堰桥,120.299,31.6817,2025-01-23T2300,31,39,0.5,21,7,50,69,45,
无锡市,华庄,120.3142,31.4753,2025-01-23T2300,25,37,0.5,20,8,54,74,37,
吴忠市,教育园区,106.1532,37.9648,2025-01-23T2300,104,119,1.9,81,21,5,53,137,细颗粒物(PM2.5)
吴忠市,新区二泵站,106.1856,37.9956,2025-01-23T2300,99,128,1.4,71,12,13,64,130,细颗粒物(PM2.5)
吴忠市,文卫南街,106.2112,37.9768,2025-01-23T2300,,,,54,15,,73,,
芜湖市,监测站,118.3606,31.3519,2025-01-23T2300,60,85,1.1,32,,28,46,,
芜湖市,科创中心,118.3714,31.4134,2025-01-23T2300,56,81,1.0,33,9,40,42,77,细颗粒物(PM2.5)
芜湖市,四水厂,118.3673,31.3131,2025-01-23T2300,58,78,1.0,33,6,32,49,79,细颗粒物(PM2.5)
芜湖市,市气象局,118.4209,31.3707,2025-01-23T2300,68,101,0.7,27,7,33,50,92,细颗粒物(PM2.5)
芜湖市,清苑社区,118.4781,31.3225,2025-01-23T2300,62,73,0.8,30,7,28,44,84,细颗粒物(PM2.5)
芜湖市,扬子职业技术学院,118.2746,31.2326,2025-01-23T2300,71,84,0.9,31,5,34,41,95,细颗粒物(PM2.5)
梧州市,市逸夫小学,111.3014,23.4832,2025-01-23T2300,38,89,1.4,30,9,43,96,70,颗粒物(PM10)
梧州市,市十一中,111.3239,23.4794,2025-01-23T2300,38,56,1.1,46,10,37,95,54,细颗粒物(PM2.5)
梧州市,龙圩,111.247,23.4189,2025-01-23T2300,,,,,,,39,,
梧州市,龙新,111.2711,23.4835,2025-01-23T2300,41,72,1.4,61,9,22,89,61,颗粒物(PM10)
五家渠市,农水大厦,87.5475,44.1756,2025-01-23T2300,53,73,0.6,21,4,63,74,73,细颗粒物(PM2.5)
五家渠市,经开区管委会,87.546,44.1912,2025-01-23T2300,59,,0.8,16,3,62,75,80,细颗粒物(PM2.5)
武汉市,东湖梨园,114.3677,30.5584,2025-01-23T2300,139,143,0.6,25,8,33,77,185,细颗粒物(PM2.5)
武汉市,汉阳月湖,114.2529,30.558,2025-01-23T2300,134,151,1.2,31,6,46,84,178,细颗粒物(PM2.5)
武汉市,汉口花桥,114.282,30.6189,2025-01-23T2300,122,151,0.9,28,7,28,67,160,细颗粒物(PM2.5)
武汉市,武昌紫阳,114.3025,30.5332,2025-01-23T2300,138,148,1.2,32,12,31,76,183,细颗粒物(PM2.5)
武汉市,青山钢花,114.3646,30.6217,2025-01-23T2300,132,144,1.1,37,10,22,64,175,细颗粒物(PM2.5)
武汉市,沌口新区,114.1566,30.4825,2025-01-23T2300,167,,0.8,44,10,29,61,217,细颗粒物(PM2.5)
武汉市,汉口江滩,114.3014,30.5944,2025-01-23T2300,131,144,1.0,31,7,35,74,173,细颗粒物(PM2.5)
武汉市,吴家山,114.135,30.6319,2025-01-23T2300,127,139,1.0,31,10,32,67,168,细颗粒物(PM2.5)
武汉市,沉湖七壕,113.8454,30.2917,2025-01-23T2300,83,109,0.9,27,5,34,66,110,细颗粒物(PM2.5)
武汉市,民族大道182号,114.3877,30.4908,2025-01-23T2300,159,,2.7,29,20,15,60,209,细颗粒物(PM2.5)
武威市,监测站,102.6201,37.9251,2025-01-23T2300,91,115,1.3,31,17,46,80,120,细颗粒物(PM2.5)
武威市,东关招商场,102.6486,37.9325,2025-01-23T2300,101,116,1.4,50,19,28,81,133,细颗粒物(PM2.5)
西安市,兴庆小区,108.993,34.2629,2025-01-23T2300,114,121,0.9,41,7,23,50,149,细颗粒物(PM2.5)
西安市,纺织城,109.06,34.2572,2025-01-23T2300,124,138,1.1,55,8,13,47,163,细颗粒物(PM2.5)
西安市,小寨,108.9356,34.2173,2025-01-23T2300,118,161,1.3,44,4,27,45,155,细颗粒物(PM2.5)
西安市,市人民体育场,108.954,34.2713,2025-01-23T2300,130,150,1.1,35,6,24,51,172,细颗粒物(PM2.5)
西安市,高新西区,108.8922,34.2322,2025-01-23T2300,126,149,1.0,41,6,26,48,166,细颗粒物(PM2.5)
西安市,经开区,108.935,34.3474,2025-01-23T2300,131,,1.0,32,5,32,57,173,细颗粒物(PM2.5)
西安市,长安区,108.906,34.1546,2025-01-23T2300,130,154,1.0,43,8,33,49,172,细颗粒物(PM2.5)
西安市,临潼区,109.2186,34.3731,2025-01-23T2300,141,146,1.1,42,6,19,47,188,细颗粒物(PM2.5)
西安市,草滩,108.869,34.378,2025-01-23T2300,75,115,0.4,27,2,24,56,100,细颗粒物(PM2.5)
西安市,曲江文化产业集团,108.985,34.1978,2025-01-23T2300,130,145,0.9,47,9,32,46,172,细颗粒物(PM2.5)
西安市,广运潭,109.051,34.3213,2025-01-23T2300,123,145,1.2,42,4,19,50,162,细颗粒物(PM2.5)
西安市,文体局,108.6116,34.1164,2025-01-23T2300,124,136,1.1,27,12,40,46,163,细颗粒物(PM2.5)
西安市,无线电监控中心,109.09,34.5236,2025-01-23T2300,135,136,1.0,30,11,34,64,179,细颗粒物(PM2.5)
西安市,行知小学,108.8869,34.2662,2025-01-23T2300,125,149,1.2,45,5,19,52,165,细颗粒物(PM2.5)
西宁市,第五水厂,101.524,36.6867,2025-01-23T2300,,,,,,,,,
西宁市,城北区政府,101.7775,36.6428,2025-01-23T2300,80,104,1.5,58,46,39,58,107,细颗粒物(PM2.5)
西宁市,世纪职校,101.8305,36.5786,2025-01-23T2300,64,92,1.3,64,50,31,48,87,细颗粒物(PM2.5)
西宁市,师大城西校区,101.7413,36.6397,2025-01-23T2300,63,102,1.6,48,58,48,52,85,细颗粒物(PM2.5)
西双版纳傣族自治州,景洪市江南,100.7939,22.0019,2025-01-23T2300,37,55,0.6,27,4,31,62,53,"颗粒物(PM10),细颗粒物(PM2.5)"
西双版纳傣族自治州,景洪市江北,100.8017,22.0225,2025-01-23T2300,36,51,0.5,14,7,46,97,52,细颗粒物(PM2.5)
西咸新区,北杜,108.7108,34.46,2025-01-23T2300,132,158,1.0,38,7,35,67,175,细颗粒物(PM2.5)
西咸新区,同德佳苑,108.7096,34.2956,2025-01-23T2300,122,,0.9,30,5,49,65,160,细颗粒物(PM2.5)
西咸新区,崇文塔,108.8558,34.4978,2025-01-23T2300,133,156,1.2,34,5,37,55,176,细颗粒物(PM2.5)
锡林郭勒盟,市环保监测站,116.1042,43.9317,2025-01-23T2300,14,33,0.5,25,19,31,72,33,
锡林郭勒盟,市政府,116.0781,43.9311,2025-01-23T2300,28,34,0.5,40,11,23,71,40,
厦门市,溪东,118.1608,24.8169,2025-01-23T2300,,,,,,,,,
厦门市,洪文,118.1514,24.4767,2025-01-23T2300,16,29,0.5,16,1,87,110,29,
厦门市,鼓浪屿,118.0661,24.4444,2025-01-23T2300,11,19,0.3,24,1,83,105,26,
厦门市,湖里中学,118.0936,24.5058,2025-01-23T2300,16,28,0.6,17,3,82,112,28,
厦门市,集美中学,118.0958,24.5688,2025-01-23T2300,21,27,0.6,20,2,78,120,30,
厦门市,同安二实小,118.1493,24.7245,2025-01-23T2300,17,22,0.5,10,2,87,117,28,
咸宁市,森林公园,114.3175,29.8142,2025-01-23T2300,132,157,1.2,28,7,39,67,175,细颗粒物(PM2.5)
咸宁市,市发改委,114.3107,29.8454,2025-01-23T2300,179,214,1.5,34,6,42,74,229,细颗粒物(PM2.5)
咸宁市,咸安区政府,114.2936,29.8566,2025-01-23T2300,175,210,1.4,40,8,43,77,225,细颗粒物(PM2.5)
咸宁市,长江产业园,114.3375,29.8683,2025-01-23T2300,210,217,1.3,29,8,44,84,260,细颗粒物(PM2.5)
咸阳市,气象站,108.7197,34.3956,2025-01-23T2300,,,,,,,,,
咸阳市,实验中学,108.673,34.3155,2025-01-23T2300,134,201,1.0,31,5,50,66,178,细颗粒物(PM2.5)
咸阳市,师范学院,108.7233,34.3617,2025-01-23T2300,125,131,1.4,35,3,42,62,165,细颗粒物(PM2.5)
咸阳市,两寺渡,108.6594,34.2969,2025-01-23T2300,121,151,1.2,33,10,50,71,159,细颗粒物(PM2.5)
咸阳市,奥体中心,108.6396,34.4078,2025-01-23T2300,134,171,1.3,38,7,43,67,178,细颗粒物(PM2.5)
湘潭市,板塘,112.9433,27.8614,2025-01-23T2300,251,294,1.5,44,8,49,80,301,细颗粒物(PM2.5)
湘潭市,市监测站,112.9118,27.8403,2025-01-23T2300,270,276,1.5,32,7,45,72,320,细颗粒物(PM2.5)
湘潭市,江麓,112.8937,27.8728,2025-01-23T2300,272,289,1.9,35,9,53,78,322,细颗粒物(PM2.5)
湘潭市,岳塘,112.9227,27.8159,2025-01-23T2300,271,296,,,11,,81,321,细颗粒物(PM2.5)
湘潭市,科大,112.9074,27.9119,2025-01-23T2300,273,306,1.9,42,8,46,72,323,细颗粒物(PM2.5)
湘潭市,昭山,113.0048,27.9153,2025-01-23T2300,257,288,1.5,42,6,41,73,307,细颗粒物(PM2.5)
湘潭市,韶山,112.4876,27.9164,2025-01-23T2300,202,351,1.5,36,10,59,84,252,细颗粒物(PM2.5)
湘西土家族苗族自治州,跃进水库,109.6414,28.2558,2025-01-23T2300,120,146,1.1,3,4,48,72,158,细颗粒物(PM2.5)
湘西土家族苗族自治州,州政府,109.7325,28.3169,2025-01-23T2300,138,144,1.0,16,10,51,75,183,细颗粒物(PM2.5)
湘西土家族苗族自治州,吉首市计生局,109.6958,28.2675,2025-01-23T2300,152,160,1.4,21,7,49,78,202,细颗粒物(PM2.5)
襄阳市,襄城运动路,112.155,32.0197,2025-01-23T2300,74,104,1.0,30,9,25,55,99,细颗粒物(PM2.5)
襄阳市,樊城新华路,112.1392,32.0564,2025-01-23T2300,83,101,0.7,30,6,22,52,110,细颗粒物(PM2.5)
襄阳市,高新管委会,112.1825,32.1142,2025-01-23T2300,86,107,0.8,25,3,22,48,114,细颗粒物(PM2.5)
襄阳市,襄州航空路,112.2106,32.0903,2025-01-23T2300,81,104,0.9,26,8,21,50,108,细颗粒物(PM2.5)
襄阳市,襄城隆中路,112.0828,32.0067,2025-01-23T2300,74,104,1.0,24,10,28,50,99,细颗粒物(PM2.5)
襄阳市,高新台子湾,112.1214,32.1008,2025-01-23T2300,73,120,0.9,32,9,19,48,98,细颗粒物(PM2.5)
孝感市,文化路,113.9153,30.9285,2025-01-23T2300,99,133,1.1,16,5,20,53,130,细颗粒物(PM2.5)
孝感市,东城区,113.942,30.9075,2025-01-23T2300,92,114,0.9,31,6,20,58,122,细颗粒物(PM2.5)
忻州市,开发区,112.7383,38.4519,2025-01-23T2300,121,144,1.3,48,12,24,64,159,细颗粒物(PM2.5)
忻州市,会展中心,112.7003,38.4928,2025-01-23T2300,108,154,1.3,68,10,10,56,142,细颗粒物(PM2.5)
忻州市,市政府,112.7283,38.4153,2025-01-23T2300,118,179,1.6,71,13,16,64,155,细颗粒物(PM2.5)
新乡市,环保西院,113.836,35.311,2025-01-23T2300,81,131,1.2,58,6,5,38,108,细颗粒物(PM2.5)
新乡市,开发区,113.884,35.272,2025-01-23T2300,70,75,1.0,22,9,52,40,94,细颗粒物(PM2.5)
新乡市,环保东院,113.883,35.303,2025-01-23T2300,69,90,0.8,20,6,53,42,93,细颗粒物(PM2.5)
新乡市,市委党校,113.9194,35.2847,2025-01-23T2300,69,86,0.8,28,7,51,45,93,细颗粒物(PM2.5)
新乡市,市政府,113.9188,35.3045,2025-01-23T2300,82,99,1.1,28,9,52,48,109,细颗粒物(PM2.5)
新乡市,行政服务中心,113.9003,35.372,2025-01-23T2300,72,96,1.0,21,6,47,38,97,细颗粒物(PM2.5)
新乡市,建设东路46号,113.9166,35.3315,2025-01-23T2300,68,86,0.7,14,9,38,39,92,细颗粒物(PM2.5)
新余市,北岗,115.0861,27.9317,2025-01-23T2300,,,,,,,,,
新余市,飞宇,114.9886,27.8431,2025-01-23T2300,57,75,0.7,21,17,106,125,78,细颗粒物(PM2.5)
新余市,第二水厂,114.9231,27.8246,2025-01-23T2300,57,74,0.5,18,11,103,116,78,细颗粒物(PM2.5)
新余市,市气象局,114.9308,27.8036,2025-01-23T2300,48,71,0.7,19,8,104,117,67,细颗粒物(PM2.5)
新余市,新钢沁园村,114.9149,27.807,2025-01-23T2300,48,74,0.7,29,11,101,117,67,细颗粒物(PM2.5)
信阳市,平桥分局,114.1099,32.1059,2025-01-23T2300,93,107,0.7,31,2,4,39,123,细颗粒物(PM2.5)
信阳市,南湾水厂,113.9956,32.1271,2025-01-23T2300,92,105,0.8,36,2,7,41,122,细颗粒物(PM2.5)
信阳市,市酿酒公司,114.0775,32.1195,2025-01-23T2300,95,113,0.9,32,3,7,41,125,细颗粒物(PM2.5)
信阳市,审计局,114.0609,32.1399,2025-01-23T2300,91,120,1.0,32,1,7,41,120,细颗粒物(PM2.5)
兴安盟,胜华新制药厂,122.0392,46.0656,2025-01-23T2300,218,239,2.4,36,6,6,38,268,细颗粒物(PM2.5)
兴安盟,科右前旗环保局,121.9504,46.0741,2025-01-23T2300,149,206,2.7,41,6,7,43,199,细颗粒物(PM2.5)
兴安盟,北滨河,122.0931,46.0707,2025-01-23T2300,135,182,2.4,43,4,4,40,179,细颗粒物(PM2.5)
邢台市,达活泉,114.4704,37.0886,2025-01-23T2300,75,104,0.8,45,12,33,70,100,细颗粒物(PM2.5)
邢台市,邢师高专,114.5062,37.0349,2025-01-23T2300,80,117,1.0,74,5,1,67,107,细颗粒物(PM2.5)
邢台市,路桥公司,114.5237,37.0851,2025-01-23T2300,80,101,1.0,44,17,31,64,107,细颗粒物(PM2.5)
邢台市,市环保局,114.4725,37.0719,2025-01-23T2300,75,106,0.7,38,10,45,69,100,细颗粒物(PM2.5)
雄安新区,容城县环境保护局,115.8844,39.0341,2025-01-23T2300,44,81,0.5,56,12,28,82,66,颗粒物(PM10)
雄安新区,河北容城中学,115.8665,39.0645,2025-01-23T2300,54,79,0.5,75,10,8,66,74,细颗粒物(PM2.5)
雄安新区,安新县民政局,115.923,38.9405,2025-01-23T2300,42,65,0.5,35,10,31,75,59,细颗粒物(PM2.5)
雄安新区,安新县电力局,115.9324,38.9338,2025-01-23T2300,44,58,0.5,56,10,17,75,62,细颗粒物(PM2.5)
雄安新区,雄县环境保护局,116.0901,38.9816,2025-01-23T2300,63,102,1.9,84,12,5,66,85,细颗粒物(PM2.5)
雄安新区,雄县国土资源局,116.1105,39.0046,2025-01-23T2300,60,91,0.7,52,6,16,71,82,细颗粒物(PM2.5)
徐州市,黄河新村,117.179,34.2761,2025-01-23T2300,67,90,0.7,27,10,58,62,90,细颗粒物(PM2.5)
徐州市,新城区,117.256,34.2153,2025-01-23T2300,68,95,0.7,28,14,59,73,92,细颗粒物(PM2.5)
徐州市,桃园路,117.244,34.2911,2025-01-23T2300,70,100,0.7,26,10,55,67,94,细颗粒物(PM2.5)
徐州市,农科院,117.2933,34.2778,2025-01-23T2300,58,83,0.8,24,13,63,75,79,细颗粒物(PM2.5)
徐州市,鼓楼区政府,117.1814,34.29,2025-01-23T2300,67,81,0.8,18,13,54,59,90,细颗粒物(PM2.5)
徐州市,铜山区招生办,117.1694,34.1781,2025-01-23T2300,,,,,,,65,,
徐州市,大泉街道,117.4754,34.4422,2025-01-23T2300,63,103,0.7,21,12,68,72,85,细颗粒物(PM2.5)
徐州市,解放南路202号,117.1942,34.22935,2025-01-23T2300,56,97,0.5,30,14,66,78,77,细颗粒物(PM2.5)
许昌市,监测站,113.8276,34.0159,2025-01-23T2300,83,93,0.7,32,8,24,43,110,细颗粒物(PM2.5)
许昌市,开发区,113.7906,33.9953,2025-01-23T2300,78,105,0.6,29,6,29,45,104,细颗粒物(PM2.5)
许昌市,市一中,113.8172,34.0339,2025-01-23T2300,78,83,0.8,31,2,26,42,104,细颗粒物(PM2.5)
许昌市,许昌学院,113.8614,34.0442,2025-01-23T2300,76,92,0.6,33,6,25,41,102,细颗粒物(PM2.5)
许昌市,芙蓉广场,113.843,34.0823,2025-01-23T2300,68,84,0.5,39,8,22,37,92,细颗粒物(PM2.5)
许昌市,新元大道996号,113.8157,34.12670,2025-01-23T2300,70,90,0.7,31,2,25,42,94,细颗粒物(PM2.5)
宣城市,鳌峰子站,118.7581,30.9454,2025-01-23T2300,47,,0.6,31,6,39,76,65,细颗粒物(PM2.5)
宣城市,敬亭山子站,118.7385,30.9743,2025-01-23T2300,53,56,0.5,35,6,36,84,73,细颗粒物(PM2.5)
宣城市,开发区子站,118.7173,30.9427,2025-01-23T2300,49,57,0.4,30,6,42,84,68,细颗粒物(PM2.5)
宣城市,夏渡子站,118.7724,30.9141,2025-01-23T2300,55,72,0.7,27,5,39,81,75,细颗粒物(PM2.5)
雅安市,建安厂,103.0475,30.02,2025-01-23T2300,93,118,0.9,17,5,53,41,123,细颗粒物(PM2.5)
雅安市,市政府,103.0111,29.9833,2025-01-23T2300,96,113,0.8,18,6,49,36,127,细颗粒物(PM2.5)
雅安市,川农大,102.9905,29.9775,2025-01-23T2300,98,116,1.0,14,4,45,32,129,细颗粒物(PM2.5)
雅安市,康养中心,103.0456,29.9956,2025-01-23T2300,31,86,0.8,,,,,,
烟台市,开发区,121.2514,37.5639,2025-01-23T2300,46,48,1.2,52,2,21,48,64,细颗粒物(PM2.5)
烟台市,西郊化工站,121.3181,37.5436,2025-01-23T2300,23,39,0.3,22,5,56,63,39,
烟台市,莱山环保局,121.4478,37.4822,2025-01-23T2300,27,41,0.7,32,5,41,66,41,
烟台市,福山环保局,121.2611,37.4967,2025-01-23T2300,75,90,1.2,47,6,13,57,100,细颗粒物(PM2.5)
烟台市,牟平检察院,121.5992,37.4014,2025-01-23T2300,39,48,1.1,26,11,40,65,55,细颗粒物(PM2.5)
烟台市,中国农业大学,121.5206,37.4336,2025-01-23T2300,31,46,0.7,20,11,58,72,46,
烟台市,青年南路118号,121.3642,37.5296,2025-01-23T2300,30,44,0.6,23,9,44,62,44,
延安市,枣园,109.4131,36.6275,2025-01-23T2300,117,123,1.5,61,6,5,27,153,细颗粒物(PM2.5)
延安市,延大医附院,109.4761,36.6028,2025-01-23T2300,128,169,1.8,76,9,4,12,169,细颗粒物(PM2.5)
延安市,百米大道,109.5056,36.6106,2025-01-23T2300,102,130,1.7,75,6,7,17,134,细颗粒物(PM2.5)
延安市,西北局旧址,109.4809,36.5786,2025-01-23T2300,131,166,2.5,82,9,9,23,173,细颗粒物(PM2.5)
延边朝鲜族自治州,妇幼医院,129.47,42.8883,2025-01-23T2300,29,45,0.7,26,5,38,65,45,
延边朝鲜族自治州,延边医院,129.5055,42.9108,2025-01-23T2300,25,36,0.6,24,10,43,76,36,
延边朝鲜族自治州,朝阳川镇医院,129.3964,42.8881,2025-01-23T2300,17,56,0.6,14,5,52,74,53,颗粒物(PM10)
盐城市,盐城电厂,120.118,33.4022,2025-01-23T2300,39,58,0.8,13,6,88,90,55,细颗粒物(PM2.5)
盐城市,市监测站,120.156,33.3942,2025-01-23T2300,39,67,0.5,15,2,90,93,59,颗粒物(PM10)
盐城市,开发区管委会,120.2144,33.38,2025-01-23T2300,39,58,0.5,18,4,85,95,55,细颗粒物(PM2.5)
盐城市,宝龙广场,120.1544,33.3663,2025-01-23T2300,44,61,0.7,12,5,95,96,62,细颗粒物(PM2.5)
盐城市,月亮广场,120.1501,33.3367,2025-01-23T2300,41,67,0.5,12,6,89,91,59,颗粒物(PM10)
盐城市,大丰高级中学,120.4279,33.205,2025-01-23T2300,44,56,0.3,13,3,96,101,62,细颗粒物(PM2.5)
扬州市,邗江监测站,119.389,32.3761,2025-01-23T2300,38,56,0.4,17,4,69,78,54,细颗粒物(PM2.5)
扬州市,五台山医院,119.447,32.4155,2025-01-23T2300,41,60,0.4,11,5,72,78,58,细颗粒物(PM2.5)
扬州市,广陵建设局,119.4686,32.3942,2025-01-23T2300,47,52,0.4,11,5,78,75,65,细颗粒物(PM2.5)
扬州市,市体育局,119.3633,32.3972,2025-01-23T2300,38,61,0.4,13,4,68,78,56,颗粒物(PM10)
扬州市,引江管理处,119.5653,32.4222,2025-01-23T2300,41,57,0.5,13,2,79,77,58,细颗粒物(PM2.5)
阳江市,鸳鸯湖,111.9797,21.8593,2025-01-23T2300,,,,,,,,,
阳江市,马南垌,111.9491,21.8658,2025-01-23T2300,44,,0.4,18,4,66,88,62,细颗粒物(PM2.5)
阳江市,两阳中学,111.9765,21.8947,2025-01-23T2300,36,61,0.6,28,7,47,90,56,颗粒物(PM10)
阳江市,阳东陶然,112.0125,21.8749,2025-01-23T2300,30,,0.5,11,6,68,91,43,
阳泉市,市中心,113.5758,37.8572,2025-01-23T2300,52,126,1.0,74,10,4,60,88,颗粒物(PM10)
阳泉市,赛鱼,113.4894,37.8731,2025-01-23T2300,50,91,0.9,44,5,24,60,71,颗粒物(PM10)
阳泉市,南庄,113.5819,37.8486,2025-01-23T2300,55,80,0.7,44,10,31,59,75,细颗粒物(PM2.5)
阳泉市,平坦,113.5614,37.8703,2025-01-23T2300,58,128,0.9,77,12,4,54,89,颗粒物(PM10)
阳泉市,大阳泉,113.5158,37.8392,2025-01-23T2300,40,59,0.7,29,10,66,63,57,细颗粒物(PM2.5)
阳泉市,龙柱,113.617,37.8571,2025-01-23T2300,52,89,1.1,71,21,7,56,72,细颗粒物(PM2.5)
伊春市,环保局,128.5159,47.4311,2025-01-23T2300,55,59,1.0,,14,19,52,,
伊春市,电力嘉园,128.9102,47.7412,2025-01-23T2300,57,74,1.1,46,6,16,37,78,细颗粒物(PM2.5)
伊春市,汤旺河国家公园,129.5029,48.471,2025-01-23T2300,6,8,0.3,7,4,51,63,16,
伊春市,中心小学,128.4741,47.4346,2025-01-23T2300,112,,1.2,38,4,9,56,147,细颗粒物(PM2.5)
伊春市,检察院,128.6871,47.7369,2025-01-23T2300,60,,1.1,14,10,69,63,82,细颗粒物(PM2.5)
伊春市,双子河社区,128.8431,47.8474,2025-01-23T2300,65,88,0.9,26,2,29,56,88,细颗粒物(PM2.5)
伊春市,美溪镇,129.1368,47.6417,2025-01-23T2300,82,,1.7,18,1,38,54,109,细颗粒物(PM2.5)
伊犁哈萨克自治州,市环保局,81.2815,43.9404,2025-01-23T2300,41,43,1.0,38,10,49,79,58,细颗粒物(PM2.5)
伊犁哈萨克自治州,新政府片区,81.2996,43.9174,2025-01-23T2300,34,41,1.0,37,8,48,78,49,
伊犁哈萨克自治州,第二水厂,81.3364,43.941,2025-01-23T2300,34,34,1.0,29,10,52,69,49,
宜宾市,石马中学,104.563,28.793,2025-01-23T2300,105,139,0.7,14,5,61,68,138,细颗粒物(PM2.5)
宜宾市,市委,104.6201,28.7728,2025-01-23T2300,140,168,1.0,31,6,43,66,186,细颗粒物(PM2.5)
宜宾市,宜宾四中,104.6055,28.793,2025-01-23T2300,136,159,0.9,32,7,37,62,180,细颗粒物(PM2.5)
宜宾市,市政府,104.639,28.7562,2025-01-23T2300,123,143,0.9,28,8,48,67,162,细颗粒物(PM2.5)
宜宾市,黄金嘴,104.5742,28.7199,2025-01-23T2300,105,146,0.9,24,10,56,68,138,细颗粒物(PM2.5)
宜宾市,白酒学院,104.68,28.8071,2025-01-23T2300,127,156,0.9,26,6,42,69,168,细颗粒物(PM2.5)
宜昌市,白龙岗,111.2992,30.6981,2025-01-23T2300,166,188,1.0,33,8,47,71,216,细颗粒物(PM2.5)
宜昌市,点军区,111.2628,30.6961,2025-01-23T2300,158,201,1.2,32,7,47,83,208,细颗粒物(PM2.5)
宜昌市,夷陵区,111.3275,30.7819,2025-01-23T2300,180,218,1.1,32,10,52,82,230,细颗粒物(PM2.5)
宜昌市,猇亭区张家湾站,111.4606,30.552,2025-01-23T2300,158,197,1.5,36,5,50,88,208,细颗粒物(PM2.5)
宜昌市,云霞,111.3168,30.7203,2025-01-23T2300,197,219,1.6,34,6,64,92,247,细颗粒物(PM2.5)
宜昌市,向阳,111.3526,30.6374,2025-01-23T2300,156,177,1.0,36,8,59,80,206,细颗粒物(PM2.5)
宜春市,槟榔水业,114.3408,27.8064,2025-01-23T2300,,,,,,,,,
宜春市,市石油公司,114.3956,27.7844,2025-01-23T2300,71,101,0.9,30,11,58,101,95,细颗粒物(PM2.5)
宜春市,市气象局,114.3703,27.7914,2025-01-23T2300,66,110,0.9,42,16,58,104,89,细颗粒物(PM2.5)
宜春市,市广电局,114.4013,27.8074,2025-01-23T2300,48,70,1.3,28,14,78,103,67,细颗粒物(PM2.5)
宜春市,宜春学院北校区,114.375,27.8097,2025-01-23T2300,47,66,1.1,27,11,88,104,65,细颗粒物(PM2.5)
宜春市,万载县环保局,114.4519,28.0828,2025-01-23T2300,68,134,1.2,40,12,50,106,92,"颗粒物(PM10),细颗粒物(PM2.5)"
益阳市,甘溪港,112.4067,28.6428,2025-01-23T2300,274,337,1.4,25,8,36,61,324,细颗粒物(PM2.5)
益阳市,市环保局,112.3458,28.5808,2025-01-23T2300,258,303,1.7,34,9,37,60,308,细颗粒物(PM2.5)
益阳市,龙洲,112.3571,28.55878,2025-01-23T2300,256,283,1.6,40,8,33,62,306,细颗粒物(PM2.5)
益阳市,益阳卫生职业技术学院,112.3425,28.6110,2025-01-23T2300,260,270,1.5,45,6,31,56,310,细颗粒物(PM2.5)
益阳市,益阳师范学院,112.3712,28.5764,2025-01-23T2300,241,299,1.5,33,6,33,57,291,细颗粒物(PM2.5)
银川市,贺兰山马莲口,105.9512,38.6016,2025-01-23T2300,,,,,,,,,
银川市,学院路,106.1358,38.5036,2025-01-23T2300,86,162,1.7,70,70,28,48,114,细颗粒物(PM2.5)
银川市,水乡路,106.2266,38.4418,2025-01-23T2300,77,126,1.7,92,38,25,41,103,细颗粒物(PM2.5)
银川市,上海东路,106.2757,38.4842,2025-01-23T2300,87,134,1.7,80,28,24,49,115,细颗粒物(PM2.5)
银川市,文昌北街,106.1015,38.497,2025-01-23T2300,83,145,1.3,53,67,54,63,110,细颗粒物(PM2.5)
银川市,滨河新区,106.5105,38.3856,2025-01-23T2300,88,105,1.0,35,16,57,66,117,细颗粒物(PM2.5)
银川市,广场西路,106.2264,38.4920,2025-01-23T2300,92,170,1.8,79,46,11,42,122,细颗粒物(PM2.5)
鹰潭市,龙虎山,116.9822,28.1136,2025-01-23T2300,,,,,,,,,
鹰潭市,新监测站,117.0564,28.2642,2025-01-23T2300,42,59,0.4,28,19,94,126,59,细颗粒物(PM2.5)
鹰潭市,财苑宾馆,117.0311,28.2475,2025-01-23T2300,47,68,0.8,19,21,94,122,65,细颗粒物(PM2.5)
鹰潭市,体育馆,117.0222,28.2264,2025-01-23T2300,45,69,0.6,50,24,64,124,63,细颗粒物(PM2.5)
鹰潭市,三川水表,117.0017,28.2131,2025-01-23T2300,48,85,0.6,47,21,67,114,68,颗粒物(PM10)
营口市,大庆路,122.2703,40.7094,2025-01-23T2300,190,260,,90,48,15,43,240,细颗粒物(PM2.5)
营口市,镜湖西路,122.2150,40.6511,2025-01-23T2300,84,134,1.2,84,15,16,71,112,细颗粒物(PM2.5)
营口市,西炮台,122.1658,40.6789,2025-01-23T2300,114,133,1.3,69,15,9,46,149,细颗粒物(PM2.5)
营口市,鲅鱼圈市民活动中心,122.1139,40.2278,2025-01-23T2300,,,1.6,71,25,,52,,
营口市,三高中,122.2469,40.66302,2025-01-23T2300,108,118,,99,23,9,66,142,细颗粒物(PM2.5)
营口市,老边实验小学,122.3622,40.6762,2025-01-23T2300,171,200,2.7,90,42,11,50,221,细颗粒物(PM2.5)
永州市,零陵南津渡,111.6217,26.2081,2025-01-23T2300,152,185,1.1,32,12,72,87,202,细颗粒物(PM2.5)
永州市,市环境监测站,111.6156,26.4214,2025-01-23T2300,138,155,0.9,22,13,77,94,183,细颗粒物(PM2.5)
永州市,零陵区环保局,111.6236,26.2331,2025-01-23T2300,157,191,1.3,32,14,78,91,207,细颗粒物(PM2.5)
永州市,永州市环保局,111.5992,26.4364,2025-01-23T2300,133,150,1.3,17,13,88,101,176,细颗粒物(PM2.5)
永州市,冷水滩区环保局,111.5989,26.4519,2025-01-23T2300,145,167,1.3,23,14,76,91,193,细颗粒物(PM2.5)
榆林市,红石峡森林公园,109.7414,38.3344,2025-01-23T2300,91,137,1.6,96,15,7,114,120,细颗粒物(PM2.5)
榆林市,世纪广场,109.7456,38.2911,2025-01-23T2300,113,123,2.1,117,15,8,90,148,细颗粒物(PM2.5)
榆林市,实验中学,109.7289,38.2839,2025-01-23T2300,96,107,1.7,77,14,52,110,127,细颗粒物(PM2.5)
榆林市,环保监测大楼,109.7336,38.2478,2025-01-23T2300,113,,1.7,101,12,29,113,148,细颗粒物(PM2.5)
玉林市,寒山水库,110.1106,22.7019,2025-01-23T2300,77,79,0.8,17,2,46,74,103,细颗粒物(PM2.5)
玉林市,市监测站,110.1675,22.6411,2025-01-23T2300,,,,,,,,,
玉林市,南江一中,110.1433,22.6164,2025-01-23T2300,85,131,0.9,32,5,32,76,113,细颗粒物(PM2.5)
玉林市,玉林师范学院东校区,110.1945,22.6831,2025-01-23T2300,78,,1.0,26,7,48,89,104,细颗粒物(PM2.5)
玉林市,福绵环保局,110.0527,22.5893,2025-01-23T2300,50,62,0.7,20,2,61,86,69,细颗粒物(PM2.5)
玉树藏族自治州,玉树县结古镇,97,33.0014,2025-01-23T2300,13,36,0.5,6,5,80,83,36,
玉溪市,东风水库,102.575,24.3711,2025-01-23T2300,27,46,0.7,18,11,76,88,46,
玉溪市,玉溪一中,102.5389,24.3703,2025-01-23T2300,18,35,0.8,16,9,69,90,35,
玉溪市,文体中心,102.5381,24.3389,2025-01-23T2300,17,33,0.7,21,8,70,91,33,
岳阳市,南湖风景区,113.1094,29.3578,2025-01-23T2300,140,161,1.4,39,8,34,55,186,细颗粒物(PM2.5)
岳阳市,城陵矶,113.1493,29.4251,2025-01-23T2300,185,192,1.0,36,6,37,54,235,细颗粒物(PM2.5)
岳阳市,开发区,113.1497,29.3575,2025-01-23T2300,176,213,0.6,42,11,34,53,226,细颗粒物(PM2.5)
岳阳市,云溪区,113.2621,29.4758,2025-01-23T2300,147,173,1.0,34,7,36,57,196,细颗粒物(PM2.5)
岳阳市,君山区,112.9943,29.4402,2025-01-23T2300,154,171,1.0,25,8,46,68,204,细颗粒物(PM2.5)
岳阳市,金凤水库,113.2117,29.355,2025-01-23T2300,152,208,0.8,31,5,38,60,202,细颗粒物(PM2.5)
云浮市,新市府,112.0392,22.9169,2025-01-23T2300,22,,0.5,11,1,35,84,32,
云浮市,牧羊,112.0539,22.9539,2025-01-23T2300,39,52,0.5,26,7,75,101,55,细颗粒物(PM2.5)
云浮市,文笔,112.0336,22.9374,2025-01-23T2300,33,46,0.5,26,5,71,101,48,
运城市,运城中学,110.9956,35.0147,2025-01-23T2300,112,,0.9,16,2,74,95,147,细颗粒物(PM2.5)
运城市,地区技校,110.9686,35.0303,2025-01-23T2300,67,104,0.9,21,8,74,98,90,细颗粒物(PM2.5)
运城市,空港新区,111.0414,35.1147,2025-01-23T2300,87,96,1.0,20,5,64,85,115,细颗粒物(PM2.5)
运城市,水利职院,111.0283,35.0547,2025-01-23T2300,94,96,1.0,21,6,58,95,124,细颗粒物(PM2.5)
运城市,禹都公园,111.0522,35.0439,2025-01-23T2300,81,,1.2,19,6,57,89,108,细颗粒物(PM2.5)
枣庄市,市中区政府,117.558,34.8438,2025-01-23T2300,61,88,0.6,21,4,67,68,83,细颗粒物(PM2.5)
枣庄市,薛城环保局,117.2852,34.7837,2025-01-23T2300,55,73,0.6,7,10,69,66,75,细颗粒物(PM2.5)
枣庄市,峄城区政府,117.5852,34.7745,2025-01-23T2300,48,68,0.6,10,7,80,78,67,细颗粒物(PM2.5)
枣庄市,台儿庄区环保局,117.7276,34.5578,2025-01-23T2300,53,78,0.8,26,5,68,75,73,细颗粒物(PM2.5)
枣庄市,山亭区环保局,117.4518,35.0992,2025-01-23T2300,51,75,0.7,10,2,71,77,70,细颗粒物(PM2.5)
枣庄市,市环保局,117.3152,34.8103,2025-01-23T2300,61,93,0.6,15,18,61,66,83,细颗粒物(PM2.5)
湛江市,湛江影剧院,110.3539,21.2706,2025-01-23T2300,19,,0.5,10,5,99,98,31,
湛江市,市环境监测站,110.3928,21.2228,2025-01-23T2300,20,,0.4,14,4,90,100,29,
湛江市,环保局宿舍,110.4019,21.1997,2025-01-23T2300,19,20,0.6,10,5,90,92,29,
湛江市,霞山游泳场,110.4111,21.2028,2025-01-23T2300,18,20,0.5,11,6,91,94,29,
湛江市,麻章区环保局,110.3316,21.2679,2025-01-23T2300,26,,0.6,11,6,96,96,38,
湛江市,坡头区环保局,110.4558,21.2567,2025-01-23T2300,19,24,0.4,11,6,94,103,30,
张家界市,永定新区,110.5319,29.1217,2025-01-23T2300,185,202,1.0,20,8,77,88,235,细颗粒物(PM2.5)
张家界市,电业局,110.4697,29.1242,2025-01-23T2300,158,196,1.3,33,8,79,98,208,细颗粒物(PM2.5)
张家界市,未央路,110.5594,29.3547,2025-01-23T2300,183,229,1.7,43,6,55,77,233,细颗粒物(PM2.5)
张家界市,袁家界,110.4417,29.315,2025-01-23T2300,,,,,,,,,
张家口市,人民公园,114.8883,40.8336,2025-01-23T2300,61,72,0.9,29,7,35,54,83,细颗粒物(PM2.5)
张家口市,五金库,114.8687,40.8042,2025-01-23T2300,68,106,1.1,46,7,23,50,92,细颗粒物(PM2.5)
张家口市,世纪豪园,114.8902,40.762,2025-01-23T2300,79,96,1.1,45,6,34,56,105,细颗粒物(PM2.5)
张家口市,北泵房,114.8916,40.8661,2025-01-23T2300,62,78,0.8,24,7,40,60,84,细颗粒物(PM2.5)
张家口市,烟厂,114.879,40.7993,2025-01-23T2300,54,88,1.0,32,,,54,,
张家口市,青少年活动中心,115.2773,40.9724,2025-01-23T2300,31,49,0.3,20,6,52,78,49,
张掖市,润泉湖,100.4698,38.9524,2025-01-23T2300,,,0.6,22,10,58,70,,
张掖市,区工会,100.4154,38.9422,2025-01-23T2300,46,129,0.5,19,9,59,63,90,颗粒物(PM10)
漳州市,九湖,117.6336,24.4674,2025-01-23T2300,,,,,,,,,
漳州市,蓝田镇,117.7116,24.506,2025-01-23T2300,24,35,0.5,29,4,56,112,35,
漳州市,漳州党校,114.6622,24.5183,2025-01-23T2300,19,35,0.6,23,4,57,103,35,
漳州市,西洋坪路,117.6296,24.5314,2025-01-23T2300,22,33,0.8,25,3,38,119,33,
昭通市,监测站,103.7667,27.3736,2025-01-23T2300,31,37,0.9,11,12,57,87,45,
昭通市,环保局,103.7225,27.3361,2025-01-23T2300,38,,0.9,15,9,52,81,54,细颗粒物(PM2.5)
肇庆市,睦岗子站,112.4267,23.0706,2025-01-23T2300,47,64,0.6,37,8,39,107,65,细颗粒物(PM2.5)
肇庆市,城中子站,112.4645,23.0475,2025-01-23T2300,47,68,0.7,40,7,33,96,65,细颗粒物(PM2.5)
肇庆市,坑口子站,112.5544,23.1522,2025-01-23T2300,33,47,0.6,25,2,33,97,48,
肇庆市,七星岩子站,112.4753,23.1,2025-01-23T2300,33,48,0.5,31,6,51,104,48,
肇庆市,高要湖西,112.4575,23.0166,2025-01-23T2300,39,45,0.9,29,2,27,102,55,细颗粒物(PM2.5)
肇庆市,鼎湖凤凰,112.5617,23.2083,2025-01-23T2300,13,40,0.9,24,5,52,117,40,
镇江市,新区办事处,119.6707,32.1875,2025-01-23T2300,44,70,0.6,16,3,66,77,62,细颗粒物(PM2.5)
镇江市,职教中心,119.4974,32.1968,2025-01-23T2300,46,58,,44,3,46,52,,
镇江市,丹徒区监测站,119.4303,32.1328,2025-01-23T2300,41,62,0.4,22,2,59,78,58,细颗粒物(PM2.5)
镇江市,市疾控中心,119.4424,32.1873,2025-01-23T2300,45,61,0.5,42,6,55,70,63,细颗粒物(PM2.5)
镇江市,富润路1号,119.3842,32.1976,2025-01-23T2300,32,56,0.7,21,6,60,69,53,颗粒物(PM10)
郑州市,烟厂,113.69031,34.76122,2025-01-23T2300,80,83,1.0,43,4,27,54,107,细颗粒物(PM2.5)
郑州市,郑纺机,113.65724,34.77134,2025-01-23T2300,80,,1.1,64,3,12,50,107,细颗粒物(PM2.5)
郑州市,银行学校,113.67526,34.80246,2025-01-23T2300,75,89,1.2,48,4,8,43,100,细颗粒物(PM2.5)
郑州市,供水公司,113.56746,34.81334,2025-01-23T2300,83,,0.9,29,4,29,46,110,细颗粒物(PM2.5)
郑州市,经开区管委,113.7329,34.7178,2025-01-23T2300,74,88,0.9,38,6,25,50,99,细颗粒物(PM2.5)
郑州市,四十七中,113.73961,34.77172,2025-01-23T2300,64,78,1.0,37,8,26,50,87,细颗粒物(PM2.5)
郑州市,市监测站,113.60532,34.74838,2025-01-23T2300,72,87,1.3,37,8,19,52,97,细颗粒物(PM2.5)
郑州市,河医大,113.64164,34.7525,2025-01-23T2300,81,,1.1,48,5,11,45,108,细颗粒物(PM2.5)
郑州市,岗李水库,113.51488,34.91089,2025-01-23T2300,,,,,,,,,
郑州市,惠济区政府,113.616563,34.86783,2025-01-23T2300,84,87,0.8,48,4,17,50,112,细颗粒物(PM2.5)
郑州市,北区建设指挥部,113.8374,34.5589,2025-01-23T2300,68,73,1.1,52,6,9,51,92,细颗粒物(PM2.5)
郑州市,上街区政府,113.30952,34.803229,2025-01-23T2300,71,74,0.7,33,3,32,48,95,细颗粒物(PM2.5)
中山市,华柏园,113.3769,22.5211,2025-01-23T2300,27,35,0.7,41,5,17,64,39,
中山市,张溪,113.3881,22.5497,2025-01-23T2300,38,40,0.7,40,1,20,74,54,细颗粒物(PM2.5)
中山市,紫马岭,113.4075,22.5111,2025-01-23T2300,21,29,0.6,30,4,9,64,30,
中山市,长江旅游区,113.4411,22.4853,2025-01-23T2300,9,12,0.6,12,3,15,62,13,
中山市,中山南区,113.3528,22.478,2025-01-23T2300,24,,0.4,18,3,46,66,35,
中卫市,沙坡头消防站,105.0025,37.4635,2025-01-23T2300,,,,,,,,,
中卫市,环保局站,105.1971,37.5002,2025-01-23T2300,108,146,1.3,61,24,40,82,142,细颗粒物(PM2.5)
中卫市,沙坡头区政府站,105.1698,37.5162,2025-01-23T2300,106,191,1.5,67,20,30,80,139,细颗粒物(PM2.5)
重庆市,缙云山,106.3787,29.8279,2025-01-23T2300,57,71,0.7,21,5,77,65,78,细颗粒物(PM2.5)
重庆市,天生,106.4213,29.8253,2025-01-23T2300,178,202,1.1,34,8,2,9,228,细颗粒物(PM2.5)
重庆市,两路,106.6263,29.7228,2025-01-23T2300,123,154,1.1,32,6,20,10,162,细颗粒物(PM2.5)
重庆市,虎溪,106.2953,29.5983,2025-01-23T2300,227,244,1.4,40,6,4,6,277,细颗粒物(PM2.5)
重庆市,南坪,106.5777,29.5102,2025-01-23T2300,146,148,1.1,48,9,6,12,195,细颗粒物(PM2.5)
重庆市,唐家沱,106.6556,29.6277,2025-01-23T2300,144,155,1.5,43,6,12,7,192,细颗粒物(PM2.5)
重庆市,茶园,106.6349,29.4906,2025-01-23T2300,178,216,1.6,44,7,9,9,228,细颗粒物(PM2.5)
重庆市,白市驿,106.3754,29.4572,2025-01-23T2300,179,229,1.5,60,7,4,4,229,细颗粒物(PM2.5)
重庆市,空港,106.6205,29.7166,2025-01-23T2300,125,133,1.1,32,6,32,18,165,细颗粒物(PM2.5)
重庆市,礼嘉,106.5616,29.6453,2025-01-23T2300,137,167,1.4,48,7,10,8,182,细颗粒物(PM2.5)
重庆市,蔡家,106.4522,29.7091,2025-01-23T2300,144,168,1.5,33,7,8,8,192,细颗粒物(PM2.5)
重庆市,鱼新街,106.5093,29.3917,2025-01-23T2300,156,186,1.6,58,5,5,12,206,细颗粒物(PM2.5)
重庆市,歇台子,106.4958,29.5346,2025-01-23T2300,175,191,1.5,53,7,3,3,225,细颗粒物(PM2.5)
重庆市,龙井湾,106.4037,29.5728,2025-01-23T2300,153,207,1.4,37,6,10,18,203,细颗粒物(PM2.5)
重庆市,龙洲湾,106.5507,29.4153,2025-01-23T2300,151,164,1.0,27,5,14,12,201,细颗粒物(PM2.5)
重庆市,上清寺,106.5468,29.5654,2025-01-23T2300,160,199,2.0,67,11,4,4,210,细颗粒物(PM2.5)
重庆市,安康,108.3872,31.1628,2025-01-23T2300,100,,1.0,25,5,2,7,132,细颗粒物(PM2.5)
重庆市,北山路,105.9017,29.3569,2025-01-23T2300,138,,1.3,33,3,18,21,183,细颗粒物(PM2.5)
重庆市,滩子口,106.6479,29.0244,2025-01-23T2300,228,236,1.6,55,16,9,18,278,细颗粒物(PM2.5)
重庆市,棠香,105.7167,29.7076,2025-01-23T2300,91,99,1.2,30,2,23,38,120,细颗粒物(PM2.5)
重庆市,桃源西路,107.0732,29.8617,2025-01-23T2300,168,181,1.2,16,19,9,7,218,细颗粒物(PM2.5)
重庆市,迎宾大道,107.3535,29.7287,2025-01-23T2300,215,242,1.9,47,20,6,6,265,细颗粒物(PM2.5)
重庆市,舟白,108.815,29.5081,2025-01-23T2300,73,,0.6,14,7,82,76,98,细颗粒物(PM2.5)
重庆市,周家坝,108.3679,30.8426,2025-01-23T2300,91,100,1.1,52,9,15,11,120,细颗粒物(PM2.5)
重庆市,百安坝,108.4319,30.7555,2025-01-23T2300,93,100,0.9,27,16,45,26,123,细颗粒物(PM2.5)
重庆市,芙蓉中路,107.7541,29.3277,2025-01-23T2300,111,130,1.2,31,4,3,3,145,细颗粒物(PM2.5)
重庆市,西山,108.7661,29.5368,2025-01-23T2300,56,61,1.0,16,4,63,87,77,细颗粒物(PM2.5)
重庆市,行政中心,106.2628,29.32,2025-01-23T2300,164,,1.2,51,6,4,6,214,细颗粒物(PM2.5)
重庆市,书院路,106.2649,29.9851,2025-01-23T2300,158,,1.4,24,8,6,6,208,细颗粒物(PM2.5)
重庆市,虎峰,106.2339,29.5559,2025-01-23T2300,241,,1.4,37,8,5,11,291,细颗粒物(PM2.5)
重庆市,龙门街,106.0499,29.8342,2025-01-23T2300,125,,1.1,34,10,7,8,165,细颗粒物(PM2.5)
重庆市,昌元,105.5933,29.4105,2025-01-23T2300,109,135,1.0,31,4,13,15,143,细颗粒物(PM2.5)
重庆市,双山路147号,106.4686,29.4893,2025-01-23T2300,171,211,1.3,64,7,4,6,221,细颗粒物(PM2.5)
重庆市,桃园路24号,105.8340,30.1886,2025-01-23T2300,120,134,0.9,31,9,11,10,158,细颗粒物(PM2.5)
重庆市,钟楼街32号,107.0910,29.1540,2025-01-23T2300,195,197,1.7,38,9,4,7,245,细颗粒物(PM2.5)
重庆市,人民南路309号,107.8043,30.6735,2025-01-23T2300,92,,0.7,20,6,44,39,122,细颗粒物(PM2.5)
舟山市,定海檀枫,122.122,30.0203,2025-01-23T2300,13,20,0.4,13,7,84,90,27,
舟山市,临城新区,122.19,29.9944,2025-01-23T2300,11,16,0.5,10,6,84,90,27,
舟山市,普陀东港中学,122.3123,29.9619,2025-01-23T2300,10,21,0.6,8,5,,82,,
周口市,市环境监测站,114.6613,33.6128,2025-01-23T2300,130,140,1.0,24,8,15,29,172,细颗粒物(PM2.5)
周口市,周口师范,114.6758,33.6347,2025-01-23T2300,119,133,1.1,27,4,13,25,156,细颗粒物(PM2.5)
周口市,市运管处,114.6546,33.5979,2025-01-23T2300,129,159,1.1,27,3,19,33,170,细颗粒物(PM2.5)
周口市,川汇区环保局,114.6369,33.6406,2025-01-23T2300,120,133,1.0,32,5,10,27,158,细颗粒物(PM2.5)
株洲市,天台山庄,113.135,27.8244,2025-01-23T2300,273,319,1.6,47,7,35,80,323,细颗粒物(PM2.5)
株洲市,株冶医院,113.095,27.8867,2025-01-23T2300,259,311,1.4,45,10,31,78,309,细颗粒物(PM2.5)
株洲市,市四中,113.167,27.8667,2025-01-23T2300,279,333,1.6,49,5,36,88,329,细颗粒物(PM2.5)
株洲市,火车站,113.143,27.8381,2025-01-23T2300,274,316,1.7,48,9,33,83,324,细颗粒物(PM2.5)
株洲市,市监测站,113.13,27.8528,2025-01-23T2300,286,326,1.5,45,6,35,81,336,细颗粒物(PM2.5)
株洲市,大京风景区,113.251,27.8336,2025-01-23T2300,284,320,1.5,37,7,34,82,334,细颗粒物(PM2.5)
株洲市,云田中学,113.1817,27.9958,2025-01-23T2300,265,324,1.7,47,8,30,77,315,细颗粒物(PM2.5)
珠海市,吉大,113.5814,22.2618,2025-01-23T2300,30,44,0.5,22,6,98,71,44,
珠海市,前山,113.4881,22.2335,2025-01-23T2300,19,30,0.5,21,6,104,77,33,
珠海市,唐家,113.628,22.4251,2025-01-23T2300,44,54,0.3,22,3,40,69,62,细颗粒物(PM2.5)
珠海市,斗门,113.299,22.2281,2025-01-23T2300,52,61,0.5,28,5,60,62,72,细颗粒物(PM2.5)
珠海市,金湾,113.3494,22.0569,2025-01-23T2300,23,36,0.5,15,6,99,72,36,
珠海市,横琴,113.5433,22.1163,2025-01-23T2300,26,36,0.6,23,5,100,73,38,
驻马店市,市一纸厂,114.0189,32.9656,2025-01-23T2300,97,130,0.7,28,4,10,39,128,细颗粒物(PM2.5)
驻马店市,市彩印厂,114.0114,33.015,2025-01-23T2300,105,120,0.8,32,2,11,36,138,细颗粒物(PM2.5)
驻马店市,小管楼,114.0012,33.0412,2025-01-23T2300,102,118,0.7,36,7,10,34,134,细颗粒物(PM2.5)
驻马店市,民生社区,113.9856,32.9802,2025-01-23T2300,89,127,0.8,34,4,16,41,118,细颗粒物(PM2.5)
资阳市,莲花山,104.6617,30.1372,2025-01-23T2300,157,200,1.6,24,4,16,38,207,细颗粒物(PM2.5)
资阳市,资阳中学,104.6356,30.1506,2025-01-23T2300,178,207,1.2,25,6,12,40,228,细颗粒物(PM2.5)
资阳市,四三一厂,104.6295,30.1383,2025-01-23T2300,183,237,1.2,27,5,15,38,233,细颗粒物(PM2.5)
资阳市,师范校,104.6463,30.1146,2025-01-23T2300,178,,1.4,27,5,18,41,228,细颗粒物(PM2.5)
资阳市,区法院,104.6296,30.1256,2025-01-23T2300,175,198,1.3,27,5,14,40,225,细颗粒物(PM2.5)
淄博市,人民公园,118.0414,36.8103,2025-01-23T2300,222,280,2.2,97,34,8,52,272,细颗粒物(PM2.5)
淄博市,双山,117.8525,36.4847,2025-01-23T2300,151,193,2.2,100,10,5,66,201,细颗粒物(PM2.5)
淄博市,气象站,117.9592,36.6331,2025-01-23T2300,178,229,1.7,84,24,7,40,228,细颗粒物(PM2.5)
淄博市,新区,117.9883,36.8372,2025-01-23T2300,178,222,3.7,81,10,6,40,228,细颗粒物(PM2.5)
淄博市,三金集团,117.8661,36.805,2025-01-23T2300,234,288,2.6,97,43,4,31,284,细颗粒物(PM2.5)
淄博市,东风化工厂,118.0253,36.8406,2025-01-23T2300,197,250,2.1,97,17,7,43,247,细颗粒物(PM2.5)
淄博市,广场路1号,118.3039,36.8271,2025-01-23T2300,132,183,2.0,72,10,7,62,175,细颗粒物(PM2.5)
自贡市,檀木林体育馆,104.776,29.3627,2025-01-23T2300,114,162,0.8,23,6,45,44,149,细颗粒物(PM2.5)
自贡市,南湖救助站,104.7894,29.3194,2025-01-23T2300,117,135,0.8,20,2,41,35,153,细颗粒物(PM2.5)
自贡市,轻化工大学,104.7636,29.3338,2025-01-23T2300,108,151,0.9,23,3,41,37,142,细颗粒物(PM2.5)
自贡市,贡兴路74号,104.7143,29.3386,2025-01-23T2300,116,165,0.6,15,3,45,42,152,细颗粒物(PM2.5)
遵义市,丁字口,106.9222,27.6869,2025-01-23T2300,55,55,0.6,18,11,65,83,75,细颗粒物(PM2.5)
遵义市,凤凰山,106.9242,27.7019,2025-01-23T2300,48,73,0.9,13,6,67,91,67,细颗粒物(PM2.5)
遵义市,忠庄,106.8906,27.6486,2025-01-23T2300,52,68,0.7,13,3,59,73,72,细颗粒物(PM2.5)
遵义市,舟水桥,106.9231,27.6506,2025-01-23T2300,58,82,0.5,14,6,70,77,79,细颗粒物(PM2.5)
遵义市,干田坝,106.9178,27.72,2025-01-23T2300,51,54,1.1,18,12,68,78,70,细颗粒物(PM2.5)
遵义市,播州区职业技术学校,106.8609,27.5969,2025-01-23T2300,74,79,0.9,13,6,56,74,99,细颗粒物(PM2.5)
