area,positionname,longitude,latitude,timepoint,pm2_5,pm10,co,no2,so2,o3,o3_8h,aqi,primarypollutant
阿坝藏族羌族自治州,州农科所,102.1879,31.914,2025-03-26T0900,17,25,0.5,25,9,,50,,
阿坝藏族羌族自治州,马师校,102.2502,31.8896,2025-03-26T0900,46,51,0.6,22,7,43,47,64,细颗粒物(PM2.5)
阿坝藏族羌族自治州,马尔康中学西区,102.2165,31.9024,2025-03-26T0900,56,60,0.6,23,6,51,55,77,细颗粒物(PM2.5)
阿克苏地区,电视台,80.292,41.1694,2025-03-26T0900,310,2060,0.3,4,4,87,85,500,颗粒物(PM10)
阿克苏地区,艺术中心,80.2613,41.1551,2025-03-26T0900,323,2251,0.5,6,4,84,82,500,颗粒物(PM10)
阿拉善盟,西城区西花园,105.6467,38.8363,2025-03-26T0900,110,441,0.8,7,11,107,106,327,颗粒物(PM10)
阿拉善盟,蒙二幼,105.6985,38.8411,2025-03-26T0900,135,406,0.6,9,6,92,95,280,颗粒物(PM10)
阿拉善盟,环保局新楼,105.724,38.8516,2025-03-26T0900,130,468,0.3,5,8,,103,360,颗粒物(PM10)
阿勒泰地区,市站,88.1264,47.8517,2025-03-26T0900,9,15,0.4,14,3,48,66,15,
阿里地区,阿里监测站,80.1161,32.5,2025-03-26T0900,3,10,0.5,9,9,91,96,29,
阿里地区,阿里藏医院,80.0903,32.5028,2025-03-26T0900,3,9,0.4,1,8,100,101,32,
安康市,香溪洞,109.0318,32.6537,2025-03-26T0900,19,28,0.7,11,9,55,81,28,
安康市,汉滨区检察院,109.0072,32.6975,2025-03-26T0900,21,48,0.4,22,16,42,52,48,
安康市,市邮政管理局,109.0325,32.6913,2025-03-26T0900,32,54,0.7,22,26,39,44,52,颗粒物(PM10)
安庆市,环科院,117.0809,30.5177,2025-03-26T0900,47,76,,109,12,,17,,
安庆市,马山宾馆,117.0331,30.5119,2025-03-26T0900,42,64,0.5,60,7,67,48,59,细颗粒物(PM2.5)
安庆市,安庆大学,116.9896,30.6145,2025-03-26T0900,47,78,0.5,68,12,73,60,65,细颗粒物(PM2.5)
安庆市,市人大,117.0598,30.5351,2025-03-26T0900,46,74,0.7,69,12,54,38,64,细颗粒物(PM2.5)
安顺市,伍家关,105.9606,26.2611,2025-03-26T0900,26,39,0.4,14,8,100,109,39,
安顺市,凤凰山,105.9408,26.2431,2025-03-26T0900,31,38,0.3,19,10,104,117,45,
安顺市,金钟山,105.9439,26.2564,2025-03-26T0900,27,42,0.5,13,9,108,121,42,
安顺市,娄家坡,105.8983,26.2481,2025-03-26T0900,30,39,0.5,11,9,108,119,43,
安阳市,棉研所,114.4839,36.0621,2025-03-26T0900,,,,,,,,,
安阳市,红庙街,114.3551,36.1017,2025-03-26T0900,65,217,0.2,29,12,48,26,134,颗粒物(PM10)
安阳市,银杏小区,114.361,36.0681,2025-03-26T0900,60,177,0.7,30,8,52,15,114,颗粒物(PM10)
安阳市,信访局,114.3922,36.0878,2025-03-26T0900,58,182,0.8,31,12,55,27,116,颗粒物(PM10)
安阳市,左辅环卫站,114.4705,36.0637,2025-03-26T0900,65,203,0.4,35,12,56,36,127,颗粒物(PM10)
安阳市,安钢职工学校,114.2917,36.0949,2025-03-26T0900,52,181,0.7,29,12,53,14,116,颗粒物(PM10)
鞍山市,深沟寺,123.044,41.1196,2025-03-26T0900,100,137,1.8,44,27,43,65,132,细颗粒物(PM2.5)
鞍山市,太阳城,123.011,41.0931,2025-03-26T0900,110,150,1.9,50,27,42,64,144,细颗粒物(PM2.5)
鞍山市,太平,123.0485,41.1442,2025-03-26T0900,95,148,2.0,56,23,32,64,125,细颗粒物(PM2.5)
鞍山市,铁西三道街,122.9642,41.0971,2025-03-26T0900,98,139,1.6,57,,36,64,129,细颗粒物(PM2.5)
鞍山市,明达新区,123.022,41.0821,2025-03-26T0900,110,141,1.6,44,27,46,64,144,细颗粒物(PM2.5)
鞍山市,千山,123.1289,41.0228,2025-03-26T0900,,,,,,,89,,
鞍山市,兴盛南路290号,122.9446,41.0826,2025-03-26T0900,110,154,1.4,60,26,39,62,144,细颗粒物(PM2.5)
巴彦淖尔市,附二中,107.4212,40.761,2025-03-26T0900,123,669,0.6,9,7,83,92,500,颗粒物(PM10)
巴彦淖尔市,市环保大楼,107.37,40.7372,2025-03-26T0900,151,,0.1,10,6,86,93,201,细颗粒物(PM2.5)
巴音郭楞蒙古自治州,孔雀公园,86.1472,41.7538,2025-03-26T0900,70,627,0.2,8,8,77,82,500,颗粒物(PM10)
巴音郭楞蒙古自治州,棉纺厂,86.1972,41.7166,2025-03-26T0900,51,802,0.2,7,2,78,86,500,颗粒物(PM10)
巴音郭楞蒙古自治州,经济开发区,86.2357,41.7173,2025-03-26T0900,73,539,0.1,4,4,83,89,439,颗粒物(PM10)
巴中市,苏山坪,106.7677,31.8794,2025-03-26T0900,24,38,0.4,8,7,109,132,38,
巴中市,市五中,106.7768,31.8526,2025-03-26T0900,40,68,1.0,45,6,24,31,59,颗粒物(PM10)
巴中市,圣泉水务公司,106.7418,31.8654,2025-03-26T0900,22,38,0.5,24,8,65,64,38,
巴中市,市中心医院,106.7616,31.8344,2025-03-26T0900,37,59,0.8,33,7,19,9,55,颗粒物(PM10)
白城市,洮北区环保局,122.7911,45.6077,2025-03-26T0900,35,51,0.4,12,6,64,63,51,颗粒物(PM10)
白城市,市环保局,122.8738,45.5725,2025-03-26T0900,44,48,0.8,11,1,66,55,62,细颗粒物(PM2.5)
白山市,喜丰,126.4219,41.9171,2025-03-26T0900,97,121,1.5,32,8,50,56,128,细颗粒物(PM2.5)
白山市,环保局,126.4077,41.9419,2025-03-26T0900,90,118,1.5,32,8,57,60,119,细颗粒物(PM2.5)
白银市,第三小学,104.1724,36.5446,2025-03-26T0900,246,1380,0.2,4,7,96,99,500,颗粒物(PM10)
白银市,动力公司,104.1465,36.5482,2025-03-26T0900,300,1358,0.2,4,3,100,101,500,颗粒物(PM10)
百色市,市监测站,106.6103,23.9011,2025-03-26T0900,77,106,1.2,33,11,28,35,103,细颗粒物(PM2.5)
百色市,市中心血站,106.6538,23.8859,2025-03-26T0900,101,134,1.4,49,11,12,20,133,细颗粒物(PM2.5)
百色市,祈福高中,106.6085,23.8798,2025-03-26T0900,85,100,1.1,33,6,17,22,113,细颗粒物(PM2.5)
蚌埠市,工人疗养院,117.396,32.939,2025-03-26T0900,43,72,0.8,33,10,120,112,61,颗粒物(PM10)
蚌埠市,百货大楼,117.3605,32.9427,2025-03-26T0900,,,0.5,,,112,101,,
蚌埠市,蚌埠学院,117.4185,32.8911,2025-03-26T0900,42,80,0.7,19,8,107,94,65,颗粒物(PM10)
蚌埠市,淮上区政府,117.3533,32.9673,2025-03-26T0900,41,80,0.6,18,10,127,109,65,颗粒物(PM10)
蚌埠市,高新区,117.3145,32.8977,2025-03-26T0900,42,90,0.7,18,11,120,99,70,颗粒物(PM10)
蚌埠市,蚌埠田家炳中学,117.3092,32.9314,2025-03-26T0900,44,84,0.6,25,12,124,101,67,颗粒物(PM10)
包头市,市环境监测站,109.8756,40.6532,2025-03-26T0900,129,528,0.2,12,9,86,61,428,颗粒物(PM10)
包头市,包头八中,109.9991,40.5842,2025-03-26T0900,148,514,0.3,10,6,90,66,414,颗粒物(PM10)
包头市,青山宾馆,109.8538,40.6821,2025-03-26T0900,138,480,0.3,6,7,89,68,375,颗粒物(PM10)
包头市,惠龙物流,109.8642,40.6288,2025-03-26T0900,98,620,0.4,10,6,91,70,500,颗粒物(PM10)
包头市,东河鸿龙湾,110.0377,40.5546,2025-03-26T0900,112,494,0.5,10,6,88,65,393,颗粒物(PM10)
包头市,滨河大厦,109.9154,40.5685,2025-03-26T0900,137,464,0.5,5,8,93,64,355,颗粒物(PM10)
包头市,包头市委党校,109.9447,40.6261,2025-03-26T0900,113,481,0.3,7,5,90,64,377,颗粒物(PM10)
包头市,昆区政府,109.8331,40.6576,2025-03-26T0900,106,504,0.5,12,5,84,62,404,颗粒物(PM10)
宝鸡市,庙沟村,107.185,34.3063,2025-03-26T0900,313,1386,0.3,5,6,85,108,500,颗粒物(PM10)
宝鸡市,竹园沟,107.0708,34.3017,2025-03-26T0900,130,465,0.4,31,7,41,77,357,颗粒物(PM10)
宝鸡市,三陆医院,107.1906,34.3672,2025-03-26T0900,343,1331,0.4,18,4,70,61,500,颗粒物(PM10)
宝鸡市,监测站,107.1431,34.3547,2025-03-26T0900,313,1504,0.4,15,7,72,67,500,颗粒物(PM10)
宝鸡市,技工学校,107.1186,34.3739,2025-03-26T0900,340,1472,0.3,10,5,81,64,500,颗粒物(PM10)
宝鸡市,陈仓区环保局家属楼,107.3906,34.3528,2025-03-26T0900,275,,0.6,8,7,70,74,325,细颗粒物(PM2.5)
宝鸡市,文理学院,107.2058,34.3497,2025-03-26T0900,326,1526,0.4,9,5,79,72,500,颗粒物(PM10)
宝鸡市,三迪小学,107.2386,34.3622,2025-03-26T0900,259,1205,0.4,15,6,76,66,500,颗粒物(PM10)
保定市,游泳馆,115.493,38.8632,2025-03-26T0900,32,80,0.2,21,6,71,73,65,颗粒物(PM10)
保定市,华电二区,115.5213,38.8959,2025-03-26T0900,33,65,0.0,15,3,72,70,58,颗粒物(PM10)
保定市,接待中心,115.4713,38.9108,2025-03-26T0900,38,68,0.5,19,3,70,68,59,颗粒物(PM10)
保定市,地表水厂,115.4612,38.8416,2025-03-26T0900,29,83,0.4,21,5,76,76,67,颗粒物(PM10)
保定市,满城区生态环境分局,115.31981,38.95208,2025-03-26T0900,31,80,0.4,15,4,80,66,65,颗粒物(PM10)
保定市,清苑区第二中学,115.47694,38.76408,2025-03-26T0900,31,105,0.4,21,5,75,69,78,颗粒物(PM10)
保定市,徐水物探局,115.62909,39.02311,2025-03-26T0900,31,81,0.4,16,10,79,74,66,颗粒物(PM10)
保定市,双鹰农机,115.4202,38.8656,2025-03-26T0900,40,69,0.4,16,3,76,76,60,颗粒物(PM10)
保定市,植保所站,115.5150,38.8590,2025-03-26T0900,34,63,0.5,16,2,73,72,57,颗粒物(PM10)
保山市,市环境监测站,99.1678,25.1081,2025-03-26T0900,28,40,0.7,24,6,52,81,40,
保山市,市环保局,99.1711,25.1328,2025-03-26T0900,27,33,0.6,19,3,70,102,39,
北海市,牛尾岭水库,109.2262,21.588,2025-03-26T0900,20,25,0.5,,5,32,26,,
北海市,海滩公园,109.1436,21.4086,2025-03-26T0900,12,30,0.7,10,6,83,70,30,
北海市,新市环保局,109.0981,21.4661,2025-03-26T0900,17,26,0.5,13,3,78,72,26,
北海市,北海工业园,109.1778,21.5233,2025-03-26T0900,27,48,0.4,22,7,59,66,48,
北海市,龙潭自来水厂,109.1911,21.4415,2025-03-26T0900,20,32,0.4,10,6,77,69,32,
北京市,万寿西宫,116.3621,39.8784,2025-03-26T0900,41,91,0.4,16,2,92,84,71,颗粒物(PM10)
北京市,定陵,116.2202,40.2915,2025-03-26T0900,,,,,,,,,
北京市,东四,116.4174,39.9289,2025-03-26T0900,43,87,0.5,18,7,83,78,69,颗粒物(PM10)
北京市,天坛,116.4072,39.8863,2025-03-26T0900,,,,,,,82,,
北京市,农展馆,116.462,39.9365,2025-03-26T0900,38,84,0.6,12,8,77,73,67,颗粒物(PM10)
北京市,官园,116.3392,39.9295,2025-03-26T0900,36,85,0.6,13,7,78,71,68,颗粒物(PM10)
北京市,海淀万柳,116.2878,39.9611,2025-03-26T0900,33,76,0.6,17,4,75,71,63,颗粒物(PM10)
北京市,顺义新城,116.6636,40.135,2025-03-26T0900,29,73,0.5,16,6,74,77,62,颗粒物(PM10)
北京市,怀柔镇,116.6275,40.3275,2025-03-26T0900,27,62,0.4,10,4,76,74,56,颗粒物(PM10)
北京市,昌平镇,116.2296,40.217,2025-03-26T0900,29,67,0.6,9,2,95,78,59,颗粒物(PM10)
北京市,奥体中心,116.3966,39.9821,2025-03-26T0900,38,92,0.7,18,4,76,70,71,颗粒物(PM10)
北京市,延庆夏都,115.9718,40.4529,2025-03-26T0900,30,78,0.7,12,7,75,68,64,颗粒物(PM10)
北京市,密云新城,116.8336,40.4095,2025-03-26T0900,29,70,0.5,13,5,74,70,60,颗粒物(PM10)
北京市,门头沟三家店,116.088,39.9726,2025-03-26T0900,31,92,0.5,30,5,57,58,71,颗粒物(PM10)
北京市,丰台云岗,116.1541,39.8204,2025-03-26T0900,30,71,0.7,17,6,80,83,61,颗粒物(PM10)
北京市,通州东关,116.6804,39.9081,2025-03-26T0900,42,88,0.6,20,6,72,76,69,颗粒物(PM10)
北京市,房山燕山,115.9577,39.7603,2025-03-26T0900,34,90,0.6,26,5,61,63,70,颗粒物(PM10)
北京市,大兴旧宫,116.4672,39.7733,2025-03-26T0900,45,94,0.4,13,3,78,68,72,颗粒物(PM10)
北京市,延庆石河营,115.986,40.4563,2025-03-26T0900,29,83,0.6,13,6,77,71,67,颗粒物(PM10)
北京市,怀柔新城,116.6151,40.3053,2025-03-26T0900,27,59,0.5,4,5,77,74,55,颗粒物(PM10)
北京市,丰台小屯,116.2545,39.8768,2025-03-26T0900,36,77,0.5,17,3,79,72,64,颗粒物(PM10)
北京市,密云镇,116.84,40.3844,2025-03-26T0900,32,83,0.5,28,6,62,74,67,颗粒物(PM10)
北京市,八角北路9号,116.1942,39.9158,2025-03-26T0900,32,76,0.4,17,3,79,78,63,颗粒物(PM10)
北京市,洳河巡河路,117.0790,40.1518,2025-03-26T0900,40,75,0.6,14,4,69,76,63,颗粒物(PM10)
本溪市,大峪,123.8275,41.3064,2025-03-26T0900,80,101,1.2,41,10,48,62,107,细颗粒物(PM2.5)
本溪市,溪湖,123.7567,41.3325,2025-03-26T0900,39,72,1.6,56,16,71,62,61,颗粒物(PM10)
本溪市,彩屯,123.7169,41.3094,2025-03-26T0900,50,69,2.6,39,19,62,63,69,细颗粒物(PM2.5)
本溪市,东明,123.7669,41.2864,2025-03-26T0900,45,73,0.9,16,8,86,67,63,细颗粒物(PM2.5)
本溪市,新立屯,123.7992,41.2664,2025-03-26T0900,30,32,0.8,15,6,90,74,43,
本溪市,威宁,123.8142,41.3472,2025-03-26T0900,86,166,1.8,43,6,40,56,114,细颗粒物(PM2.5)
毕节市,八中,105.2864,27.3125,2025-03-26T0900,33,61,1.0,24,15,38,41,56,颗粒物(PM10)
毕节市,师专,105.31,27.2944,2025-03-26T0900,39,63,1.0,33,9,22,15,57,颗粒物(PM10)
毕节市,工业大道,105.3688,27.3598,2025-03-26T0900,49,92,1.1,44,12,22,26,71,颗粒物(PM10)
滨州市,第二水厂,118.0018,37.3617,2025-03-26T0900,19,161,1.7,26,30,,51,106,颗粒物(PM10)
滨州市,北中新校,117.9776,37.393,2025-03-26T0900,19,151,0.4,26,44,71,60,101,颗粒物(PM10)
滨州市,中海酒店,117.9378,37.3956,2025-03-26T0900,27,112,0.4,24,34,74,65,81,颗粒物(PM10)
滨州市,开发区一中,117.9378,37.3553,2025-03-26T0900,22,178,0.3,30,31,67,58,114,颗粒物(PM10)
滨州市,金海六路,118.0917,37.694,2025-03-26T0900,12,159,0.6,20,10,79,60,105,颗粒物(PM10)
滨州市,滨州市西街道办事处,117.9956,37.3753,2025-03-26T0900,29,139,0.2,25,38,70,61,95,颗粒物(PM10)
亳州市,污水处理厂,115.8072,33.8399,2025-03-26T0900,34,82,0.5,15,6,120,98,66,颗粒物(PM10)
亳州市,三国揽胜宫,115.7789,33.8518,2025-03-26T0900,36,85,0.4,11,6,112,105,68,颗粒物(PM10)
亳州市,亳州学院,115.7633,33.8034,2025-03-26T0900,37,74,0.5,11,7,104,98,62,颗粒物(PM10)
博尔塔拉蒙古自治州,市党校,82.0485,44.8556,2025-03-26T0900,14,24,0,9,2,83,82,26,
博尔塔拉蒙古自治州,市环保局,82.0806,44.8969,2025-03-26T0900,6,24,0.5,11,4,70,76,24,
沧州市,沧县城建局,116.8842,38.2991,2025-03-26T0900,46,155,0.4,17,3,65,69,103,颗粒物(PM10)
沧州市,电视转播站,116.8584,38.3254,2025-03-26T0900,39,129,0.4,21,4,67,72,90,颗粒物(PM10)
沧州市,市环保局,116.8709,38.3228,2025-03-26T0900,46,120,0.4,19,8,66,70,85,颗粒物(PM10)
沧州市,河北水利电力学院,116.8136,38.3004,2025-03-26T0900,46,149,0.4,20,6,61,68,100,颗粒物(PM10)
昌都市,昌都监测站,97.1806,31.1273,2025-03-26T0900,11,14,0.4,15,7,53,64,17,
昌都市,昌都会议中心,97.1714,31.1406,2025-03-26T0900,13,19,0.5,,2,59,77,,
昌吉回族自治州,天山天池,88.1236,43.8886,2025-03-26T0900,9,16,0.5,3,3,79,78,25,
昌吉回族自治州,新区政务中心,87.2717,44.0297,2025-03-26T0900,14,103,0.5,7,7,65,76,77,颗粒物(PM10)
昌吉回族自治州,亚心广场,87.3095,44.0142,2025-03-26T0900,9,92,0.4,9,5,66,79,71,颗粒物(PM10)
长春市,食品厂,125.3325,43.9166,2025-03-26T0900,47,,0.7,30,7,50,36,65,细颗粒物(PM2.5)
长春市,客车厂,125.2863,43.9027,2025-03-26T0900,44,,0.7,31,6,46,40,62,细颗粒物(PM2.5)
长春市,邮电学院,125.2841,43.8463,2025-03-26T0900,61,,0.5,24,6,53,30,83,细颗粒物(PM2.5)
长春市,劳动公园,125.3716,43.8772,2025-03-26T0900,56,,0.9,23,6,50,42,77,细颗粒物(PM2.5)
长春市,园林处,125.3297,43.8805,2025-03-26T0900,51,,,,7,48,43,,
长春市,净月潭,125.4605,43.79,2025-03-26T0900,45,47,,,6,56,39,,
长春市,甩湾子,125.7194,43.515,2025-03-26T0900,57,,0.6,12,2,70,49,78,细颗粒物(PM2.5)
长春市,经开区环卫处,125.3863,43.8447,2025-03-26T0900,50,,0.6,24,5,45,33,69,细颗粒物(PM2.5)
长春市,高新区管委会,125.245,43.7783,2025-03-26T0900,46,,0.5,24,7,51,32,64,细颗粒物(PM2.5)
长春市,岱山公园,125.1761,43.8325,2025-03-26T0900,49,,0.6,38,,43,26,,
长沙市,经开区环保局,113.0833,28.2325,2025-03-26T0900,55,78,0.7,17,8,108,99,75,细颗粒物(PM2.5)
长沙市,高开区环保局,112.8872,28.2189,2025-03-26T0900,58,80,0.9,11,12,110,109,79,细颗粒物(PM2.5)
长沙市,马坡岭,113.0792,28.2053,2025-03-26T0900,56,80,0.6,15,8,95,82,77,细颗粒物(PM2.5)
长沙市,湖南师范大学,112.9394,28.19,2025-03-26T0900,55,80,0.9,8,10,110,86,75,细颗粒物(PM2.5)
长沙市,雨花区环保局,113.0178,28.1322,2025-03-26T0900,49,74,0.7,16,10,112,108,68,细颗粒物(PM2.5)
长沙市,伍家岭,112.9792,28.2597,2025-03-26T0900,66,118,0.9,51,6,44,18,89,细颗粒物(PM2.5)
长沙市,火车新站,113.0014,28.1944,2025-03-26T0900,48,80,0.8,19,10,106,67,67,细颗粒物(PM2.5)
长沙市,天心区环保局,112.9844,28.1178,2025-03-26T0900,57,74,0.6,14,5,121,114,78,细颗粒物(PM2.5)
长沙市,湖南中医药大学,112.8908,28.1308,2025-03-26T0900,45,85,1.0,16,7,96,47,68,颗粒物(PM10)
长沙市,沙坪,112.9581,28.3611,2025-03-26T0900,56,77,1.1,17,11,85,87,77,细颗粒物(PM2.5)
长治市,清华站,113.1147,36.1547,2025-03-26T0900,,,,33,8,,92,,
长治市,审计局,113.0886,36.2125,2025-03-26T0900,68,232,0.9,45,18,52,74,141,颗粒物(PM10)
长治市,长治八中,113.0844,36.1856,2025-03-26T0900,71,274,1.2,43,16,49,88,162,颗粒物(PM10)
长治市,德盛苑,113.1569,36.1911,2025-03-26T0900,61,213,0.8,29,10,61,99,132,颗粒物(PM10)
长治市,向阳小学,113.06,36.0464,2025-03-26T0900,60,133,0.9,47,19,55,101,92,颗粒物(PM10)
长治市,屯留一中,112.8792,36.3144,2025-03-26T0900,54,178,1.2,52,20,46,74,114,颗粒物(PM10)
长治市,英华南巷50号,113.1131,36.19948,2025-03-26T0900,97,250,1.3,32,15,66,74,150,颗粒物(PM10)
长治市,学府街1号,113.2367,36.3344,2025-03-26T0900,84,380,1.2,32,18,66,33,243,颗粒物(PM10)
常德市,市二中,111.6975,28.9703,2025-03-26T0900,73,73,0.7,28,9,58,70,98,细颗粒物(PM2.5)
常德市,白鹤山,111.7158,29.1456,2025-03-26T0900,,,,,,,,,
常德市,武陵区永安,111.7153,29.0289,2025-03-26T0900,,,,,,,,,
常德市,鼎城区玉霞,111.6892,28.9881,2025-03-26T0900,57,86,0.9,45,7,25,43,78,细颗粒物(PM2.5)
常德市,武陵区长庚,111.6625,29.0531,2025-03-26T0900,55,89,0.9,27,9,58,38,75,细颗粒物(PM2.5)
常州市,市监测站,119.9633,31.762,2025-03-26T0900,59,125,0.8,44,2,84,43,88,颗粒物(PM10)
常州市,武进监测站,119.9468,31.7069,2025-03-26T0900,48,93,0.9,50,13,90,59,72,颗粒物(PM10)
常州市,安家,119.9255,31.9087,2025-03-26T0900,50,93,0.7,49,10,88,29,72,颗粒物(PM10)
常州市,行政中心,119.9805,31.8174,2025-03-26T0900,48,92,0.7,46,20,90,54,71,颗粒物(PM10)
常州市,经开区,120.0522,31.7748,2025-03-26T0900,51,118,3.7,61,34,85,26,84,颗粒物(PM10)
常州市,钟楼,119.9025,31.7964,2025-03-26T0900,40,86,1.0,44,10,92,50,68,颗粒物(PM10)
常州市,武进经发区,119.8598,31.7066,2025-03-26T0900,55,99,1.1,61,16,79,60,75,"颗粒物(PM10),细颗粒物(PM2.5)"
常州市,金坛城区,119.5826,31.7245,2025-03-26T0900,64,129,1.2,45,16,81,69,90,颗粒物(PM10)
朝阳市,西梁,120.4318,41.5881,2025-03-26T0900,52,78,1.0,22,17,70,82,72,细颗粒物(PM2.5)
朝阳市,河畔小区,120.4521,41.5646,2025-03-26T0900,64,75,0.8,23,14,73,87,87,细颗粒物(PM2.5)
朝阳市,八里堡,120.4176,41.5648,2025-03-26T0900,54,77,0.7,19,10,68,75,74,细颗粒物(PM2.5)
朝阳市,农业园区,120.3806,41.5969,2025-03-26T0900,56,67,0.7,16,11,,74,,
潮州市,西园路,116.6367,23.6719,2025-03-26T0900,,,,,,,110,,
潮州市,市政府,116.6183,23.6608,2025-03-26T0900,50,74,1.0,40,17,48,55,69,细颗粒物(PM2.5)
潮州市,金山,116.6461,23.6761,2025-03-26T0900,43,62,0.8,36,11,35,40,60,细颗粒物(PM2.5)
郴州市,马头岭,113.0073,25.9061,2025-03-26T0900,31,81,0.7,16,10,118,128,66,颗粒物(PM10)
郴州市,市职中,113.0116,25.8226,2025-03-26T0900,52,76,0.7,13,11,140,162,72,细颗粒物(PM2.5)
郴州市,市审计局,113.0383,25.8071,2025-03-26T0900,47,67,0.5,12,5,138,166,65,细颗粒物(PM2.5)
郴州市,市环保局,113.0348,25.7759,2025-03-26T0900,,,0.6,11,8,,164,,
郴州市,好美居路49号,113.0138,25.8011,2025-03-26T0900,46,73,0.7,14,10,134,167,64,细颗粒物(PM2.5)
成都市,金泉两河,103.9728,30.7236,2025-03-26T0900,41,92,1.1,62,3,16,5,71,颗粒物(PM10)
成都市,十里店,104.176,30.6872,2025-03-26T0900,37,79,0.9,46,15,86,70,65,颗粒物(PM10)
成都市,三瓦窑,104.079,30.5706,2025-03-26T0900,66,119,1.5,100,8,11,5,89,细颗粒物(PM2.5)
成都市,沙河铺,104.1114,30.63,2025-03-26T0900,65,92,1.1,52,7,40,33,88,细颗粒物(PM2.5)
成都市,君平街,104.0786,30.6531,2025-03-26T0900,71,91,1.2,71,12,42,47,95,细颗粒物(PM2.5)
成都市,灵岩寺,103.613,31.0283,2025-03-26T0900,,,,,,,,,
成都市,大石西路,104.0239,30.65639,2025-03-26T0900,60,107,1.4,76,8,34,41,82,细颗粒物(PM2.5)
成都市,龙泉驿区区政府,104.2725,30.5589,2025-03-26T0900,46,100,1.1,52,7,45,101,75,颗粒物(PM10)
成都市,金博路,104.0106,30.6931,2025-03-26T0900,42,76,1.2,65,9,24,29,63,颗粒物(PM10)
成都市,华阳,104.0578,30.5225,2025-03-26T0900,83,129,1.4,82,7,18,6,110,细颗粒物(PM2.5)
成都市,青白江技师分院,104.3853,30.7453,2025-03-26T0900,77,120,1.2,56,15,36,26,103,细颗粒物(PM2.5)
成都市,科学城,104.0789,30.4072,2025-03-26T0900,56,90,0.9,45,5,21,10,77,细颗粒物(PM2.5)
成都市,光华大道三段,103.8506,30.6947,2025-03-26T0900,26,51,1.2,63,6,25,61,51,颗粒物(PM10)
成都市,鲸龙路1057号,104.2433,30.5353,2025-03-26T0900,63,102,1.3,50,7,42,48,85,细颗粒物(PM2.5)
承德市,铁路,117.9531,40.9081,2025-03-26T0900,12,77,0.8,21,11,,65,,
承德市,中国银行,117.9392,40.9763,2025-03-26T0900,11,88,0.8,16,15,68,62,69,颗粒物(PM10)
承德市,开发区,117.9503,40.928,2025-03-26T0900,25,83,0.9,24,14,63,72,67,颗粒物(PM10)
承德市,文化中心,117.8051,40.9655,2025-03-26T0900,20,96,0.9,21,22,67,71,73,颗粒物(PM10)
承德市,离宫,117.9268,41.0026,2025-03-26T0900,26,84,0.6,14,28,55,47,67,颗粒物(PM10)
池州市,池州学院,117.47,30.6618,2025-03-26T0900,44,72,1.1,42,12,52,32,62,细颗粒物(PM2.5)
池州市,展览馆,117.4918,30.6617,2025-03-26T0900,36,64,0.9,42,7,32,20,57,颗粒物(PM10)
池州市,第八中学,117.5627,30.695,2025-03-26T0900,37,59,0.9,23,10,76,47,55,颗粒物(PM10)
池州市,第十二中学,117.5038,30.6243,2025-03-26T0900,42,71,1.3,57,,35,46,,
赤峰市,松山一中,118.9233,42.2816,2025-03-26T0900,15,79,0.5,24,10,66,64,65,颗粒物(PM10)
赤峰市,哈达街,118.9576,42.2728,2025-03-26T0900,16,76,0.8,17,13,,65,,
赤峰市,天义路,118.8788,42.2554,2025-03-26T0900,16,72,0.4,21,8,65,65,61,颗粒物(PM10)
赤峰市,银河街,119.2658,42.0353,2025-03-26T0900,36,87,0.8,27,21,54,63,69,颗粒物(PM10)
赤峰市,桥北物流园区,118.9359,42.3147,2025-03-26T0900,16,58,0.8,24,11,67,63,54,颗粒物(PM10)
崇左市,市环保局江州分局,107.3476,22.4136,2025-03-26T0900,41,78,0.7,22,13,60,81,64,颗粒物(PM10)
崇左市,石景林东路7号,107.3750,22.3736,2025-03-26T0900,37,69,0.6,31,17,58,83,60,颗粒物(PM10)
滁州市,老年大学,118.3093,32.3153,2025-03-26T0900,42,87,1.4,40,17,87,66,69,颗粒物(PM10)
滁州市,人大宾馆,118.3244,32.2786,2025-03-26T0900,44,81,1.6,61,28,66,54,66,颗粒物(PM10)
滁州市,市政府原办公楼,118.3118,32.3038,2025-03-26T0900,41,66,1.2,44,23,80,69,58,"颗粒物(PM10),细颗粒物(PM2.5)"
滁州市,图书馆,118.3267,32.2634,2025-03-26T0900,37,77,1.7,53,31,73,64,64,颗粒物(PM10)
楚雄彝族自治州,州环境监测站,101.5482,25.0441,2025-03-26T0900,36,,0.8,33,16,46,79,52,细颗粒物(PM2.5)
楚雄彝族自治州,市经济开发区,101.538,25.0492,2025-03-26T0900,35,39,0.7,30,13,48,76,50,
达州市,达州职业技术学院,107.5277,31.2827,2025-03-26T0900,37,67,0.2,26,18,32,22,59,颗粒物(PM10)
达州市,市环境监测站,107.5086,31.2186,2025-03-26T0900,31,83,0.9,61,20,18,30,67,颗粒物(PM10)
达州市,凤凰小区,107.4988,31.2132,2025-03-26T0900,29,75,0.7,52,23,28,38,63,颗粒物(PM10)
达州市,达县机关宾馆,107.5082,31.1986,2025-03-26T0900,31,63,0.9,46,24,39,13,57,颗粒物(PM10)
达州市,市政中心,107.4644,31.2124,2025-03-26T0900,24,62,0.8,52,15,25,25,56,颗粒物(PM10)
大理白族自治州,大理市环境监测站,100.1542,25.7054,2025-03-26T0900,21,24,0.6,11,8,80,98,30,
大理白族自治州,大理古城,100.2171,25.5811,2025-03-26T0900,13,26,0.5,13,8,85,84,27,
大连市,甘井子,121.612,38.9741,2025-03-26T0900,65,135,0.6,18,5,96,96,93,颗粒物(PM10)
大连市,周水子,121.565,38.9511,2025-03-26T0900,71,139,0.5,27,8,83,81,95,"颗粒物(PM10),细颗粒物(PM2.5)"
大连市,星海三站,121.5637,38.8845,2025-03-26T0900,68,132,0.7,10,8,90,91,92,细颗粒物(PM2.5)
大连市,青泥洼桥,121.6302,38.9117,2025-03-26T0900,66,99,0.8,10,8,92,90,89,细颗粒物(PM2.5)
大连市,傅家庄,121.6251,38.8638,2025-03-26T0900,106,127,0.7,16,8,88,89,139,细颗粒物(PM2.5)
大连市,七贤岭,121.5213,38.8661,2025-03-26T0900,67,129,0.6,14,,82,84,,
大连市,旅顺,121.2529,38.8061,2025-03-26T0900,67,127,0.7,15,8,85,89,90,细颗粒物(PM2.5)
大连市,金州,121.7485,39.1311,2025-03-26T0900,57,126,1.3,19,7,97,94,88,颗粒物(PM10)
大连市,开发区,121.7811,39.0496,2025-03-26T0900,66,127,0.9,21,5,84,81,89,"颗粒物(PM10),细颗粒物(PM2.5)"
大连市,双D港,121.9762,39.0631,2025-03-26T0900,73,81,0.8,18,5,104,98,98,细颗粒物(PM2.5)
大庆市,大同区,124.81117,46.03138,2025-03-26T0900,83,102,0.5,20,8,50,38,110,细颗粒物(PM2.5)
大庆市,龙凤区,125.129,46.533,2025-03-26T0900,37,70,0.5,21,9,57,40,60,颗粒物(PM10)
大庆市,红岗区,124.902,46.408,2025-03-26T0900,39,53,0.5,10,6,66,38,55,细颗粒物(PM2.5)
大庆市,萨尔图区,125.153,46.586,2025-03-26T0900,39,70,0.5,19,9,59,48,60,颗粒物(PM10)
大庆市,让胡路区,124.9042,46.6215,2025-03-26T0900,29,52,0.4,23,10,56,42,51,颗粒物(PM10)
大庆市,萨区政府监测点,125.141,46.634,2025-03-26T0900,29,67,0.5,19,9,60,52,59,颗粒物(PM10)
大同市,果树场,113.3819,40.1097,2025-03-26T0900,82,164,1.6,59,30,14,26,109,细颗粒物(PM2.5)
大同市,云冈宾馆,113.2994,40.0758,2025-03-26T0900,35,134,0.9,42,28,41,27,92,颗粒物(PM10)
大同市,大同大学,113.3444,40.0917,2025-03-26T0900,48,122,1.4,43,30,26,29,86,颗粒物(PM10)
大同市,安家小村,113.2661,40.1269,2025-03-26T0900,57,164,2.0,42,29,37,40,107,颗粒物(PM10)
大同市,教育学院,113.2711,40.0844,2025-03-26T0900,41,147,0.8,42,28,31,28,99,颗粒物(PM10)
大同市,大同市卫生学校,113.3397,40.0597,2025-03-26T0900,72,153,1.5,58,24,26,30,102,颗粒物(PM10)
大同市,云冈站,113.1367,40.1122,2025-03-26T0900,60,241,0.8,42,25,22,12,146,颗粒物(PM10)
大同市,图书馆,113.1186,40.2556,2025-03-26T0900,69,116,1.1,31,14,25,21,93,细颗粒物(PM2.5)
大同市,区一中,113.5931,40.0461,2025-03-26T0900,43,236,0.6,34,22,47,72,143,颗粒物(PM10)
大同市,魏都大道141号,113.2798,40.0997,2025-03-26T0900,56,184,1.0,53,28,22,28,117,颗粒物(PM10)
大兴安岭地区,科技局,124.1069,50.4097,2025-03-26T0900,13,16,0.4,7,6,67,60,21,
大兴安岭地区,红旗社区,124.1164,50.4278,2025-03-26T0900,8,,0.5,13,9,55,44,18,
丹东市,江湾东路,124.3303,40.0625,2025-03-26T0900,94,130,1.6,39,24,59,76,124,细颗粒物(PM2.5)
丹东市,临江后街,124.4256,40.1503,2025-03-26T0900,97,138,1.1,27,14,61,72,128,细颗粒物(PM2.5)
丹东市,元宝山,124.3933,40.1461,2025-03-26T0900,82,113,0.6,34,12,53,68,109,细颗粒物(PM2.5)
丹东市,民主桥,124.3633,40.1092,2025-03-26T0900,72,108,1.1,42,12,50,69,97,细颗粒物(PM2.5)
儋州市,第一中学子站,109.5726,19.5167,2025-03-26T0900,27,46,0.7,9,5,71,52,46,
儋州市,东坡学校子站,109.5567,19.5187,2025-03-26T0900,30,44,0.8,12,6,67,49,44,
德宏傣族景颇族自治州,德宏州监测站,98.5842,24.428,2025-03-26T0900,44,64,0.9,38,8,24,26,62,细颗粒物(PM2.5)
德宏傣族景颇族自治州,芒市人民政府综合楼,98.5881,24.4368,2025-03-26T0900,39,56,0.7,24,8,36,57,55,细颗粒物(PM2.5)
德阳市,东山公园,104.4239,31.1208,2025-03-26T0900,39,71,0.7,22,6,114,123,61,颗粒物(PM10)
德阳市,西小区,104.3826,31.1317,2025-03-26T0900,54,95,1.0,55,9,80,60,74,细颗粒物(PM2.5)
德阳市,耐火材料厂,104.3553,31.1091,2025-03-26T0900,59,98,0.8,59,13,112,98,80,细颗粒物(PM2.5)
德阳市,市教育局,104.4019,31.1244,2025-03-26T0900,61,87,1.2,,7,33,40,,
德州市,儿童乐园,116.3032,37.4674,2025-03-26T0900,34,122,0.8,24,10,56,62,86,颗粒物(PM10)
德州市,监理站,116.2991,37.4451,2025-03-26T0900,27,136,0.3,20,17,54,62,93,颗粒物(PM10)
德州市,九衢泉纯净水厂,116.2721,37.4379,2025-03-26T0900,34,117,0.7,24,16,55,63,84,颗粒物(PM10)
德州市,开发区人民医院,116.3728,37.4403,2025-03-26T0900,29,132,0.5,27,10,55,60,91,颗粒物(PM10)
德州市,太阳城中学,116.3572,37.4094,2025-03-26T0900,27,149,0.4,32,13,53,61,100,颗粒物(PM10)
德州市,陵城艺术中心,116.5652,37.3319,2025-03-26T0900,24,139,0.6,26,15,48,58,95,颗粒物(PM10)
迪庆藏族自治州,迪庆州站,99.7056,27.8317,2025-03-26T0900,20,50,0.6,16,8,51,57,50,
迪庆藏族自治州,质量技术监督局,99.7136,27.8094,2025-03-26T0900,10,41,0.8,31,9,39,61,41,
定西市,将台街,104.6092,35.5962,2025-03-26T0900,190,797,0.4,9,6,97,92,500,颗粒物(PM10)
定西市,正龙路62号,104.6159,35.5701,2025-03-26T0900,212,830,0.3,8,10,99,93,500,颗粒物(PM10)
东莞市,莞城梨川,113.7547,23.0494,2025-03-26T0900,20,39,0.4,18,5,75,81,39,
东莞市,东城石井,113.7944,23.0128,2025-03-26T0900,19,38,0.6,15,6,84,76,38,
东莞市,南城西平,113.7383,22.9658,2025-03-26T0900,15,30,0.6,12,5,83,87,30,
东莞市,万江金泰,113.7338,23.0381,2025-03-26T0900,16,35,0.7,10,5,86,91,35,
东莞市,南城元岭,113.7533,23.0202,2025-03-26T0900,14,34,0.6,11,5,76,76,34,
东莞市,东城主山,113.7875,23.0457,2025-03-26T0900,18,44,0.5,27,7,72,83,44,
东营市,市环保局,118.6614,37.4309,2025-03-26T0900,17,180,0.5,20,6,85,69,115,颗粒物(PM10)
东营市,开发区管委会,118.6904,37.4338,2025-03-26T0900,22,226,0.6,22,5,84,64,138,颗粒物(PM10)
东营市,垦利区民丰路,118.5719,37.565,2025-03-26T0900,19,171,0.6,17,6,86,62,111,颗粒物(PM10)
东营市,河口城区,118.5055,37.8612,2025-03-26T0900,15,195,0.7,20,8,90,78,123,颗粒物(PM10)
东营市,胜利站,118.4978,37.4623,2025-03-26T0900,17,141,0.9,28,8,76,68,96,颗粒物(PM10)
东营市,理想之城,118.35,37.26,2025-03-26T0900,24,158,0.5,20,9,77,67,104,颗粒物(PM10)
鄂尔多斯市,综合楼,110.0023,39.8129,2025-03-26T0900,217,986,0.4,14,6,75,80,500,颗粒物(PM10)
鄂尔多斯市,巴音孟克林场办事处,109.9486,39.8261,2025-03-26T0900,202,835,0.4,11,6,78,64,500,颗粒物(PM10)
鄂尔多斯市,康泽苑,109.7736,39.5986,2025-03-26T0900,190,979,0.2,6,2,86,78,500,颗粒物(PM10)
鄂尔多斯市,华泰汽车城,109.8119,39.5989,2025-03-26T0900,210,974,0.4,9,3,84,71,500,颗粒物(PM10)
鄂尔多斯市,奥林花园,109.9734,39.7884,2025-03-26T0900,178,918,0.3,13,6,79,79,500,颗粒物(PM10)
鄂州市,市政府,114.8938,30.3994,2025-03-26T0900,53,73,1.3,20,12,115,111,73,细颗粒物(PM2.5)
鄂州市,赵家坝,114.8989,30.3714,2025-03-26T0900,46,75,1.3,21,10,102,107,64,细颗粒物(PM2.5)
鄂州市,精准医疗中心,114.8094,30.4089,2025-03-26T0900,58,102,1.4,30,38,131,105,79,细颗粒物(PM2.5)
恩施土家族苗族自治州,湖北民院,109.4978,30.2981,2025-03-26T0900,37,52,0.2,34,2,20,,53,细颗粒物(PM2.5)
恩施土家族苗族自治州,州电力总公司,109.4707,30.2798,2025-03-26T0900,37,46,0.2,27,5,22,9,53,细颗粒物(PM2.5)
恩施土家族苗族自治州,龙凤新区,109.5061,30.3772,2025-03-26T0900,25,36,0.4,14,6,30,23,36,
防城港市,沙万,108.3411,21.6158,2025-03-26T0900,20,32,0.4,17,7,55,53,32,
防城港市,防城档案局,108.3514,21.7731,2025-03-26T0900,22,42,0.3,12,1,48,51,42,
防城港市,大海花园,108.3506,21.6414,2025-03-26T0900,16,26,0.6,8,5,64,62,26,
佛山市,湾梁,113.1294,23.0067,2025-03-26T0900,19,46,0.7,24,8,73,71,46,
佛山市,华材职中,113.1083,23.0478,2025-03-26T0900,23,36,0.4,21,6,82,85,36,
佛山市,南海气象局,113.144,23.0453,2025-03-26T0900,24,91,0.6,24,6,58,55,71,颗粒物(PM10)
佛山市,顺德苏岗,113.2881,22.8094,2025-03-26T0900,14,52,0.7,17,7,59,65,51,颗粒物(PM10)
佛山市,高明孔堂,112.8383,22.8678,2025-03-26T0900,19,30,0.3,8,6,84,88,30,
佛山市,三水监测站,112.8836,23.1588,2025-03-26T0900,29,46,0.5,42,3,52,51,46,
佛山市,三水云东海,112.867,23.185,2025-03-26T0900,33,54,0.5,43,5,60,60,52,颗粒物(PM10)
佛山市,容桂街道办,113.2544,22.7642,2025-03-26T0900,17,27,0.6,20,7,66,72,27,
福州市,鼓山,119.3903,26.0543,2025-03-26T0900,,,,,,,181,,
福州市,师大,119.2681,26.0504,2025-03-26T0900,68,94,,,4,79,48,,
福州市,五四北路,119.2984,26.1028,2025-03-26T0900,68,99,0.7,41,4,74,53,92,细颗粒物(PM2.5)
福州市,杨桥西路,119.2648,26.0768,2025-03-26T0900,72,87,0.6,36,4,81,58,97,细颗粒物(PM2.5)
福州市,紫阳,119.317,26.0746,2025-03-26T0900,65,113,0.5,54,5,44,43,88,细颗粒物(PM2.5)
福州市,九龙,119.5799,26.0936,2025-03-26T0900,60,82,0.5,37,6,64,44,82,细颗粒物(PM2.5)
福州市,吴航,119.5189,25.9664,2025-03-26T0900,60,87,0.7,34,8,75,69,82,细颗粒物(PM2.5)
抚顺市,望花区,123.7977,41.8491,2025-03-26T0900,154,200,1.6,47,16,48,56,204,细颗粒物(PM2.5)
抚顺市,顺城区,123.9161,41.8822,2025-03-26T0900,157,200,2.0,55,13,46,53,207,细颗粒物(PM2.5)
抚顺市,东洲区,124.0436,41.8611,2025-03-26T0900,194,224,2.3,57,10,34,57,244,细颗粒物(PM2.5)
抚顺市,新抚区,123.9247,41.8642,2025-03-26T0900,185,212,2.2,52,10,43,51,235,细颗粒物(PM2.5)
抚顺市,大伙房水库,124.0972,41.8961,2025-03-26T0900,190,195,2.0,44,9,47,61,240,细颗粒物(PM2.5)
抚顺市,沈抚新城,123.7086,41.8391,2025-03-26T0900,140,171,1.7,44,17,50,55,186,细颗粒物(PM2.5)
抚州市,桐源党溪,116.2127,28.0814,2025-03-26T0900,56,90,0.6,26,6,62,39,77,细颗粒物(PM2.5)
抚州市,市站,116.3544,27.9831,2025-03-26T0900,,69,1.2,22,10,111,90,,
抚州市,血防站,116.3565,27.963,2025-03-26T0900,44,70,1.3,23,21,100,92,62,细颗粒物(PM2.5)
抚州市,采茶剧团,116.3564,28.0007,2025-03-26T0900,43,68,0.6,15,4,92,73,60,细颗粒物(PM2.5)
抚州市,医学分院,116.385,27.9647,2025-03-26T0900,39,75,1.3,20,8,82,71,63,颗粒物(PM10)
阜新市,工业园区,121.6094,41.998,2025-03-26T0900,129,,0.7,23,13,77,66,170,细颗粒物(PM2.5)
阜新市,长青街,121.6697,42.0279,2025-03-26T0900,119,144,0.8,29,14,73,82,156,细颗粒物(PM2.5)
阜新市,农业园区,121.6673,42.0705,2025-03-26T0900,107,136,0.7,19,13,84,79,140,细颗粒物(PM2.5)
阜新市,东苑,121.6717,42.0224,2025-03-26T0900,129,132,0.8,25,18,74,81,170,细颗粒物(PM2.5)
阜新市,玉龙新城,121.6506,42.0498,2025-03-26T0900,119,144,0.7,26,,,68,156,细颗粒物(PM2.5)
阜阳市,市监测站,115.8277,32.8929,2025-03-26T0900,40,63,0.5,23,10,108,84,57,"颗粒物(PM10),细颗粒物(PM2.5)"
阜阳市,开发区,115.8554,32.8605,2025-03-26T0900,34,64,0.5,16,8,116,114,57,颗粒物(PM10)
阜阳市,阜阳职业技术学院,115.784,32.8892,2025-03-26T0900,37,65,0.7,14,9,115,109,58,颗粒物(PM10)
阜阳市,市规划展馆,115.7901,32.8613,2025-03-26T0900,43,68,0.5,13,10,114,102,60,细颗粒物(PM2.5)
阜阳市,枣园社区,115.836,32.9183,2025-03-26T0900,,,0.6,14,,,56,,
甘南藏族自治州,州政府,102.9099,34.9841,2025-03-26T0900,35,97,1.2,44,15,17,8,74,颗粒物(PM10)
甘南藏族自治州,甘肃民族师范学院,102.8914,34.9617,2025-03-26T0900,41,132,0.9,55,15,9,6,91,颗粒物(PM10)
甘孜藏族自治州,水桥子,101.9603,30.0475,2025-03-26T0900,17,106,0.9,56,5,17,34,78,颗粒物(PM10)
甘孜藏族自治州,州环保局,101.9533,29.9972,2025-03-26T0900,10,74,0.5,35,5,56,80,62,颗粒物(PM10)
赣江新区,桑海产业园,115.8347,28.932,2025-03-26T0900,56,90,1.1,55,21,42,16,77,细颗粒物(PM2.5)
赣州市,通天岩,114.9017,25.9149,2025-03-26T0900,15,71,1.0,6,13,186,199,83,臭氧1小时
赣州市,地委,114.9367,25.8664,2025-03-26T0900,41,67,1.3,19,4,152,155,59,颗粒物(PM10)
赣州市,气象台,114.9461,25.8481,2025-03-26T0900,36,70,0.7,21,12,158,164,60,颗粒物(PM10)
赣州市,市图书馆,114.9322,25.8333,2025-03-26T0900,44,69,0.9,26,6,152,163,62,细颗粒物(PM2.5)
赣州市,华坚鞋城,114.8905,25.8471,2025-03-26T0900,44,64,0.9,40,19,160,171,62,细颗粒物(PM2.5)
赣州市,赣县区卫计委,115.0093,25.8613,2025-03-26T0900,42,85,1.0,42,8,92,66,68,颗粒物(PM10)
固原市,马园,106.2319,36.1417,2025-03-26T0900,101,713,0.5,9,4,87,85,500,颗粒物(PM10)
固原市,监测站,106.2792,36.0022,2025-03-26T0900,139,678,0.4,7,6,94,95,500,颗粒物(PM10)
固原市,新区,106.2375,36.0211,2025-03-26T0900,148,714,0.2,4,6,94,98,500,颗粒物(PM10)
固原市,原州区十五小,106.2177,35.9959,2025-03-26T0900,164,731,0.2,8,5,88,92,500,颗粒物(PM10)
广安市,小平旧居,106.6308,30.5278,2025-03-26T0900,,,,,,,,,
广安市,市委,106.6303,30.4576,2025-03-26T0900,46,92,0.9,54,8,35,58,71,颗粒物(PM10)
广安市,友谊中学,106.6271,30.4663,2025-03-26T0900,36,99,1.1,58,4,24,50,75,颗粒物(PM10)
广安市,广电花园,106.6388,30.4551,2025-03-26T0900,42,129,1.2,61,7,12,48,90,颗粒物(PM10)
广安市,北辰小学,106.6351,30.4865,2025-03-26T0900,33,83,0.9,35,8,,45,,
广元市,黑石坡,105.8945,32.4535,2025-03-26T0900,25,68,0.7,29,6,44,86,59,颗粒物(PM10)
广元市,老城,105.821,32.4444,2025-03-26T0900,30,40,0.7,56,3,24,8,43,
广元市,监测站,105.8628,32.4287,2025-03-26T0900,23,50,0.7,37,9,40,73,50,
广元市,经开区,105.8047,32.4166,2025-03-26T0900,75,118,1.0,62,20,13,12,100,细颗粒物(PM2.5)
广州市,广雅中学,113.2347,23.1423,2025-03-26T0900,27,48,0.6,29,6,62,60,48,
广州市,市五中,113.2612,23.105,2025-03-26T0900,22,44,0.6,24,3,63,58,44,
广州市,广东商学院,113.3478,23.0916,2025-03-26T0900,27,47,0.7,26,4,53,36,47,
广州市,市八十六中,113.4332,23.1047,2025-03-26T0900,16,39,0.5,34,4,54,45,39,
广州市,番禺中学,113.3505,22.9483,2025-03-26T0900,27,42,0.5,28,5,66,56,42,
广州市,花都师范,113.2146,23.3916,2025-03-26T0900,28,65,0.5,35,4,42,37,58,颗粒物(PM10)
广州市,市监测站,113.2597,23.1331,2025-03-26T0900,26,46,0.6,29,6,54,49,46,
广州市,九龙镇镇龙,113.5618,23.312,2025-03-26T0900,47,85,0.5,53,6,26,38,68,颗粒物(PM10)
广州市,麓湖,113.2765,23.1544,2025-03-26T0900,23,43,0.1,29,4,57,53,43,
广州市,帽峰山森林公园,113.443,23.3035,2025-03-26T0900,24,39,0.6,27,7,47,46,39,
广州市,体育西,113.3221,23.1322,2025-03-26T0900,30,49,0.5,15,4,57,50,49,
广州市,从化街口,113.5717,23.5491,2025-03-26T0900,41,76,0.8,37,8,56,56,63,颗粒物(PM10)
广州市,白云竹料,113.3472,23.3692,2025-03-26T0900,41,74,0.6,36,8,58,56,62,颗粒物(PM10)
广州市,白云嘉禾,113.2981,23.237,2025-03-26T0900,38,64,0.3,28,4,60,39,57,颗粒物(PM10)
广州市,黄埔科学城,113.4256,23.1716,2025-03-26T0900,28,58,0.5,32,8,60,46,54,颗粒物(PM10)
广州市,番禺大学城,113.3942,23.0483,2025-03-26T0900,22,74,0.4,30,11,64,53,62,颗粒物(PM10)
广州市,南沙黄阁,113.4922,22.8168,2025-03-26T0900,25,32,0.7,22,5,61,67,36,
广州市,南沙街,113.5342,22.7896,2025-03-26T0900,23,25,0.6,22,4,61,64,33,
广州市,花都梯面,113.2902,23.5544,2025-03-26T0900,37,68,0.6,24,7,59,55,59,颗粒物(PM10)
广州市,从化良口,113.7858,23.7478,2025-03-26T0900,41,50,0.7,18,6,57,73,58,细颗粒物(PM2.5)
广州市,增城荔城,113.8051,23.2614,2025-03-26T0900,37,75,0.4,39,7,50,43,63,颗粒物(PM10)
贵港市,德智高中,109.568,23.1478,2025-03-26T0900,,,,,,,,,
贵港市,江南子站,109.6047,23.0666,2025-03-26T0900,33,68,0.7,18,5,64,69,59,颗粒物(PM10)
贵港市,贵城子站,109.6014,23.0948,2025-03-26T0900,37,72,0.8,15,7,70,75,61,颗粒物(PM10)
贵港市,荷城子站,109.5669,23.1065,2025-03-26T0900,27,56,0.3,20,10,59,69,53,颗粒物(PM10)
贵港市,新世纪学校,109.5886,23.1172,2025-03-26T0900,36,48,0.6,16,4,69,78,52,细颗粒物(PM2.5)
贵阳市,马鞍山,106.6899,26.5998,2025-03-26T0900,46,66,0.7,19,7,81,34,64,细颗粒物(PM2.5)
贵阳市,鉴湖路,106.6243,26.6266,2025-03-26T0900,41,70,0.5,11,11,96,110,60,颗粒物(PM10)
贵阳市,燕子冲,106.7487,26.6343,2025-03-26T0900,61,73,0.9,23,12,109,93,83,细颗粒物(PM2.5)
贵阳市,碧云窝,106.6555,26.4365,2025-03-26T0900,53,83,0.7,15,22,112,123,73,细颗粒物(PM2.5)
贵阳市,红边门,106.7109,26.6027,2025-03-26T0900,73,124,1.1,44,,,50,,
贵阳市,新华路,106.7164,26.5699,2025-03-26T0900,56,88,0.8,26,20,85,48,77,细颗粒物(PM2.5)
贵阳市,太慈桥,106.674,26.5424,2025-03-26T0900,53,78,0.6,35,11,77,70,73,细颗粒物(PM2.5)
贵阳市,桐木岭,106.805,26.3003,2025-03-26T0900,60,79,0.9,6,26,95,109,82,细颗粒物(PM2.5)
贵阳市,花果园大街66号,106.6882,26.5695,2025-03-26T0900,60,80,0.5,44,12,77,99,82,细颗粒物(PM2.5)
贵阳市,漓江路57号,106.6873,26.5169,2025-03-26T0900,51,83,0.7,25,16,89,84,70,细颗粒物(PM2.5)
桂林市,电子科大尧山校区,110.4144,25.3167,2025-03-26T0900,,,,,,,,,
桂林市,龙隐路小学,110.3089,25.2708,2025-03-26T0900,62,84,0.7,29,10,51,56,84,细颗粒物(PM2.5)
桂林市,八中,110.2869,25.2178,2025-03-26T0900,64,106,1.0,46,11,48,38,87,细颗粒物(PM2.5)
桂林市,旅游学院,110.296,25.1253,2025-03-26T0900,46,70,0.6,26,10,66,57,64,细颗粒物(PM2.5)
桂林市,环湖路276号,110.1835,25.2444,2025-03-26T0900,34,58,0.4,33,6,73,56,54,颗粒物(PM10)
桂林市,信义路13号,110.2803,25.2773,2025-03-26T0900,45,69,0.8,31,12,73,48,63,细颗粒物(PM2.5)
果洛藏族自治州,玛沁县大武镇,100.2561,34.4714,2025-03-26T0900,24,61,0.9,18,20,57,73,56,颗粒物(PM10)
哈尔滨市,岭北,126.5422,45.755,2025-03-26T0900,27,52,1.1,23,21,88,63,51,颗粒物(PM10)
哈尔滨市,松北商大,126.561,45.8167,2025-03-26T0900,27,53,0.7,29,11,51,16,52,颗粒物(PM10)
哈尔滨市,阿城会宁,126.979,45.5419,2025-03-26T0900,36,38,0.6,6,3,77,30,52,细颗粒物(PM2.5)
哈尔滨市,南岗学府路,126.599,45.7222,2025-03-26T0900,24,60,0.7,26,9,60,39,55,颗粒物(PM10)
哈尔滨市,太平宏伟公园,126.689,45.7733,2025-03-26T0900,31,69,1.0,29,11,48,20,60,颗粒物(PM10)
哈尔滨市,道外承德广场,126.635,45.7667,2025-03-26T0900,36,64,0.9,34,12,44,31,57,颗粒物(PM10)
哈尔滨市,香坊红旗大街,126.685,45.7319,2025-03-26T0900,39,83,1.1,31,18,44,25,67,颗粒物(PM10)
哈尔滨市,动力和平路,126.6411,45.7258,2025-03-26T0900,38,78,0.8,33,17,43,37,64,颗粒物(PM10)
哈尔滨市,道里建国路,126.593,45.7478,2025-03-26T0900,34,67,0.7,30,3,51,38,59,颗粒物(PM10)
哈尔滨市,平房东轻厂,126.615,45.61,2025-03-26T0900,31,,0.7,7,8,66,50,45,
哈尔滨市,呼兰师专,126.595,45.9855,2025-03-26T0900,26,52,0.5,22,8,54,40,51,颗粒物(PM10)
哈尔滨市,省农科院,126.6206,45.6842,2025-03-26T0900,30,49,0.7,17,10,64,30,49,
哈密市,地区监测站,93.5128,42.8172,2025-03-26T0900,22,121,0.3,11,3,66,78,86,颗粒物(PM10)
哈密市,哈密师范学校,93.4961,42.8328,2025-03-26T0900,22,72,0.5,16,4,70,83,61,颗粒物(PM10)
海北藏族自治州,海晏县西海镇,100.9048,36.9639,2025-03-26T0900,13,23,0.6,9,10,61,62,23,
海东市,平安区公安北苑,102.0738,36.5056,2025-03-26T0900,499,1872,0.9,7,8,78,63,500,"颗粒物(PM10),细颗粒物(PM2.5)"
海口市,东寨港,110.576,19.9507,2025-03-26T0900,11,16,0.2,4,5,54,45,17,
海口市,海南大学,110.3232,20.0574,2025-03-26T0900,13,30,0.3,6,2,58,61,30,
海口市,秀英海南医院,110.283,20.0053,2025-03-26T0900,13,28,0.3,11,4,53,49,28,
海口市,海南师范大学,110.338,19.9969,2025-03-26T0900,13,29,0.2,8,3,56,58,29,
海口市,龙华路环保局宿舍,110.33,20.0356,2025-03-26T0900,14,26,0.3,7,4,57,61,26,
海口市,桂林洋子站,110.5111,19.9736,2025-03-26T0900,12,27,0.2,8,3,56,51,27,
海南藏族自治州,共和县恰卜恰镇,100.6188,36.2866,2025-03-26T0900,13,34,0.7,37,14,31,58,34,
海西蒙古族藏族自治州,德令哈市,97.3731,37.3753,2025-03-26T0900,16,35,1.0,36,11,28,64,35,
邯郸市,东污水处理厂,114.5302,36.6116,2025-03-26T0900,22,112,0.3,30,5,45,19,81,颗粒物(PM10)
邯郸市,矿院,114.4918,36.5713,2025-03-26T0900,19,156,0.4,25,6,47,21,103,颗粒物(PM10)
邯郸市,丛台公园,114.484,36.6133,2025-03-26T0900,24,146,0.4,27,8,46,21,98,颗粒物(PM10)
邯郸市,香泉濮院小区,114.7895,36.5593,2025-03-26T0900,20,154,0.3,16,7,52,24,102,颗粒物(PM10)
邯郸市,永年区实验高中,114.50634,36.77178,2025-03-26T0900,22,166,0.5,24,7,48,23,108,颗粒物(PM10)
邯郸市,峰峰矿区临水派出所,114.20016,36.44293,2025-03-26T0900,38,123,0.9,15,18,64,64,87,颗粒物(PM10)
汉中市,汉川机床厂子校,106.9893,33.1842,2025-03-26T0900,24,38,0.7,13,12,78,62,38,
汉中市,市监测站,107.0154,33.0706,2025-03-26T0900,50,72,1.1,40,9,31,36,69,细颗粒物(PM2.5)
汉中市,鑫源开发区,107.0089,33.1138,2025-03-26T0900,52,80,1.0,48,16,44,59,72,细颗粒物(PM2.5)
汉中市,南郑大河坎水厂,107.007,33.0323,2025-03-26T0900,43,77,0.8,44,8,23,42,64,颗粒物(PM10)
杭州市,滨江,120.2072,30.2111,2025-03-26T0900,39,71,0.7,53,8,60,54,61,颗粒物(PM10)
杭州市,西溪,120.0633,30.2747,2025-03-26T0900,46,56,0.3,29,7,34,10,64,细颗粒物(PM2.5)
杭州市,下沙,120.3417,30.3150,2025-03-26T0900,55,114,0.6,67,8,48,32,82,颗粒物(PM10)
杭州市,卧龙桥,120.1269,30.2456,2025-03-26T0900,39,67,0.7,53,7,36,33,59,颗粒物(PM10)
杭州市,浙江农大,120.1903,30.2692,2025-03-26T0900,39,78,0.7,42,4,61,41,64,颗粒物(PM10)
杭州市,和睦小学,120.1197,30.3119,2025-03-26T0900,42,68,0.7,49,8,46,14,59,"颗粒物(PM10),细颗粒物(PM2.5)"
杭州市,临平镇,120.3019,30.4183,2025-03-26T0900,50,104,0.7,66,8,45,10,77,颗粒物(PM10)
杭州市,城厢镇,120.2753,30.1839,2025-03-26T0900,60,97,0.7,59,11,58,53,82,细颗粒物(PM2.5)
杭州市,云栖,120.0883,30.1808,2025-03-26T0900,42,86,0.8,72,10,22,14,68,颗粒物(PM10)
杭州市,镇二中,119.9464,30.0494,2025-03-26T0900,41,59,0.8,52,9,37,20,58,细颗粒物(PM2.5)
杭州市,市府大楼,119.7183,30.2367,2025-03-26T0900,38,57,0.7,44,9,49,48,54,"颗粒物(PM10),细颗粒物(PM2.5)"
杭州市,消防大队,120.1556,30.2864,2025-03-26T0900,43,76,0.7,58,4,50,37,63,颗粒物(PM10)
合肥市,明珠广场,117.1959,31.7848,2025-03-26T0900,44,80,0.6,23,8,121,112,65,颗粒物(PM10)
合肥市,三里街,117.3072,31.8764,2025-03-26T0900,39,,0.8,50,9,71,61,,
合肥市,琥珀山庄,117.2588,31.8707,2025-03-26T0900,50,83,0.6,25,6,116,88,69,细颗粒物(PM2.5)
合肥市,董铺水库,117.1604,31.9052,2025-03-26T0900,34,63,0.5,20,5,130,124,57,颗粒物(PM10)
合肥市,长江中路,117.25,31.8571,2025-03-26T0900,44,78,0.6,21,11,120,108,64,颗粒物(PM10)
合肥市,庐阳区,117.266,31.9436,2025-03-26T0900,39,88,0.7,29,11,115,109,69,颗粒物(PM10)
合肥市,瑶海区,117.3453,31.8616,2025-03-26T0900,34,85,0.7,47,9,78,84,68,颗粒物(PM10)
合肥市,包河区,117.3027,31.7964,2025-03-26T0900,41,78,0.7,15,9,124,91,64,颗粒物(PM10)
合肥市,滨湖新区,117.2776,31.7385,2025-03-26T0900,44,66,0.6,17,16,120,109,62,细颗粒物(PM2.5)
合肥市,高新区,117.1318,31.8403,2025-03-26T0900,41,83,0.8,19,8,125,124,67,颗粒物(PM10)
合肥市,高教基地,117.3803,31.9147,2025-03-26T0900,46,84,0.6,26,14,122,107,67,颗粒物(PM10)
和田地区,地区环保局,79.924,37.0877,2025-03-26T0900,64,410,0.9,10,1,71,71,286,颗粒物(PM10)
和田地区,市环保局,79.9131,37.113,2025-03-26T0900,90,484,0.6,5,1,76,78,380,颗粒物(PM10)
河池市,东仁乐园,108.2011,24.715,2025-03-26T0900,50,89,1.0,29,10,53,61,70,颗粒物(PM10)
河池市,市环保站,108.0497,24.6947,2025-03-26T0900,71,90,1.1,34,7,33,56,95,细颗粒物(PM2.5)
河池市,市疾控中心,108.0983,24.6989,2025-03-26T0900,50,87,0.8,29,10,53,74,69,"颗粒物(PM10),细颗粒物(PM2.5)"
河源市,源西,114.6778,23.7569,2025-03-26T0900,36,45,0.7,22,6,72,77,52,细颗粒物(PM2.5)
河源市,东埔,114.6944,23.7586,2025-03-26T0900,39,65,0.6,26,7,76,84,58,颗粒物(PM10)
河源市,老城,114.6892,23.7233,2025-03-26T0900,39,60,0.7,29,7,67,83,55,"颗粒物(PM10),细颗粒物(PM2.5)"
菏泽市,气象局,115.4208,35.2464,2025-03-26T0900,73,138,0.7,27,6,69,74,98,细颗粒物(PM2.5)
菏泽市,定陶老年大学,115.5564,35.0891,2025-03-26T0900,58,119,0.8,26,7,66,64,85,颗粒物(PM10)
菏泽市,永昌路1号,115.4797,35.24401,2025-03-26T0900,75,149,0.6,23,8,70,67,100,"颗粒物(PM10),细颗粒物(PM2.5)"
菏泽市,长城路999号,115.4715,35.2800,2025-03-26T0900,72,134,0.8,28,12,76,71,97,细颗粒物(PM2.5)
贺州市,环保小区,111.5264,24.4172,2025-03-26T0900,53,88,1.1,33,22,68,44,73,细颗粒物(PM2.5)
贺州市,政协大楼,111.5608,24.4078,2025-03-26T0900,52,79,1.0,37,32,55,50,72,细颗粒物(PM2.5)
贺州市,西湾,111.4744,24.4553,2025-03-26T0900,64,76,1.0,35,18,52,44,87,细颗粒物(PM2.5)
鹤壁市,市监测站,114.17,35.9019,2025-03-26T0900,50,153,1.0,,12,57,26,102,颗粒物(PM10)
鹤壁市,市交警支队,114.2956,35.7511,2025-03-26T0900,43,203,0.6,33,16,47,21,127,颗粒物(PM10)
鹤壁市,迎宾馆,114.2878,35.7306,2025-03-26T0900,37,245,0.8,37,10,47,26,148,颗粒物(PM10)
鹤壁市,大新区,114.2617,35.6822,2025-03-26T0900,59,280,0.9,41,13,48,39,165,颗粒物(PM10)
鹤壁市,南山宾馆,114.1572,35.9603,2025-03-26T0900,47,177,0.9,33,14,64,47,114,颗粒物(PM10)
鹤岗市,哈啤分公司,130.2537,47.3416,2025-03-26T0900,9,15,0.5,3,14,70,61,22,
鹤岗市,斯达机电,130.2684,47.3086,2025-03-26T0900,11,25,0.3,4,14,71,64,25,
鹤岗市,东山纸板厂,130.3114,47.3388,2025-03-26T0900,9,21,0.5,5,13,78,50,25,
鹤岗市,五号水库,130.1097,47.3382,2025-03-26T0900,,,,,,,,,
黑河市,交通局,127.4833,50.2524,2025-03-26T0900,9,27,0.5,14,7,57,49,27,
黑河市,环保局,127.5144,50.2341,2025-03-26T0900,14,,0.3,6,3,67,56,21,
黑河市,大黑河岛,127.5291,50.2472,2025-03-26T0900,14,23,,6,1,54,37,,
衡水市,电机北厂,115.6838,37.7541,2025-03-26T0900,40,110,0.3,17,11,71,60,80,颗粒物(PM10)
衡水市,市监测站,115.6303,37.7316,2025-03-26T0900,29,94,0.4,16,8,71,64,72,颗粒物(PM10)
衡水市,市城管局,115.6683,37.7217,2025-03-26T0900,36,102,0.4,17,6,68,59,76,颗粒物(PM10)
衡水市,地表水厂,115.5989,37.5491,2025-03-26T0900,36,92,0.3,16,10,77,61,71,颗粒物(PM10)
衡阳市,原169医院,112.5003,26.9167,2025-03-26T0900,58,103,0.5,,,,,,
衡阳市,衡阳化工总厂,112.6194,26.9258,2025-03-26T0900,65,77,0.8,16,9,100,66,88,细颗粒物(PM2.5)
衡阳市,珠晖区环保局,112.6211,26.8956,2025-03-26T0900,49,74,1.2,26,9,84,55,68,细颗粒物(PM2.5)
衡阳市,市委党校,112.6197,26.8733,2025-03-26T0900,51,84,1.0,21,7,98,89,70,细颗粒物(PM2.5)
衡阳市,市监测站,112.6006,26.8919,2025-03-26T0900,68,87,1.0,24,10,92,60,92,细颗粒物(PM2.5)
衡阳市,真空机电公司,112.5664,26.9056,2025-03-26T0900,53,73,1.4,24,15,100,89,73,细颗粒物(PM2.5)
衡阳市,师范学院,112.6703,26.882,2025-03-26T0900,64,110,0.8,33,11,98,85,87,细颗粒物(PM2.5)
红河哈尼族彝族自治州,污水处理厂,103.3772,23.3993,2025-03-26T0900,39,65,0.6,15,8,93,103,58,颗粒物(PM10)
红河哈尼族彝族自治州,监测站,103.3861,23.35,2025-03-26T0900,32,50,0.4,13,10,98,100,50,
红河哈尼族彝族自治州,州图书馆,103.3758,23.368,2025-03-26T0900,23,40,0.5,11,6,96,100,40,
呼和浩特市,呼市一监,111.6507,40.7517,2025-03-26T0900,112,666,0.3,4,8,89,44,500,颗粒物(PM10)
呼和浩特市,小召,111.6572,40.8033,2025-03-26T0900,106,715,0.3,9,1,86,58,500,颗粒物(PM10)
呼和浩特市,如意水处理厂,111.7516,40.8369,2025-03-26T0900,145,527,0.2,6,5,78,74,427,颗粒物(PM10)
呼和浩特市,二十九中,111.7276,40.8062,2025-03-26T0900,119,598,0.4,5,3,85,69,498,颗粒物(PM10)
呼和浩特市,工大金川校区,111.5512,40.7866,2025-03-26T0900,112,415,0.4,10,4,82,44,293,颗粒物(PM10)
呼和浩特市,化肥厂生活区,111.717,40.7612,2025-03-26T0900,91,423,0.3,9,6,86,52,304,颗粒物(PM10)
呼和浩特市,红旗小学,111.5968,40.8178,2025-03-26T0900,126,784,0.3,6,3,89,58,500,颗粒物(PM10)
呼和浩特市,海东办,111.6518,40.8389,2025-03-26T0900,121,725,0.4,2,6,86,76,500,颗粒物(PM10)
呼伦贝尔市,区环保局,119.7594,49.2261,2025-03-26T0900,37,61,0.5,11,6,74,74,56,颗粒物(PM10)
呼伦贝尔市,国华电力东,119.7512,49.1577,2025-03-26T0900,22,46,0.3,7,5,76,76,46,
湖州市,城西水厂,120.0751,30.8669,2025-03-26T0900,46,92,0.6,66,11,40,12,71,颗粒物(PM10)
湖州市,仁皇山新区,120.0830,30.8929,2025-03-26T0900,44,80,0.8,72,10,39,12,65,颗粒物(PM10)
湖州市,吴兴区站,120.1844,30.8596,2025-03-26T0900,57,101,0.5,66,9,45,29,78,细颗粒物(PM2.5)
湖州市,南浔区站,120.4148,30.8538,2025-03-26T0900,80,136,0.7,72,8,58,69,107,细颗粒物(PM2.5)
葫芦岛市,龙港区,120.9049,40.7211,2025-03-26T0900,103,,0.8,27,10,77,80,135,细颗粒物(PM2.5)
葫芦岛市,化工街,120.8392,40.7514,2025-03-26T0900,97,119,0.7,42,18,66,76,128,细颗粒物(PM2.5)
葫芦岛市,新区,120.8341,40.7073,2025-03-26T0900,116,,1.0,59,18,57,80,152,细颗粒物(PM2.5)
葫芦岛市,东城区,120.8695,40.7677,2025-03-26T0900,112,,0.8,44,11,66,70,147,细颗粒物(PM2.5)
怀化市,林科所,109.5981,27.5721,2025-03-26T0900,50,80,0.4,11,6,102,120,69,细颗粒物(PM2.5)
怀化市,河西地税局,109.9453,27.5444,2025-03-26T0900,51,77,0.5,7,11,100,104,70,细颗粒物(PM2.5)
怀化市,市四医院,109.9781,27.5342,2025-03-26T0900,62,86,0.8,27,13,88,87,84,细颗粒物(PM2.5)
怀化市,监测楼,109.9972,27.5578,2025-03-26T0900,54,73,0.6,12,14,105,100,74,细颗粒物(PM2.5)
怀化市,市委党校,110.0394,27.583,2025-03-26T0900,54,74,0.9,17,10,91,90,74,细颗粒物(PM2.5)
淮安市,钵池山,119.036,33.5981,2025-03-26T0900,,,,41,,,98,,
淮安市,北京南路,119.007,33.575,2025-03-26T0900,70,117,0.9,38,15,89,100,94,细颗粒物(PM2.5)
淮安市,市监测站,118.989,33.6067,2025-03-26T0900,61,105,0.6,41,15,97,111,83,细颗粒物(PM2.5)
淮安市,楚州区监测站,119.135,33.5039,2025-03-26T0900,76,151,0.8,53,13,55,88,102,细颗粒物(PM2.5)
淮安市,新华书店,118.8755,33.2894,2025-03-26T0900,83,115,1.1,35,13,70,89,110,细颗粒物(PM2.5)
淮安市,承德北路606号,119.0288,33.6319,2025-03-26T0900,58,122,0.8,40,14,94,100,86,颗粒物(PM10)
淮北市,监测站,116.8004,33.975,2025-03-26T0900,55,97,0.5,26,11,103,72,75,细颗粒物(PM2.5)
淮北市,烈山区政府,116.8091,33.9007,2025-03-26T0900,54,95,0.9,32,12,98,83,74,细颗粒物(PM2.5)
淮北市,杜集区检察院,116.8873,33.9836,2025-03-26T0900,46,84,0.9,27,13,111,76,67,颗粒物(PM10)
淮北市,市博物馆,116.7923,33.9535,2025-03-26T0900,55,99,1.0,26,13,99,78,75,"颗粒物(PM10),细颗粒物(PM2.5)"
淮南市,潘集区政府,116.8305,32.7727,2025-03-26T0900,51,100,0.6,28,12,100,95,75,颗粒物(PM10)
淮南市,谢家集区政府,116.8569,32.5951,2025-03-26T0900,44,77,0.5,24,10,97,95,64,颗粒物(PM10)
淮南市,八公山区政府,116.8281,32.633,2025-03-26T0900,40,81,0.4,16,8,113,114,66,颗粒物(PM10)
淮南市,焦岗湖风景区管理处,116.6325,32.6201,2025-03-26T0900,26,69,0.8,16,10,68,73,60,颗粒物(PM10)
淮南市,经济技术开发区消防队,117.0566,32.6531,2025-03-26T0900,52,84,0.5,23,11,96,88,72,细颗粒物(PM2.5)
淮南市,山南新区,117.0108,32.5893,2025-03-26T0900,51,92,0.6,17,11,93,102,71,颗粒物(PM10)
淮南市,国庆中路369号,117.0031,32.6445,2025-03-26T0900,38,66,0.6,20,16,115,121,58,颗粒物(PM10)
黄冈市,职工中心,114.9028,30.4742,2025-03-26T0900,72,89,0.9,33,19,130,106,97,细颗粒物(PM2.5)
黄冈市,红卫路,114.8858,30.4519,2025-03-26T0900,52,76,0.9,2,16,123,120,72,细颗粒物(PM2.5)
黄冈市,市林业局,114.9136,30.4445,2025-03-26T0900,53,84,0.8,29,22,117,107,73,细颗粒物(PM2.5)
黄南藏族自治州,同仁县隆务镇,102.0199,35.5102,2025-03-26T0900,16,55,0.6,24,25,45,56,53,颗粒物(PM10)
黄山市,延安路89号,118.2903,29.6963,2025-03-26T0900,43,61,0.5,23,5,20,27,60,细颗粒物(PM2.5)
黄山市,黄山区政府5号楼,118.1371,30.2756,2025-03-26T0900,33,73,0.7,9,8,47,35,62,颗粒物(PM10)
黄山市,滨江东路7-2号,118.3354,29.7203,2025-03-26T0900,34,63,0.5,13,5,40,26,57,颗粒物(PM10)
黄石市,沈家营,115.0601,30.2313,2025-03-26T0900,55,89,0.9,38,14,97,85,75,细颗粒物(PM2.5)
黄石市,铁山,114.8988,30.2019,2025-03-26T0900,47,69,1.0,24,28,139,119,65,细颗粒物(PM2.5)
黄石市,团城山,115.0307,30.2092,2025-03-26T0900,46,91,0.8,31,12,120,95,71,颗粒物(PM10)
黄石市,笔架山北路,115.0235,30.1578,2025-03-26T0900,60,78,1.2,45,15,98,117,82,细颗粒物(PM2.5)
黄石市,磁湖东路29号,115.0780,30.21118,2025-03-26T0900,63,117,1.2,62,16,85,77,85,细颗粒物(PM2.5)
惠州市,河南岸金山湖子站,114.4183,23.0528,2025-03-26T0900,31,52,0.6,28,10,56,45,51,颗粒物(PM10)
惠州市,下埔横江三路子站,114.4053,23.0822,2025-03-26T0900,33,57,0.5,25,11,68,60,54,颗粒物(PM10)
惠州市,江北云山西路子站,114.4103,23.1142,2025-03-26T0900,24,44,0.5,19,12,85,67,44,
惠州市,惠阳区承修路船湖子站,114.4645,22.7833,2025-03-26T0900,22,44,0.6,24,8,67,56,44,
惠州市,大亚湾管委会子站,114.5317,22.7422,2025-03-26T0900,14,33,0.5,16,,88,57,,
惠州市,惠阳秋长,114.4338,22.8134,2025-03-26T0900,28,61,0.8,28,19,43,45,56,颗粒物(PM10)
惠州市,大亚湾霞涌,114.6517,22.775,2025-03-26T0900,23,42,0.4,20,8,68,62,42,
鸡西市,环保局,130.9762,45.3001,2025-03-26T0900,14,32,0.3,20,9,62,62,32,
鸡西市,第一中学,130.9429,45.3039,2025-03-26T0900,10,24,0.4,9,8,71,64,24,
鸡西市,欧美日汽修厂,131.0207,45.3073,2025-03-26T0900,19,29,0.5,12,10,76,57,29,
鸡西市,市政设施管理处,130.9967,45.3106,2025-03-26T0900,19,49,0.3,12,7,67,45,49,
吉安市,红声器材厂,114.9754,27.0803,2025-03-26T0900,42,67,0.6,15,20,153,139,59,"颗粒物(PM10),细颗粒物(PM2.5)"
吉安市,市森林工业局,114.9658,27.0999,2025-03-26T0900,45,72,0.6,20,16,153,137,63,细颗粒物(PM2.5)
吉安市,市环境监测站,114.99,27.1312,2025-03-26T0900,42,72,0.5,14,24,156,144,61,颗粒物(PM10)
吉安市,青原区法院,115.0093,27.0968,2025-03-26T0900,48,,0.5,21,19,166,162,,
吉林市,哈达湾,126.54,43.8622,2025-03-26T0900,69,99,0.7,16,7,75,60,93,细颗粒物(PM2.5)
吉林市,东局子,126.5844,43.8358,2025-03-26T0900,74,82,0.6,12,6,83,58,99,细颗粒物(PM2.5)
吉林市,电力学院,126.5052,43.8245,2025-03-26T0900,77,87,0.5,25,6,58,45,103,细颗粒物(PM2.5)
吉林市,江北,126.6133,43.8972,2025-03-26T0900,91,108,0.9,31,4,60,36,120,细颗粒物(PM2.5)
吉林市,江南公园,126.555,43.8306,2025-03-26T0900,76,83,0.4,15,6,75,59,102,细颗粒物(PM2.5)
吉林市,丰满,126.7061,43.7133,2025-03-26T0900,74,,1.0,11,5,92,76,99,细颗粒物(PM2.5)
吉林市,九站,126.4739,43.953,2025-03-26T0900,,,,,,,,,
济南市,科干所,116.9862,36.6114,2025-03-26T0900,39,151,0.8,67,11,,100,101,颗粒物(PM10)
济南市,农科所,116.9376,36.665,2025-03-26T0900,32,144,0.8,58,12,34,15,97,颗粒物(PM10)
济南市,开发区,117.1265,36.6734,2025-03-26T0900,49,186,1.0,83,12,33,86,118,颗粒物(PM10)
济南市,省种子仓库,117.0624,36.6868,2025-03-26T0900,39,171,1.1,61,10,30,18,111,颗粒物(PM10)
济南市,机床二厂,116.9489,36.6447,2025-03-26T0900,42,166,1.1,67,14,29,38,108,颗粒物(PM10)
济南市,市监测站,117.0495,36.663,2025-03-26T0900,42,183,0.9,75,12,28,35,117,颗粒物(PM10)
济南市,长清党校,116.7675,36.5484,2025-03-26T0900,3,137,0.9,53,8,54,111,94,颗粒物(PM10)
济南市,技术学院,117.6795,36.229,2025-03-26T0900,44,144,0.7,23,14,117,106,97,颗粒物(PM10)
济南市,东山小学,117.532,36.6868,2025-03-26T0900,29,132,0.9,24,11,104,107,91,颗粒物(PM10)
济南市,泰兴公司,117.7161,36.2049,2025-03-26T0900,39,141,0.7,22,12,111,97,96,颗粒物(PM10)
济南市,莱芜战役纪念馆,117.6867,36.2171,2025-03-26T0900,29,132,0.7,24,11,111,105,91,颗粒物(PM10)
济南市,济阳区政府,117.1673,36.9782,2025-03-26T0900,39,154,0.7,32,19,65,64,102,颗粒物(PM10)
济南市,锦屏中学,117.1171,36.63,2025-03-26T0900,54,171,0.8,74,12,37,100,111,颗粒物(PM10)
济南市,济南四建,116.9814,36.6819,2025-03-26T0900,,,,,,,85,,
济宁市,火炬城,116.6251,35.4302,2025-03-26T0900,48,137,0.5,21,16,97,104,94,颗粒物(PM10)
济宁市,电化厂,116.5491,35.4042,2025-03-26T0900,46,145,0.7,20,15,99,104,98,颗粒物(PM10)
济宁市,北湖一中,116.5814,35.3707,2025-03-26T0900,36,116,0.5,23,20,93,101,83,颗粒物(PM10)
济宁市,服务中心,116.8249,35.5593,2025-03-26T0900,37,147,0.6,31,11,82,98,99,颗粒物(PM10)
济宁市,市第七中学,116.5907,35.4054,2025-03-26T0900,39,141,0.5,20,10,94,102,96,颗粒物(PM10)
佳木斯市,佳纺,130.2751,46.8028,2025-03-26T0900,31,58,0.3,15,5,60,17,54,颗粒物(PM10)
佳木斯市,发电厂,130.3995,46.8307,2025-03-26T0900,22,24,0.5,8,3,70,42,32,
佳木斯市,环保局,130.3258,46.7975,2025-03-26T0900,21,32,0.4,20,3,63,28,32,
佳木斯市,十一中,130.3648,46.8032,2025-03-26T0900,24,35,0.3,14,5,62,39,35,
佳木斯市,四丰,130.3794,46.7588,2025-03-26T0900,16,,0.7,12,1,64,52,23,
嘉兴市,清河小学,120.7436,30.778,2025-03-26T0900,50,86,0.9,62,8,80,75,69,细颗粒物(PM2.5)
嘉兴市,嘉兴学院,120.726,30.7478,2025-03-26T0900,,,,,,,86,,
嘉兴市,南湖区残联,120.7846,30.7525,2025-03-26T0900,46,99,0.5,45,12,96,97,75,颗粒物(PM10)
嘉兴市,秀洲住建,120.6916,30.7739,2025-03-26T0900,55,102,0.7,64,9,75,82,76,颗粒物(PM10)
嘉峪关市,气象局,98.2908,39.7711,2025-03-26T0900,22,73,1.2,17,8,76,82,62,颗粒物(PM10)
嘉峪关市,酒钢宾馆,98.2672,39.7978,2025-03-26T0900,12,61,0.1,4,23,88,82,56,颗粒物(PM10)
嘉峪关市,雄关区,98.2643,39.7724,2025-03-26T0900,31,116,0.1,10,12,85,76,83,颗粒物(PM10)
江门市,北街,113.1064,22.6058,2025-03-26T0900,21,36,0.6,13,2,65,67,36,
江门市,西区,113.0731,22.5835,2025-03-26T0900,26,69,0.7,44,8,48,69,60,颗粒物(PM10)
江门市,圭峰西,113.0219,22.5311,2025-03-26T0900,19,30,0.7,18,5,70,69,30,
江门市,东湖,113.0828,22.5947,2025-03-26T0900,24,46,0.6,23,8,67,79,46,
江门市,江海富民,113.1075,22.5647,2025-03-26T0900,31,67,0.4,,8,69,71,,
江门市,新会银湖,113.05,22.4667,2025-03-26T0900,30,68,0.5,50,8,,31,,
焦作市,影视城,113.1992,35.2590,2025-03-26T0900,,,,,,,,,
焦作市,太极体育中心,113.2725,35.2067,2025-03-26T0900,66,299,0.4,30,17,67,84,175,颗粒物(PM10)
焦作市,马村街道办,113.3137,35.2641,2025-03-26T0900,77,295,0.7,31,15,65,76,173,颗粒物(PM10)
焦作市,焦作技师学院,113.2465,35.2373,2025-03-26T0900,58,298,0.8,25,12,75,90,174,颗粒物(PM10)
焦作市,中站许衡医院,113.1656,35.2539,2025-03-26T0900,49,167,0.8,19,13,87,102,109,颗粒物(PM10)
焦作市,原李万街道办,113.2449,35.1803,2025-03-26T0900,58,286,0.7,31,30,68,85,168,颗粒物(PM10)
焦作市,新安路1731号,113.2340,35.2190,2025-03-26T0900,66,306,0.7,23,14,74,87,178,颗粒物(PM10)
揭阳市,新兴,116.3701,23.5345,2025-03-26T0900,41,54,0.6,22,7,75,78,58,细颗粒物(PM2.5)
揭阳市,西马,116.3264,23.5443,2025-03-26T0900,43,51,0.7,26,8,60,69,60,细颗粒物(PM2.5)
揭阳市,东兴,116.3611,23.5626,2025-03-26T0900,34,70,0.8,12,6,80,71,60,颗粒物(PM10)
揭阳市,渔湖,116.4151,23.5294,2025-03-26T0900,35,41,0.7,19,7,74,38,50,
揭阳市,曲溪,116.403,23.5699,2025-03-26T0900,29,61,0.6,28,6,80,67,56,颗粒物(PM10)
金昌市,天庆家园,102.1692,38.5167,2025-03-26T0900,30,181,0.8,3,11,94,98,116,颗粒物(PM10)
金昌市,金川区人防中心,102.1647,38.5371,2025-03-26T0900,36,229,0.5,6,13,92,92,140,颗粒物(PM10)
金昌市,长春路96号,102.1930,38.5319,2025-03-26T0900,34,242,0.4,4,14,91,96,146,颗粒物(PM10)
金华市,十五中,119.647,29.077,2025-03-26T0900,75,130,1.3,63,10,62,25,100,细颗粒物(PM2.5)
金华市,监测站,119.686,29.1029,2025-03-26T0900,65,123,0.7,88,8,22,9,88,细颗粒物(PM2.5)
金华市,气象局,119.656,29.1131,2025-03-26T0900,73,116,0.8,86,8,20,4,98,细颗粒物(PM2.5)
锦州市,南山,121.1115,41.0879,2025-03-26T0900,125,129,0.9,29,,81,74,165,细颗粒物(PM2.5)
锦州市,开发区,121.0604,40.8428,2025-03-26T0900,115,,1.1,29,54,80,84,150,细颗粒物(PM2.5)
锦州市,百股街道,121.1836,41.1119,2025-03-26T0900,119,126,0.9,41,18,70,72,156,细颗粒物(PM2.5)
锦州市,天安街道,121.1178,41.1222,2025-03-26T0900,122,,0.8,28,12,81,78,160,细颗粒物(PM2.5)
锦州市,北湖公园,121.1303,41.1386,2025-03-26T0900,114,,0.7,27,11,82,80,149,细颗粒物(PM2.5)
晋城市,自来水公司,112.85,35.5051,2025-03-26T0900,53,171,1.3,44,10,50,67,111,颗粒物(PM10)
晋城市,白云商贸,112.8318,35.4936,2025-03-26T0900,51,177,0.8,43,8,57,63,114,颗粒物(PM10)
晋城市,市环保局,112.8508,35.4887,2025-03-26T0900,51,179,0.8,48,9,53,48,115,颗粒物(PM10)
晋城市,技术学院,112.8676,35.4897,2025-03-26T0900,41,146,1.1,50,9,53,53,98,颗粒物(PM10)
晋城市,白马寺,112.8453,35.546,2025-03-26T0900,,,,,,,,,
晋城市,泽州一中,112.8271,35.4828,2025-03-26T0900,63,148,0.9,41,10,60,86,99,颗粒物(PM10)
晋中市,南都小区,112.7249,37.7067,2025-03-26T0900,42,205,0.6,32,12,66,68,128,颗粒物(PM10)
晋中市,榆次区政府,112.6991,37.6982,2025-03-26T0900,35,241,0.7,39,10,59,68,146,颗粒物(PM10)
晋中市,榆次三中,112.7195,37.6828,2025-03-26T0900,48,232,0.4,36,10,67,68,141,颗粒物(PM10)
晋中市,迎宾街26号,112.7478,37.6954,2025-03-26T0900,44,246,0.5,32,10,69,72,148,颗粒物(PM10)
荆门市,竹园小学,112.2014,31.0481,2025-03-26T0900,80,106,0.8,16,12,93,116,107,细颗粒物(PM2.5)
荆门市,掇刀,112.1969,30.9891,2025-03-26T0900,70,108,0.6,23,13,91,115,94,细颗粒物(PM2.5)
荆门市,石化一小,112.2213,31.0386,2025-03-26T0900,92,159,0.8,42,20,79,104,122,细颗粒物(PM2.5)
荆门市,西山林语,112.1849,31.0362,2025-03-26T0900,73,98,0.3,17,10,90,110,98,细颗粒物(PM2.5)
荆门市,龙泉中学南校,112.1632,31.0138,2025-03-26T0900,60,91,0.7,11,11,81,97,82,细颗粒物(PM2.5)
荆州市,市图书馆,112.2494,30.3197,2025-03-26T0900,57,77,0.8,18,10,99,110,78,细颗粒物(PM2.5)
荆州市,市委党校,112.2008,30.3544,2025-03-26T0900,65,80,0.7,26,13,89,104,88,细颗粒物(PM2.5)
荆州市,管委会,112.2747,30.3122,2025-03-26T0900,64,94,0.7,14,11,102,114,87,细颗粒物(PM2.5)
荆州市,学苑路85号,112.1722,30.3366,2025-03-26T0900,79,,0.8,19,13,86,91,105,细颗粒物(PM2.5)
景德镇市,王港中学,117.3102,29.3867,2025-03-26T0900,,,,,,,,,
景德镇市,老干部活动中心,117.2117,29.2933,2025-03-26T0900,38,74,0.5,27,8,54,50,62,颗粒物(PM10)
景德镇市,兽医站,117.1894,29.2789,2025-03-26T0900,35,66,0.7,19,4,65,58,58,颗粒物(PM10)
景德镇市,台达陶瓷,117.1547,29.2617,2025-03-26T0900,31,60,0.6,26,5,66,71,55,颗粒物(PM10)
景德镇市,陶研所,117.2461,29.2956,2025-03-26T0900,43,67,0.6,29,6,59,39,60,细颗粒物(PM2.5)
九江市,十里,115.9872,29.6815,2025-03-26T0900,61,85,1.1,69,8,37,47,83,细颗粒物(PM2.5)
九江市,茅山头,115.9584,29.7046,2025-03-26T0900,68,112,1.1,106,11,22,8,92,细颗粒物(PM2.5)
九江市,西园,115.9877,29.7295,2025-03-26T0900,52,80,1.2,106,20,38,60,72,细颗粒物(PM2.5)
九江市,综合工业园,115.9114,29.6038,2025-03-26T0900,52,147,1.0,31,17,127,118,99,颗粒物(PM10)
九江市,石化总厂,116.0721,29.7535,2025-03-26T0900,65,,0.8,18,18,94,114,88,细颗粒物(PM2.5)
九江市,庐山气象台,115.9773,29.5698,2025-03-26T0900,45,58,0.8,6,7,152,167,63,细颗粒物(PM2.5)
九江市,外国语学校,116.0254,29.6994,2025-03-26T0900,47,70,0.8,38,20,81,95,65,细颗粒物(PM2.5)
九江市,莲花大道8号,116.0102,29.6594,2025-03-26T0900,48,75,0.8,28,10,72,87,67,细颗粒物(PM2.5)
酒泉市,玉门东路5号,98.4958,39.7339,2025-03-26T0900,29,78,0.2,1,7,85,85,64,颗粒物(PM10)
酒泉市,北大街108号,98.5099,39.7506,2025-03-26T0900,20,61,0.2,4,7,83,84,56,颗粒物(PM10)
喀什地区,巡警大队,76.0072,39.4467,2025-03-26T0900,8,28,0.4,18,5,78,84,28,
喀什地区,吾办,75.9755,39.4694,2025-03-26T0900,19,26,0.4,18,4,81,83,28,
喀什地区,老干局,75.9483,39.4689,2025-03-26T0900,7,32,0.4,11,3,82,89,32,
开封市,肿瘤医院,114.3389,34.7781,2025-03-26T0900,48,90,0.8,28,10,81,61,70,颗粒物(PM10)
开封市,世纪星幼儿园,114.2885,34.7965,2025-03-26T0900,48,85,0.7,33,5,82,73,68,颗粒物(PM10)
开封市,龙亭公园,114.3438,34.8106,2025-03-26T0900,49,89,0.3,30,6,83,64,70,颗粒物(PM10)
开封市,汴京公园,114.3644,34.7964,2025-03-26T0900,53,105,0.9,32,9,88,54,78,颗粒物(PM10)
开封市,技师学院,114.2485,34.8306,2025-03-26T0900,64,76,1.0,35,13,50,74,87,细颗粒物(PM2.5)
开封市,祥符区生态环境局,114.4644,34.7556,2025-03-26T0900,54,105,0.7,29,8,76,53,78,颗粒物(PM10)
克拉玛依市,长征新村,84.895,45.6094,2025-03-26T0900,9,20,0.2,8,6,70,80,22,
克拉玛依市,南林小区,84.8988,45.5893,2025-03-26T0900,12,21,0.3,2,4,71,80,23,
克拉玛依市,独山子区,84.905,44.3396,2025-03-26T0900,7,54,0.4,7,4,75,80,52,颗粒物(PM10)
克拉玛依市,乌尔禾区商贸楼,85.6979,46.098,2025-03-26T0900,3,24,0.4,10,4,59,75,24,
克拉玛依市,白碱滩区新站,85.1045,45.6899,2025-03-26T0900,14,32,0.1,2,7,70,,32,
克孜勒苏柯尔克孜自治州,市人民政府,76.1454,39.7142,2025-03-26T0900,17,21,0.5,8,9,86,99,27,
克孜勒苏柯尔克孜自治州,克州文化中心,76.1658,39.7157,2025-03-26T0900,10,43,0.4,9,7,85,99,43,
昆明市,呈贡新区,102.8204,24.8886,2025-03-26T0900,46,56,0.5,25,8,100,101,64,细颗粒物(PM2.5)
昆明市,西山森林公园,102.6251,24.9608,2025-03-26T0900,,,,,,,,,
昆明市,龙泉镇,102.7252,25.0902,2025-03-26T0900,33,53,0.7,34,11,99,56,52,颗粒物(PM10)
昆明市,东风东路,102.7266,25.0375,2025-03-26T0900,43,54,0.7,33,19,102,94,60,细颗粒物(PM2.5)
昆明市,金鼎山,102.6742,25.0669,2025-03-26T0900,37,41,0.8,38,13,90,102,53,细颗粒物(PM2.5)
昆明市,碧鸡广场,102.6644,25.0401,2025-03-26T0900,41,55,0.8,40,20,87,88,58,细颗粒物(PM2.5)
昆明市,官渡区博物馆,102.7494,25.0119,2025-03-26T0900,38,46,0.7,27,15,104,100,54,细颗粒物(PM2.5)
昆明市,青年创业园,102.8017,24.8336,2025-03-26T0900,38,48,0.5,11,7,110,101,54,细颗粒物(PM2.5)
昆明市,昆明学院,102.7997,24.9786,2025-03-26T0900,36,50,0.4,18,7,113,106,52,细颗粒物(PM2.5)
昆明市,晋宁区生态环境分局,102.5967,24.6736,2025-03-26T0900,36,48,0.5,17,6,103,110,52,细颗粒物(PM2.5)
昆明市,云天化总部,102.6678,24.9856,2025-03-26T0900,36,50,0.4,,16,112,115,,
拉萨市,八廓街,91.1319,29.6514,2025-03-26T0900,39,47,0.7,26,16,58,58,55,细颗粒物(PM2.5)
拉萨市,市环保局,91.1221,29.6747,2025-03-26T0900,38,56,1.0,32,16,40,40,54,细颗粒物(PM2.5)
拉萨市,区监测站,91.0874,29.6475,2025-03-26T0900,11,20,0.6,44,17,44,33,22,
拉萨市,西藏大学,91.1774,29.6541,2025-03-26T0900,9,22,0.6,21,,56,62,,
拉萨市,区辐射站,90.9798,29.6588,2025-03-26T0900,16,27,0.6,36,8,40,47,27,
拉萨市,拉萨火车站,91.0834,29.6292,2025-03-26T0900,21,36,0.7,62,8,14,49,36,
来宾市,来宾技工学校,109.2203,23.7256,2025-03-26T0900,35,55,0.8,22,6,72,93,53,颗粒物(PM10)
来宾市,兴宾区政府,109.1781,23.7297,2025-03-26T0900,21,41,0.8,10,8,85,96,41,
来宾市,中南小学,109.2416,23.7461,2025-03-26T0900,31,64,1.5,18,7,71,86,57,颗粒物(PM10)
兰州市,榆中兰大校区,104.1373,35.9454,2025-03-26T0900,,,,,,,,,
兰州市,铁路设计院,103.831,36.0464,2025-03-26T0900,206,850,0.5,33,12,72,91,500,颗粒物(PM10)
兰州市,百合公园,103.7439,36.0842,2025-03-26T0900,189,802,0.4,7,8,89,92,500,颗粒物(PM10)
兰州市,和平,103.9611,35.998,2025-03-26T0900,468,1776,0.5,9,11,88,89,500,颗粒物(PM10)
兰州市,庄浪东路808号,103.6293,36.0938,2025-03-26T0900,248,943,0.3,12,12,,96,500,颗粒物(PM10)
兰州市,安宁西路88号,103.7251,36.1043,2025-03-26T0900,213,945,0.3,6,8,94,97,500,颗粒物(PM10)
兰州市,北滨河东路1号,103.8470,36.0676,2025-03-26T0900,205,885,0.6,16,15,90,99,500,颗粒物(PM10)
兰州新区,新区管委会,103.6633,36.533,2025-03-26T0900,273,1025,0.4,8,11,96,102,500,颗粒物(PM10)
兰州新区,舟曲中学,103.6975,36.4789,2025-03-26T0900,674,1663,0.5,6,1,95,102,500,"颗粒物(PM10),细颗粒物(PM2.5)"
廊坊市,药材公司,116.6708,39.5111,2025-03-26T0900,60,89,0.7,18,4,76,76,82,细颗粒物(PM2.5)
廊坊市,开发区,116.7214,39.5589,2025-03-26T0900,55,93,0.6,16,4,80,77,75,细颗粒物(PM2.5)
廊坊市,北华航天学院,116.7244,39.5269,2025-03-26T0900,51,89,0.6,18,6,72,73,70,"颗粒物(PM10),细颗粒物(PM2.5)"
廊坊市,河北工业大学,116.7022,39.5453,2025-03-26T0900,50,82,0.6,13,7,81,79,69,细颗粒物(PM2.5)
乐山市,花湖湾,103.7723,29.5462,2025-03-26T0900,66,86,1.2,46,10,20,43,89,细颗粒物(PM2.5)
乐山市,牛耳桥,103.7627,29.5844,2025-03-26T0900,63,86,1.2,49,8,6,5,85,细颗粒物(PM2.5)
乐山市,市第三水厂,103.7508,29.6006,2025-03-26T0900,73,95,1.0,51,7,15,9,98,细颗粒物(PM2.5)
乐山市,市监测站,103.7571,29.5664,2025-03-26T0900,66,85,1.2,40,10,22,49,89,细颗粒物(PM2.5)
乐山市,理工大学,103.7311,29.5628,2025-03-26T0900,63,85,1.0,44,9,24,38,85,细颗粒物(PM2.5)
丽江市,西南郊,100.2143,26.8576,2025-03-26T0900,,,,,,,,,
丽江市,丽江古城,100.2497,26.8802,2025-03-26T0900,17,22,0.5,12,8,76,99,25,
丽江市,市中心,100.2203,26.8906,2025-03-26T0900,12,,0.6,24,9,68,94,22,
丽水市,监测站大楼,119.914,28.4514,2025-03-26T0900,60,66,0.8,41,6,40,29,82,细颗粒物(PM2.5)
丽水市,莲都小学,119.93,28.4586,2025-03-26T0900,55,82,0.6,48,4,32,29,75,细颗粒物(PM2.5)
丽水市,余庄前,119.879,28.4231,2025-03-26T0900,53,77,0.7,42,7,33,13,73,细颗粒物(PM2.5)
连云港市,市环境监测站,119.176,34.5885,2025-03-26T0900,48,151,0.6,23,11,112,113,101,颗粒物(PM10)
连云港市,德源药业,119.3581,34.6972,2025-03-26T0900,46,144,0.5,27,13,111,100,97,颗粒物(PM10)
连云港市,新城一中,119.178,34.844,2025-03-26T0900,41,133,0.8,25,8,88,94,92,颗粒物(PM10)
连云港市,胡沟管理处,119.3608,34.7519,2025-03-26T0900,44,85,0.7,26,11,119,109,68,颗粒物(PM10)
连云港市,矿山设计院,119.1478,34.5911,2025-03-26T0900,44,146,0.6,32,10,108,111,98,颗粒物(PM10)
连云港市,工贸学校,119.2413,34.6539,2025-03-26T0900,57,160,0.8,18,12,132,121,105,颗粒物(PM10)
连云港市,连云街道,119.4172,34.7341,2025-03-26T0900,47,136,0.7,18,10,138,121,93,颗粒物(PM10)
凉山彝族自治州,青龙寺,102.3431,27.8099,2025-03-26T0900,10,31,0.8,11,6,56,60,31,
凉山彝族自治州,邛海宾馆,102.2721,27.8415,2025-03-26T0900,21,32,0.6,27,4,42,48,32,
凉山彝族自治州,西昌市政府,102.2625,27.898,2025-03-26T0900,25,28,0.9,31,10,54,69,36,
凉山彝族自治州,凉山州政府,102.2685,27.8851,2025-03-26T0900,21,40,0.7,41,6,33,33,40,
凉山彝族自治州,凯乐南路30号,102.2342,27.8859,2025-03-26T0900,27,66,0.8,62,8,12,31,58,颗粒物(PM10)
辽阳市,宏伟区,123.2,41.1953,2025-03-26T0900,118,141,2.2,46,25,46,76,155,细颗粒物(PM2.5)
辽阳市,新华园,123.1683,41.2495,2025-03-26T0900,110,134,2.4,66,30,27,66,144,细颗粒物(PM2.5)
辽阳市,滨河路,123.2354,41.2639,2025-03-26T0900,113,120,1.8,55,13,37,66,148,细颗粒物(PM2.5)
辽阳市,铁西工业园,123.149,41.2991,2025-03-26T0900,97,132,1.9,62,29,30,52,128,细颗粒物(PM2.5)
辽源市,环保局,125.1358,42.8845,2025-03-26T0900,54,72,0.8,26,7,56,50,74,细颗粒物(PM2.5)
辽源市,银鹰制药,125.0764,42.9078,2025-03-26T0900,49,59,0.9,26,7,60,48,68,细颗粒物(PM2.5)
聊城市,区政府,115.9848,36.4372,2025-03-26T0900,46,146,,54,14,37,60,,
聊城市,聊大东校,116.0072,36.4343,2025-03-26T0900,51,190,1.0,50,12,39,62,120,颗粒物(PM10)
聊城市,监控中心,115.9819,36.4978,2025-03-26T0900,39,139,,,,,34,,
聊城市,九州社区,116.0445,36.4361,2025-03-26T0900,45,184,,50,,46,73,117,颗粒物(PM10)
聊城市,星美广场,116.0567,36.4608,2025-03-26T0900,48,172,0.9,37,13,31,57,111,颗粒物(PM10)
林芝市,林芝监测站,94.3681,29.6376,2025-03-26T0900,9,,0.2,11,4,53,62,17,
林芝市,林芝人民医院,94.3616,29.6616,2025-03-26T0900,13,25,0.2,18,7,42,61,25,
临沧市,市环保局,100.0781,23.8982,2025-03-26T0900,25,46,0.6,17,9,48,61,46,
临沧市,市气象局,100.0894,23.8822,2025-03-26T0900,44,55,0.6,24,7,43,61,62,细颗粒物(PM2.5)
临汾市,临钢医院,111.5531,36.0783,2025-03-26T0900,51,210,0.7,27,7,59,47,130,颗粒物(PM10)
临汾市,技工学校,111.5028,36.0714,2025-03-26T0900,54,203,0.8,32,10,57,46,127,颗粒物(PM10)
临汾市,市委,111.5018,36.0855,2025-03-26T0900,69,231,0.7,33,7,60,58,141,颗粒物(PM10)
临汾市,唐尧大酒店,111.505,36.1014,2025-03-26T0900,55,216,0.7,37,10,47,54,133,颗粒物(PM10)
临汾市,启星学校,111.4879,36.0530,2025-03-26T0900,64,224,0.8,43,,36,18,137,颗粒物(PM10)
临夏回族自治州,滨河东路1号,103.2464,35.6123,2025-03-26T0900,434,1687,0.4,3,6,77,69,500,颗粒物(PM10)
临夏回族自治州,新华街21号,103.2093,35.5995,2025-03-26T0900,437,1622,0.3,9,10,72,75,500,颗粒物(PM10)
临沂市,沂河小区,118.3429,35.0532,2025-03-26T0900,50,156,0.7,24,11,90,89,103,颗粒物(PM10)
临沂市,鲁南制药厂,118.295,35.0583,2025-03-26T0900,38,168,0.4,46,13,88,102,109,颗粒物(PM10)
临沂市,新光毛纺厂,118.2794,34.9976,2025-03-26T0900,38,139,0.7,29,9,98,97,95,颗粒物(PM10)
临沂市,河东保险公司,118.3956,35.0888,2025-03-26T0900,41,153,0.4,38,8,90,89,102,颗粒物(PM10)
临沂市,十里堡居委,118.3564,35.0215,2025-03-26T0900,,,0.7,,13,91,92,,
临沂市,南坊新区,118.3604,35.1084,2025-03-26T0900,34,156,0.7,33,9,84,91,103,颗粒物(PM10)
临沂市,皇山花园小区,118.3920,35.0300,2025-03-26T0900,37,146,0.6,26,11,98,88,98,颗粒物(PM10)
柳州市,柳东小学,109.4856,24.3895,2025-03-26T0900,27,46,0.4,17,16,84,88,46,
柳州市,环保监测站,109.4157,24.3277,2025-03-26T0900,26,44,0.7,11,10,85,86,44,
柳州市,河西水厂,109.389,24.341,2025-03-26T0900,19,53,0.6,12,6,87,85,52,颗粒物(PM10)
柳州市,市四中,109.4311,24.2921,2025-03-26T0900,27,41,0.2,16,8,84,88,41,
柳州市,市九中,109.4006,24.3631,2025-03-26T0900,24,70,0.7,11,8,87,84,60,颗粒物(PM10)
柳州市,古亭山,109.4958,24.3134,2025-03-26T0900,35,44,0.6,9,8,93,94,50,
柳州市,市二中,109.5422,24.3996,2025-03-26T0900,25,39,0.2,15,12,85,92,39,
六安市,监测大楼,116.5079,31.737,2025-03-26T0900,41,63,0.8,33,9,128,136,58,细颗粒物(PM2.5)
六安市,皖西学院,116.4738,31.7643,2025-03-26T0900,37,66,0.7,19,8,124,136,58,颗粒物(PM10)
六安市,朝阳厂,116.4996,31.7905,2025-03-26T0900,37,63,0.7,22,8,118,131,57,颗粒物(PM10)
六安市,开发区,116.5567,31.7886,2025-03-26T0900,49,88,0.8,25,9,110,106,69,颗粒物(PM10)
六盘水市,窑上,104.8,26.5892,2025-03-26T0900,36,45,0.5,6,5,122,117,52,细颗粒物(PM2.5)
六盘水市,黄土坡,104.83,26.5917,2025-03-26T0900,32,41,0.6,18,10,116,117,46,
六盘水市,水钢,104.89,26.5939,2025-03-26T0900,31,47,0.5,11,11,117,118,47,
六盘水市,民中,104.8475,26.5894,2025-03-26T0900,22,48,0.5,23,10,101,113,48,
六盘水市,双水,104.9544,26.5506,2025-03-26T0900,25,48,0.5,16,11,95,109,48,
龙岩市,龙岩师专,117.0189,25.1181,2025-03-26T0900,,,,,,,,,
龙岩市,龙岩市监测站,117.0217,25.1033,2025-03-26T0900,,,,,,,,,
龙岩市,闽西职业技术学院,117.0258,25.0661,2025-03-26T0900,60,103,0.6,50,53,70,70,82,细颗粒物(PM2.5)
龙岩市,龙岩学院,117.0196,25.0306,2025-03-26T0900,56,75,0.6,18,3,121,110,77,细颗粒物(PM2.5)
陇南市,汉王镇固水子,105.0822,33.3261,2025-03-26T0900,,,,,,,,,
陇南市,滨江中学,104.9339,33.3826,2025-03-26T0900,35,63,0.6,26,13,65,79,57,颗粒物(PM10)
陇南市,市总工会,104.955,33.371,2025-03-26T0900,28,73,0.6,30,13,64,94,62,颗粒物(PM10)
娄底市,电视发射台,111.9589,27.8901,2025-03-26T0900,52,78,1.5,15,10,48,57,72,细颗粒物(PM2.5)
娄底市,市监测站,111.9975,27.725,2025-03-26T0900,86,112,1.2,71,18,28,23,114,细颗粒物(PM2.5)
娄底市,市委党校,112.0194,27.7314,2025-03-26T0900,95,131,1.8,52,7,37,48,125,细颗粒物(PM2.5)
娄底市,涟钢,111.9561,27.7569,2025-03-26T0900,72,104,1.1,27,4,24,31,97,细颗粒物(PM2.5)
娄底市,市政府,111.9892,27.7044,2025-03-26T0900,75,114,1.1,47,10,37,15,100,细颗粒物(PM2.5)
泸州市,九狮山,105.4324,28.9634,2025-03-26T0900,,,,,,,,,
泸州市,小市上码头,105.4427,28.9063,2025-03-26T0900,72,105,1.0,36,7,16,13,97,细颗粒物(PM2.5)
泸州市,兰田宪桥,105.4241,28.8573,2025-03-26T0900,77,95,0.9,31,8,16,12,103,细颗粒物(PM2.5)
泸州市,市环监站,105.4379,28.8833,2025-03-26T0900,,,,,,,,,
泸州市,纳溪中医医院,105.3689,28.7783,2025-03-26T0900,60,100,1.1,35,8,13,23,82,细颗粒物(PM2.5)
吕梁市,环保局,111.1406,37.5211,2025-03-26T0900,83,372,0.6,48,6,24,7,232,颗粒物(PM10)
吕梁市,自来水公司,111.1297,37.5136,2025-03-26T0900,79,373,0.6,46,5,27,9,233,颗粒物(PM10)
吕梁市,马茂庄小学,111.1283,37.51,2025-03-26T0900,84,386,0.9,56,9,22,8,252,颗粒物(PM10)
洛阳市,市委党校,112.3931,34.6516,2025-03-26T0900,86,375,0.8,45,8,43,42,236,颗粒物(PM10)
洛阳市,河南林校,112.494,34.6886,2025-03-26T0900,94,415,0.9,41,7,41,41,293,颗粒物(PM10)
洛阳市,开发区管委会,112.3844,34.623,2025-03-26T0900,99,381,0.5,34,8,51,40,245,颗粒物(PM10)
洛阳市,市委新办公区,112.4267,34.6258,2025-03-26T0900,82,369,1.1,31,7,56,42,228,颗粒物(PM10)
洛阳市,伊滨,112.6005,34.6326,2025-03-26T0900,87,327,0.9,34,8,49,38,189,颗粒物(PM10)
洛阳市,中移产业园,112.4951,34.6332,2025-03-26T0900,105,391,0.8,36,10,37,26,259,颗粒物(PM10)
洛阳市,吉利监测站,112.5736,34.8993,2025-03-26T0900,95,333,0.8,36,10,59,52,192,颗粒物(PM10)
洛阳市,河科大西苑校区,112.3677,34.662,2025-03-26T0900,79,383,1.0,45,12,44,45,248,颗粒物(PM10)
洛阳市,英才小学,112.4388,34.6781,2025-03-26T0900,97,365,0.8,44,13,40,39,222,颗粒物(PM10)
洛阳市,春都路1号院,112.4600,34.6949,2025-03-26T0900,82,404,1.0,51,9,42,45,278,颗粒物(PM10)
漯河市,三五一五工厂,114.051,33.5699,2025-03-26T0900,54,88,0.6,18,8,93,88,74,细颗粒物(PM2.5)
漯河市,漯河大学,114.0055,33.5698,2025-03-26T0900,46,91,0.6,21,10,102,103,71,颗粒物(PM10)
漯河市,市水利局,114.0138,33.5828,2025-03-26T0900,56,90,0.4,18,8,107,102,77,细颗粒物(PM2.5)
漯河市,市广电局,114.0261,33.5698,2025-03-26T0900,57,88,0.6,16,9,101,96,78,细颗粒物(PM2.5)
漯河市,市图书馆,113.9749,33.5664,2025-03-26T0900,46,78,0.6,23,14,96,95,64,"颗粒物(PM10),细颗粒物(PM2.5)"
漯河市,韶山路11号,114.0892,33.5882,2025-03-26T0900,50,82,0.7,20,9,104,94,69,细颗粒物(PM2.5)
马鞍山市,湖东路四小,118.5092,31.6837,2025-03-26T0900,42,74,0.9,31,10,93,75,62,颗粒物(PM10)
马鞍山市,开发区,118.5024,31.6449,2025-03-26T0900,40,97,0.8,31,7,97,68,74,颗粒物(PM10)
马鞍山市,濮塘,118.6245,31.7241,2025-03-26T0900,41,55,0.6,14,11,114,106,58,细颗粒物(PM2.5)
马鞍山市,雨山,118.4918,31.6809,2025-03-26T0900,41,80,1.1,37,11,87,80,65,颗粒物(PM10)
马鞍山市,慈湖高新区,118.5274,31.72227,2025-03-26T0900,38,78,0.8,37,9,90,86,64,颗粒物(PM10)
茂名市,电白南海,111.0286,21.4688,2025-03-26T0900,24,36,0.6,6,1,56,54,36,
茂名市,茂石化七小,110.9294,21.6533,2025-03-26T0900,14,44,0.8,11,1,47,52,44,
茂名市,健康路,110.9107,21.6687,2025-03-26T0900,7,39,0.6,11,2,63,70,39,
茂名市,高岭,110.8592,21.6828,2025-03-26T0900,9,48,0.4,9,4,61,61,48,
茂名市,电白水东,111.01,21.5165,2025-03-26T0900,12,27,0.4,2,2,57,61,27,
眉山市,黑龙滩水库,104.0308,30.0478,2025-03-26T0900,22,36,0.7,7,3,38,45,36,
眉山市,气象局,103.8416,30.0874,2025-03-26T0900,,,,,,,95,,
眉山市,市委党校,103.8578,30.0744,2025-03-26T0900,63,105,0.9,60,16,14,13,85,细颗粒物(PM2.5)
眉山市,区人社局,103.8291,30.0564,2025-03-26T0900,63,72,1.1,85,20,12,30,85,细颗粒物(PM2.5)
梅州市,梅江月梅,116.1231,24.3284,2025-03-26T0900,62,70,0.8,44,6,42,52,84,细颗粒物(PM2.5)
梅州市,梅县新城,116.0797,24.2719,2025-03-26T0900,40,64,0.7,37,10,67,47,57,"颗粒物(PM10),细颗粒物(PM2.5)"
梅州市,环境监控中心,116.1248,24.2654,2025-03-26T0900,40,66,0.7,32,11,82,57,58,颗粒物(PM10)
梅州市,梅龙,116.1233,24.2991,2025-03-26T0900,38,58,0.8,29,12,75,50,54,"颗粒物(PM10),细颗粒物(PM2.5)"
绵阳市,富乐山,104.7778,31.4741,2025-03-26T0900,44,56,0.8,30,4,56,49,62,细颗粒物(PM2.5)
绵阳市,高新区自来水公司,104.6697,31.4668,2025-03-26T0900,46,104,0.9,73,5,20,34,77,颗粒物(PM10)
绵阳市,三水厂,104.7287,31.5075,2025-03-26T0900,54,101,0.8,70,8,29,9,76,颗粒物(PM10)
绵阳市,西科大附属小学,104.69,31.5322,2025-03-26T0900,42,84,0.9,52,8,58,72,67,颗粒物(PM10)
绵阳市,安州区旅游局,104.5648,31.5343,2025-03-26T0900,48,104,1.2,65,9,10,32,77,颗粒物(PM10)
绵阳市,绵阳市气象局,104.7651,31.4531,2025-03-26T0900,41,80,0.9,69,3,19,26,65,颗粒物(PM10)
牡丹江市,环保大楼,129.61,44.561,2025-03-26T0900,42,43,0.5,27,4,45,48,59,细颗粒物(PM2.5)
牡丹江市,文化广场,129.6115,44.5782,2025-03-26T0900,,,0.8,38,11,27,50,,
牡丹江市,第一医院,129.5904,44.5963,2025-03-26T0900,45,47,0.2,23,10,51,41,63,细颗粒物(PM2.5)
牡丹江市,机车工厂,129.6364,44.6075,2025-03-26T0900,53,68,0.7,22,15,46,32,73,细颗粒物(PM2.5)
牡丹江市,第一中学,129.6386,44.5462,2025-03-26T0900,37,45,0.6,16,8,58,41,53,细颗粒物(PM2.5)
内江市,市监测站,105.0703,29.61,2025-03-26T0900,63,64,0.9,58,12,17,54,85,细颗粒物(PM2.5)
内江市,东兴区政府,105.0717,29.5947,2025-03-26T0900,58,72,1.2,59,10,18,47,79,细颗粒物(PM2.5)
内江市,内江二中,105.0653,29.5817,2025-03-26T0900,61,90,1.0,48,12,15,30,83,细颗粒物(PM2.5)
内江市,内江日报社,105.0406,29.5822,2025-03-26T0900,61,83,0.9,51,14,31,53,83,细颗粒物(PM2.5)
那曲市,那曲监测站,92.0657,31.4846,2025-03-26T0900,59,113,1.3,29,6,31,32,82,颗粒物(PM10)
那曲市,那曲会议中心,92.0506,31.4797,2025-03-26T0900,,,,,,,,,
南昌市,省外办,115.8931,28.6843,2025-03-26T0900,83,128,1.1,85,19,30,8,110,细颗粒物(PM2.5)
南昌市,省林业公司,115.8886,28.7003,2025-03-26T0900,70,114,0.4,65,28,59,12,94,细颗粒物(PM2.5)
南昌市,林科所,115.8126,28.7442,2025-03-26T0900,58,85,0.4,44,15,93,49,79,细颗粒物(PM2.5)
南昌市,建工学校,115.8518,28.687,2025-03-26T0900,87,124,1.0,74,13,46,11,115,细颗粒物(PM2.5)
南昌市,象湖,115.8921,28.6424,2025-03-26T0900,73,139,1.2,77,14,21,5,98,细颗粒物(PM2.5)
南昌市,武术学校,115.7423,28.7996,2025-03-26T0900,34,49,0.7,7,12,109,42,49,
南昌市,机电学校,115.9084,28.6062,2025-03-26T0900,68,116,0.9,46,22,75,19,92,细颗粒物(PM2.5)
南昌市,外国语学校,115.9721,28.7031,2025-03-26T0900,64,117,0.5,47,16,78,37,87,细颗粒物(PM2.5)
南昌市,南京东路235号,115.9316,28.68677,2025-03-26T0900,71,142,0.9,62,22,65,21,96,颗粒物(PM10)
南充市,西山风景区,106.056,30.8064,2025-03-26T0900,28,38,0.8,9,7,103,126,40,
南充市,南充市委,106.0789,30.8023,2025-03-26T0900,38,67,0.9,40,6,48,45,59,颗粒物(PM10)
南充市,南充炼油厂,106.1031,30.8217,2025-03-26T0900,41,63,0.7,34,6,53,57,58,细颗粒物(PM2.5)
南充市,嘉陵区环保局,106.0642,30.7636,2025-03-26T0900,41,76,0.6,46,6,48,50,63,颗粒物(PM10)
南充市,梨树横街98号,106.1083,30.7884,2025-03-26T0900,25,58,0.7,43,6,40,32,54,颗粒物(PM10)
南充市,清泉寺北路188号,106.1172,30.843,2025-03-26T0900,32,77,0.4,30,10,62,85,64,颗粒物(PM10)
南京市,迈皋桥,118.8086,32.1065,2025-03-26T0900,31,55,0.5,33,4,104,76,53,颗粒物(PM10)
南京市,草场门,118.7538,32.0551,2025-03-26T0900,34,70,0.8,45,10,82,66,60,颗粒物(PM10)
南京市,山西路,118.7794,32.0745,2025-03-26T0900,24,85,0.8,33,5,84,82,68,颗粒物(PM10)
南京市,中华门,118.7752,32.0023,2025-03-26T0900,29,61,0.7,41,13,81,43,56,颗粒物(PM10)
南京市,瑞金路,118.8109,32.0309,2025-03-26T0900,31,,0.8,48,6,76,24,,
南京市,玄武湖,118.7997,32.0754,2025-03-26T0900,28,61,0.7,30,9,75,69,56,颗粒物(PM10)
南京市,浦口,118.6414,32.0931,2025-03-26T0900,27,65,0.5,35,10,81,79,58,颗粒物(PM10)
南京市,奥体中心,118.7356,31.9996,2025-03-26T0900,31,67,0.7,33,10,91,55,59,颗粒物(PM10)
南京市,仙林大学城,118.9125,32.1028,2025-03-26T0900,31,78,1.0,50,13,68,52,64,颗粒物(PM10)
南京市,江宁彩虹桥,118.8436,31.9198,2025-03-26T0900,31,76,0.7,43,5,74,39,63,颗粒物(PM10)
南京市,溧水永阳,119.0138,31.6494,2025-03-26T0900,,,,,,,127,,
南京市,六合雄州,118.8554,32.3578,2025-03-26T0900,33,69,0.6,45,10,80,36,60,颗粒物(PM10)
南京市,汶溪路181号,118.8708,31.3402,2025-03-26T0900,31,54,0.8,21,5,103,76,52,颗粒物(PM10)
南宁市,二十一中,108.3103,22.7881,2025-03-26T0900,,,,,,,99,,
南宁市,北湖,108.3141,22.8528,2025-03-26T0900,24,38,0.5,24,12,50,58,38,
南宁市,市监测站,108.3206,22.8225,2025-03-26T0900,27,40,0.8,22,11,50,61,40,
南宁市,大自然花园,108.3829,22.8037,2025-03-26T0900,31,40,0.8,16,8,53,68,45,
南宁市,仙葫,108.4394,22.7904,2025-03-26T0900,35,36,0.6,16,6,48,57,50,
南宁市,区农职院,108.2397,22.8467,2025-03-26T0900,24,50,0.7,28,10,48,48,50,
南宁市,英华嘉园,108.3275,22.735,2025-03-26T0900,25,48,0.5,33,21,38,53,48,
南宁市,红星社区,108.4834,22.7618,2025-03-26T0900,38,,0.9,16,13,48,58,54,细颗粒物(PM2.5)
南宁市,乐贤路16号,108.2177,22.7774,2025-03-26T0900,28,54,0.7,25,8,29,22,52,颗粒物(PM10)
南平市,茫荡山,118.0966,26.6761,2025-03-26T0900,,,,,,,,,
南平市,南平市监测站,118.1681,26.6369,2025-03-26T0900,62,81,1.1,24,3,61,42,84,细颗粒物(PM2.5)
南平市,南平铝业有限公司,118.1825,26.6489,2025-03-26T0900,66,71,1.0,21,11,54,40,89,细颗粒物(PM2.5)
南平市,南平七中,118.1756,26.6272,2025-03-26T0900,61,68,1.0,29,6,38,28,83,细颗粒物(PM2.5)
南通市,狼山街道,120.9098,31.9663,2025-03-26T0900,55,103,0.8,75,13,89,19,77,颗粒物(PM10)
南通市,虹桥,120.86,32.0005,2025-03-26T0900,57,87,0.8,55,12,106,82,78,细颗粒物(PM2.5)
南通市,城中,120.87,32.02,2025-03-26T0900,51,98,0.8,47,12,113,78,74,颗粒物(PM10)
南通市,星湖花园,120.94,31.93,2025-03-26T0900,55,105,0.6,78,12,71,42,78,颗粒物(PM10)
南通市,紫琅学院,120.81,32.0417,2025-03-26T0900,64,108,1.2,70,11,79,55,87,细颗粒物(PM2.5)
南通市,通州监测站,121.067,32.062,2025-03-26T0900,58,97,0.9,67,11,83,41,79,细颗粒物(PM2.5)
南通市,环境教育馆,120.9348,31.9883,2025-03-26T0900,54,95,0.6,72,14,89,14,74,细颗粒物(PM2.5)
南阳市,瓦房庄,112.5224,33.0122,2025-03-26T0900,56,93,0.6,14,9,106,82,77,细颗粒物(PM2.5)
南阳市,汉画馆,112.5003,32.9735,2025-03-26T0900,50,86,0.6,26,10,93,81,69,细颗粒物(PM2.5)
南阳市,气象站,112.5573,33.027,2025-03-26T0900,58,93,0.7,16,12,106,84,79,细颗粒物(PM2.5)
南阳市,理工学院,112.5481,32.9689,2025-03-26T0900,54,89,0.6,18,10,95,93,74,细颗粒物(PM2.5)
南阳市,卧龙区政府,112.5234,32.9922,2025-03-26T0900,59,103,0.7,17,10,102,87,80,细颗粒物(PM2.5)
宁波市,区环保大楼,121.8358,29.911,2025-03-26T0900,42,98,0.9,76,18,33,7,74,颗粒物(PM10)
宁波市,万里学院,121.56,29.82,2025-03-26T0900,55,88,0.9,36,13,92,66,75,细颗粒物(PM2.5)
宁波市,龙赛医院,121.713,29.9572,2025-03-26T0900,58,122,0.9,83,13,41,12,86,颗粒物(PM10)
宁波市,钱湖水厂,121.633,29.7733,2025-03-26T0900,46,62,0.8,20,10,105,102,64,细颗粒物(PM2.5)
宁波市,太古小学,121.5856,29.8635,2025-03-26T0900,45,82,0.9,32,12,105,77,66,颗粒物(PM10)
宁波市,市环境监测中心,121.524,29.8674,2025-03-26T0900,55,86,1.1,58,12,86,59,75,细颗粒物(PM2.5)
宁波市,万里国际学校,121.6147,29.9017,2025-03-26T0900,45,88,0.7,32,11,108,87,69,颗粒物(PM10)
宁波市,白沙活动中心,121.5594,29.8975,2025-03-26T0900,51,89,0.8,35,12,108,63,70,"颗粒物(PM10),细颗粒物(PM2.5)"
宁德市,金涵水库,119.5001,26.6946,2025-03-26T0900,,,,,,,,,
宁德市,宁德市监测站,119.5388,26.6612,2025-03-26T0900,86,,0.9,44,5,58,30,114,细颗粒物(PM2.5)
宁德市,宁德一中,119.5231,26.6562,2025-03-26T0900,79,,0.9,38,6,67,86,105,细颗粒物(PM2.5)
怒江傈僳族自治州,州监测站,98.8601,25.8567,2025-03-26T0900,18,24,0.3,6,4,65,78,26,
怒江傈僳族自治州,泸水一中,98.8546,25.8417,2025-03-26T0900,24,25,0.5,26,6,28,49,35,
攀枝花市,弄弄坪,101.6891,26.571,2025-03-26T0900,52,99,1.1,64,17,16,32,75,颗粒物(PM10)
攀枝花市,河门口,101.5769,26.5928,2025-03-26T0900,34,59,1.0,39,25,35,38,55,颗粒物(PM10)
攀枝花市,炳草岗,101.7169,26.585,2025-03-26T0900,44,89,,60,16,,11,,
攀枝花市,仁和,101.7369,26.5008,2025-03-26T0900,31,44,0.8,39,10,40,71,45,
攀枝花市,四十中小,101.7227,26.567,2025-03-26T0900,30,69,0.6,68,14,14,36,60,颗粒物(PM10)
盘锦市,开发区,122.0303,41.1489,2025-03-26T0900,95,115,0.9,34,14,62,69,125,细颗粒物(PM2.5)
盘锦市,兴隆台,122.0485,41.0883,2025-03-26T0900,83,103,0.9,23,6,74,62,110,细颗粒物(PM2.5)
盘锦市,新生街道,121.8297,41.1028,2025-03-26T0900,66,74,0.8,20,8,82,64,89,细颗粒物(PM2.5)
平顶山市,新华旅馆,113.3257,33.742,2025-03-26T0900,42,100,0.6,19,9,122,57,75,颗粒物(PM10)
平顶山市,规划设计院,113.2919,33.737,2025-03-26T0900,58,81,0.6,17,11,126,81,79,细颗粒物(PM2.5)
平顶山市,平顶山工学院,113.182,33.774,2025-03-26T0900,51,76,0.7,4,11,130,118,70,细颗粒物(PM2.5)
平顶山市,规划局,113.3025,33.73,2025-03-26T0900,58,95,0.8,14,10,127,92,79,细颗粒物(PM2.5)
平顶山市,石龙区,112.8867,33.9116,2025-03-26T0900,50,91,0.2,25,10,98,112,71,颗粒物(PM10)
平凉市,聚贤嘉苑,106.6692,35.5461,2025-03-26T0900,190,1091,0.5,7,8,,89,500,颗粒物(PM10)
平凉市,博物馆,106.7021,35.5307,2025-03-26T0900,190,1031,0.4,7,16,90,89,500,颗粒物(PM10)
萍乡市,武功山,114.0997,27.5002,2025-03-26T0900,50,56,0.6,11,14,100,96,69,细颗粒物(PM2.5)
萍乡市,中医院,113.8385,27.6434,2025-03-26T0900,54,91,1.3,40,14,39,24,74,细颗粒物(PM2.5)
萍乡市,市政府车库,113.8493,27.6253,2025-03-26T0900,81,86,1.0,38,12,45,23,108,细颗粒物(PM2.5)
萍乡市,市环保局,113.8676,27.6435,2025-03-26T0900,73,100,1.0,43,15,41,36,98,细颗粒物(PM2.5)
萍乡市,安源区政府,113.866,27.6198,2025-03-26T0900,71,104,2.0,55,23,27,24,95,细颗粒物(PM2.5)
莆田市,荔城区仓后路,119.0141,25.4325,2025-03-26T0900,56,79,1.0,33,4,44,38,77,细颗粒物(PM2.5)
莆田市,莆田市监测站,119.0015,25.4553,2025-03-26T0900,48,53,0.7,22,6,54,35,67,细颗粒物(PM2.5)
莆田市,涵江区六中,119.1119,25.4561,2025-03-26T0900,62,83,0.7,35,6,51,30,84,细颗粒物(PM2.5)
莆田市,秀屿区政府,119.1013,25.3215,2025-03-26T0900,32,,0.5,14,5,66,57,46,
莆田市,东圳水库,118.981,25.4792,2025-03-26T0900,,,,,,,,,
濮阳市,环保局,115.0312,35.7636,2025-03-26T0900,59,132,1.0,34,8,64,59,91,颗粒物(PM10)
濮阳市,油田运输公司,115.0574,35.7609,2025-03-26T0900,58,148,1.3,27,9,68,58,99,颗粒物(PM10)
濮阳市,濮水河管理处,115,35.7668,2025-03-26T0900,67,162,0.9,42,9,52,48,106,颗粒物(PM10)
濮阳市,任丘路479号,115.0924,35.7686,2025-03-26T0900,65,165,1.3,28,10,74,64,108,颗粒物(PM10)
普洱市,市环保局,100.98,22.7633,2025-03-26T0900,32,75,0.9,26,5,40,54,63,颗粒物(PM10)
普洱市,普洱第二中学,100.9817,22.8322,2025-03-26T0900,63,,0.9,42,6,17,34,,
七台河市,新一中,131.0518,45.8751,2025-03-26T0900,9,,0.4,6,12,84,69,27,
七台河市,中波台,131.0577,45.7879,2025-03-26T0900,12,32,0.5,16,15,68,54,32,
七台河市,人民广场,131.0176,45.7761,2025-03-26T0900,23,56,0.8,20,11,61,50,53,颗粒物(PM10)
七台河市,新建矿广场,130.8781,45.8222,2025-03-26T0900,10,34,0.5,15,9,63,43,34,
齐齐哈尔市,安居小区,123.9305,47.3636,2025-03-26T0900,41,74,0.6,24,,58,56,,
齐齐哈尔市,中心广场,123.9488,47.3386,2025-03-26T0900,47,66,0.5,18,8,56,49,65,细颗粒物(PM2.5)
齐齐哈尔市,农牧车辆厂,123.9483,47.3227,2025-03-26T0900,37,61,0.4,22,8,55,48,56,颗粒物(PM10)
齐齐哈尔市,市环境监测站,123.945,47.2988,2025-03-26T0900,44,68,0.5,19,6,57,53,62,细颗粒物(PM2.5)
齐齐哈尔市,富区青少年活动中心,123.6333,47.2075,2025-03-26T0900,31,76,0.4,14,7,58,52,63,颗粒物(PM10)
黔东南苗族侗族自治州,市环境监测站,107.9783,26.5747,2025-03-26T0900,65,77,0.7,12,5,114,132,88,细颗粒物(PM2.5)
黔东南苗族侗族自治州,凯里学院,107.8908,26.5311,2025-03-26T0900,61,75,0.9,13,5,88,128,83,细颗粒物(PM2.5)
黔南布依族苗族自治州,小围寨,107.5228,26.2403,2025-03-26T0900,48,61,0.9,9,8,114,137,67,细颗粒物(PM2.5)
黔南布依族苗族自治州,沙坝,107.5175,26.2978,2025-03-26T0900,56,68,0.9,10,7,109,103,77,细颗粒物(PM2.5)
黔西南布依族苗族自治州,场坝街,104.9022,25.0925,2025-03-26T0900,43,43,0.5,19,6,112,97,60,细颗粒物(PM2.5)
黔西南布依族苗族自治州,坪东大道,104.8811,25.0992,2025-03-26T0900,31,51,0.4,20,3,104,88,51,颗粒物(PM10)
钦州市,市环保站,108.6236,21.9667,2025-03-26T0900,17,44,0.5,24,8,50,49,44,
钦州市,沙埠小学,108.6549,21.9481,2025-03-26T0900,18,41,0.6,22,6,51,44,41,
钦州市,港区一小,108.5989,21.7431,2025-03-26T0900,20,40,0.7,26,6,60,57,40,
钦州市,北职校,108.5959,21.9633,2025-03-26T0900,28,54,0.8,30,13,46,47,52,颗粒物(PM10)
秦皇岛市,第一关,119.7493,40.0116,2025-03-26T0900,68,100,,36,5,70,59,,
秦皇岛市,监测站,119.5897,39.9499,2025-03-26T0900,57,91,0.5,33,4,66,72,78,细颗粒物(PM2.5)
秦皇岛市,建设大厦,119.5251,39.9041,2025-03-26T0900,61,109,0.5,35,4,68,73,83,细颗粒物(PM2.5)
秦皇岛市,文明里,119.610547,39.943889,2025-03-26T0900,48,109,0.5,31,5,71,74,80,颗粒物(PM10)
秦皇岛市,北戴河轮滑馆,119.5090,39.8253,2025-03-26T0900,69,90,0.4,18,7,82,88,93,细颗粒物(PM2.5)
青岛市,仰口,120.6659,36.2403,2025-03-26T0900,30,216,0.5,8,3,99,99,133,颗粒物(PM10)
青岛市,市南区东部子站,120.4134,36.0658,2025-03-26T0900,31,195,0.5,12,8,96,87,123,颗粒物(PM10)
青岛市,四方区子站,120.3664,36.1032,2025-03-26T0900,29,188,0.7,22,6,110,98,119,颗粒物(PM10)
青岛市,市南区西部子站,120.2994,36.054,2025-03-26T0900,29,178,0.6,14,8,95,84,114,颗粒物(PM10)
青岛市,崂山区子站,120.4581,36.0858,2025-03-26T0900,27,190,0.5,9,8,110,98,120,颗粒物(PM10)
青岛市,城阳区子站,120.3999,36.3083,2025-03-26T0900,27,183,0.8,32,7,78,76,117,颗粒物(PM10)
青岛市,黄岛区4号,120.0405,35.8735,2025-03-26T0900,27,166,0.6,19,8,86,84,108,颗粒物(PM10)
青岛市,即墨2号,120.5014,36.4034,2025-03-26T0900,32,248,,13,,,84,149,颗粒物(PM10)
青岛市,市北区南部,120.3503,36.0736,2025-03-26T0900,29,204,0.6,10,7,87,80,127,颗粒物(PM10)
青岛市,李沧区北部,120.3948,36.1805,2025-03-26T0900,31,202,,16,,,94,126,颗粒物(PM10)
青岛市,珠江路669号,120.1969,35.9546,2025-03-26T0900,27,193,0.7,19,8,82,77,122,颗粒物(PM10)
清远市,环保大楼,113.0426,23.691,2025-03-26T0900,40,,0.8,41,5,35,44,,
清远市,凤城街办,113.0208,23.7106,2025-03-26T0900,28,65,0.6,43,9,44,43,58,颗粒物(PM10)
清远市,技师学院,113.0477,23.6344,2025-03-26T0900,34,76,0.7,53,10,37,36,63,颗粒物(PM10)
清远市,清新太和,112.9903,23.7403,2025-03-26T0900,33,63,0.5,38,10,58,49,57,颗粒物(PM10)
清远市,清城东城,113.076,23.7198,2025-03-26T0900,35,71,0.4,36,9,40,35,61,颗粒物(PM10)
庆阳市,庆阳五中,107.6325,35.7357,2025-03-26T0900,57,290,0.5,12,1,76,94,170,颗粒物(PM10)
庆阳市,市环保局,107.6364,35.7067,2025-03-26T0900,60,274,0.5,11,3,80,95,162,颗粒物(PM10)
曲靖市,环境监测站,103.7897,25.5035,2025-03-26T0900,26,40,0.6,18,6,100,90,40,
曲靖市,烟厂办公区,103.8,25.5364,2025-03-26T0900,30,55,0.5,16,3,107,92,53,颗粒物(PM10)
曲靖市,南苑二区,103.7947,25.462,2025-03-26T0900,30,48,0.4,14,10,100,92,48,
曲靖市,曲靖师范学院,103.7444,25.5261,2025-03-26T0900,37,51,0.3,17,8,112,91,53,细颗粒物(PM2.5)
衢州市,环保大楼,118.8692,28.9398,2025-03-26T0900,57,94,0.7,61,5,35,26,78,细颗粒物(PM2.5)
衢州市,实验学校,118.8709,28.9666,2025-03-26T0900,60,86,0.7,56,3,26,13,82,细颗粒物(PM2.5)
衢州市,衢州学院,118.8621,28.9808,2025-03-26T0900,56,83,0.5,65,4,23,8,77,细颗粒物(PM2.5)
泉州市,涂山街,118.5819,24.9117,2025-03-26T0900,48,89,0.8,46,15,44,57,70,颗粒物(PM10)
泉州市,津头埔,118.5972,24.8978,2025-03-26T0900,50,81,0.8,51,14,41,62,69,细颗粒物(PM2.5)
泉州市,万安,118.6663,24.9424,2025-03-26T0900,41,74,0.7,41,5,39,43,62,颗粒物(PM10)
泉州市,清源山,118.6117,24.9604,2025-03-26T0900,,,,,,,,,
泉州市,城华南路,118.6333,24.9264,2025-03-26T0900,40,61,0.5,41,10,48,61,57,细颗粒物(PM2.5)
日喀则市,日喀则监测站,88.8876,29.2718,2025-03-26T0900,10,25,1.1,27,1,34,54,25,
日喀则市,林业技术推广中心,88.8781,29.2426,2025-03-26T0900,7,18,0.6,11,7,42,64,18,
日照市,监测站,119.471,35.4209,2025-03-26T0900,35,127,0.7,27,8,89,84,89,颗粒物(PM10)
日照市,市政府广场,119.523,35.4216,2025-03-26T0900,24,124,0.6,17,6,80,77,87,颗粒物(PM10)
日照市,港务局,119.5587,35.4044,2025-03-26T0900,28,146,0.5,18,4,80,81,98,颗粒物(PM10)
日照市,职业技术学院,119.5328,35.4625,2025-03-26T0900,27,136,0.7,20,6,89,83,93,颗粒物(PM10)
日照市,岚山环保分局,119.3266,35.1044,2025-03-26T0900,32,122,0.7,21,8,99,97,86,颗粒物(PM10)
三门峡市,市政府,111.1922,34.7752,2025-03-26T0900,97,298,0.8,37,19,69,105,174,颗粒物(PM10)
三门峡市,开发区,111.1587,34.7942,2025-03-26T0900,90,343,0.6,25,12,88,102,197,颗粒物(PM10)
三门峡市,风景区,111.143,34.7955,2025-03-26T0900,67,247,0.7,15,15,83,93,149,颗粒物(PM10)
三门峡市,三门峡市第一小学,111.1911,34.7829,2025-03-26T0900,86,312,0.7,31,24,74,104,181,颗粒物(PM10)
三门峡市,富达温泉假日酒店,111.1,34.7167,2025-03-26T0900,138,294,0.7,31,17,68,84,183,细颗粒物(PM2.5)
三明市,三钢,117.6211,26.2625,2025-03-26T0900,72,74,1.6,41,17,45,26,97,细颗粒物(PM2.5)
三明市,三明二中,117.635,26.2714,2025-03-26T0900,62,84,3.3,62,54,28,32,84,细颗粒物(PM2.5)
三明市,三元区政府,117.6028,26.2378,2025-03-26T0900,61,82,1.0,43,20,40,24,83,细颗粒物(PM2.5)
三明市,洋溪,117.7275,26.3108,2025-03-26T0900,,,,,,,,,
三亚市,河东子站,109.5078,18.2489,2025-03-26T0900,15,38,0.6,18,4,35,50,38,
三亚市,河西子站,109.4964,18.2681,2025-03-26T0900,13,28,0.4,14,3,43,44,28,
三亚市,君悦子站,109.7348,18.3443,2025-03-26T0900,13,30,0.3,13,4,35,28,30,
山南市,山南监测站,91.7608,29.2313,2025-03-26T0900,21,32,0.4,28,6,34,79,32,
山南市,山南人民医院,91.7706,29.2436,2025-03-26T0900,26,45,0.5,19,5,49,80,45,
汕头市,金平子站,116.6794,23.3667,2025-03-26T0900,35,49,0.7,21,7,89,85,50,
汕头市,龙湖子站,116.7244,23.3633,2025-03-26T0900,20,28,0.5,12,4,92,91,29,
汕头市,濠江子站,116.7258,23.2775,2025-03-26T0900,36,58,0.9,17,4,96,86,54,颗粒物(PM10)
汕头市,澄海子站,116.7519,23.4714,2025-03-26T0900,48,67,0.9,27,7,78,68,67,细颗粒物(PM2.5)
汕头市,潮阳子站,116.6092,23.2539,2025-03-26T0900,33,52,0.3,13,6,95,102,51,颗粒物(PM10)
汕头市,潮南峡山,116.454,23.2684,2025-03-26T0900,44,74,0.7,13,9,75,97,62,"颗粒物(PM10),细颗粒物(PM2.5)"
汕头市,潮南子站,116.4069,23.2533,2025-03-26T0900,48,74,0.7,22,9,74,86,67,细颗粒物(PM2.5)
汕尾市,市环保局,115.3653,22.775,2025-03-26T0900,37,,0.8,8,6,91,86,53,细颗粒物(PM2.5)
汕尾市,市政府,115.3706,22.7898,2025-03-26T0900,22,,0.6,12,4,85,76,32,
汕尾市,新城中学,115.3622,22.7925,2025-03-26T0900,21,46,0.6,7,8,91,75,46,
商洛市,监测站,109.9154,33.8715,2025-03-26T0900,26,56,0.5,24,8,46,47,53,颗粒物(PM10)
商洛市,商州区中学,109.9643,33.8471,2025-03-26T0900,28,81,0.9,38,12,34,19,66,颗粒物(PM10)
商丘市,环境监测站,115.6702,34.4285,2025-03-26T0900,50,96,0.5,11,9,103,82,73,颗粒物(PM10)
商丘市,粮食局,115.6458,34.4045,2025-03-26T0900,47,79,0.4,18,5,86,80,65,"颗粒物(PM10),细颗粒物(PM2.5)"
商丘市,睢阳区环保局,115.6293,34.3948,2025-03-26T0900,47,84,0.4,16,5,91,90,67,颗粒物(PM10)
商丘市,梁园区档案局,115.6071,34.4465,2025-03-26T0900,44,80,0.6,17,5,105,92,65,颗粒物(PM10)
上海市,普陀,121.4,31.238,2025-03-26T0900,70,100,0.8,62,12,97,96,94,细颗粒物(PM2.5)
上海市,十五厂,121.478,31.2036,2025-03-26T0900,72,99,1.1,55,13,82,84,97,细颗粒物(PM2.5)
上海市,虹口,121.467,31.3008,2025-03-26T0900,65,86,0.8,59,14,112,95,88,细颗粒物(PM2.5)
上海市,静安监测站,121.425,31.2261,2025-03-26T0900,64,105,0.6,63,12,91,93,87,细颗粒物(PM2.5)
上海市,浦东川沙,121.703,31.1907,2025-03-26T0900,64,119,0.8,66,10,75,25,87,细颗粒物(PM2.5)
上海市,浦东新区监测站,121.533,31.2284,2025-03-26T0900,75,98,1.0,72,10,81,82,100,细颗粒物(PM2.5)
上海市,浦东张江,121.577,31.2071,2025-03-26T0900,80,180,1.1,57,8,92,62,115,颗粒物(PM10)
上海市,宝山庙行,121.4316,31.3322,2025-03-26T0900,62,94,0.8,53,12,115,107,84,细颗粒物(PM2.5)
上海市,崇明上实东滩,121.8791,31.4662,2025-03-26T0900,30,47,0.5,46,6,62,49,47,
上海市,嘉定南翔,121.3162,31.2838,2025-03-26T0900,66,98,0.9,77,12,81,58,89,细颗粒物(PM2.5)
上海市,金山新城,121.3359,30.7456,2025-03-26T0900,65,75,0.9,46,8,87,62,88,细颗粒物(PM2.5)
上海市,闵行浦江,121.4996,31.0739,2025-03-26T0900,66,89,1.1,51,8,84,75,89,细颗粒物(PM2.5)
上海市,青浦徐泾,121.2886,31.1663,2025-03-26T0900,68,96,0.8,64,10,87,61,92,细颗粒物(PM2.5)
上海市,松江图书馆,121.2186,31.0378,2025-03-26T0900,74,92,1.0,73,11,72,50,99,细颗粒物(PM2.5)
上海市,长宁仙霞,121.3902,31.2059,2025-03-26T0900,68,,1.0,64,14,98,98,,
上海市,浦东惠南,121.7965,31.0507,2025-03-26T0900,48,73,1.1,62,8,50,35,67,细颗粒物(PM2.5)
上海市,奉贤南桥新城,121.4891,30.925,2025-03-26T0900,64,64,1.0,49,9,87,66,87,细颗粒物(PM2.5)
上海市,冠生园路458号,121.4174,31.16637,2025-03-26T0900,77,98,1.0,66,13,64,58,103,细颗粒物(PM2.5)
上海市,宁武路151号,121.5419,31.2683,2025-03-26T0900,74,128,1.0,111,10,43,66,99,细颗粒物(PM2.5)
上饶市,百草园,118.005,28.4572,2025-03-26T0900,,,,,,,,,
上饶市,市监测站,117.9756,28.4436,2025-03-26T0900,52,94,1.0,50,57,44,47,72,"颗粒物(PM10),细颗粒物(PM2.5)"
上饶市,凤凰光学,117.9519,28.4628,2025-03-26T0900,34,65,1.2,51,34,43,40,58,颗粒物(PM10)
上饶市,双创科技城,117.897,28.4315,2025-03-26T0900,40,67,0.9,42,21,61,61,59,颗粒物(PM10)
上饶市,裕丰大道,118.1904,28.4448,2025-03-26T0900,59,104,0.9,40,80,58,59,80,细颗粒物(PM2.5)
韶关市,市八中,113.5824,24.7733,2025-03-26T0900,39,73,0.7,31,20,76,125,62,颗粒物(PM10)
韶关市,园林处,113.5917,24.7972,2025-03-26T0900,35,51,0.7,29,16,75,113,51,颗粒物(PM10)
韶关市,韶关学院,113.6735,24.7791,2025-03-26T0900,44,64,0.6,18,20,105,144,62,细颗粒物(PM2.5)
韶关市,曲江监测站,113.5971,24.6863,2025-03-26T0900,33,65,0.7,28,16,88,139,58,颗粒物(PM10)
韶关市,碧湖山庄,113.5556,24.8082,2025-03-26T0900,40,71,0.8,35,20,68,112,61,颗粒物(PM10)
邵阳市,市水土所,111.5239,27.3033,2025-03-26T0900,,,,,,,,,
邵阳市,市化工厂,111.5283,27.2442,2025-03-26T0900,82,120,1.2,50,11,32,17,109,细颗粒物(PM2.5)
邵阳市,市环保局,111.4328,27.2272,2025-03-26T0900,91,111,1.6,43,9,18,12,120,细颗粒物(PM2.5)
邵阳市,北塔二期4-26地块,111.4460,27.2472,2025-03-26T0900,80,,1.2,44,10,16,27,107,细颗粒物(PM2.5)
邵阳市,邵水西路287号,111.4739,27.2282,2025-03-26T0900,68,108,1.2,39,11,44,24,92,细颗粒物(PM2.5)
绍兴市,城东开发委,120.6053,29.9928,2025-03-26T0900,40,70,0.6,37,8,71,73,60,颗粒物(PM10)
绍兴市,树下王站,120.5483,30.0003,2025-03-26T0900,45,76,1.0,40,9,73,47,63,"颗粒物(PM10),细颗粒物(PM2.5)"
绍兴市,绍兴中专,120.5683,29.9361,2025-03-26T0900,46,76,0.8,50,8,53,30,64,细颗粒物(PM2.5)
绍兴市,柯桥区政府,120.4906,30.0861,2025-03-26T0900,47,97,0.8,54,10,60,52,74,颗粒物(PM10)
绍兴市,重华小学,120.8752,30.0249,2025-03-26T0900,47,69,0.6,39,9,76,80,65,细颗粒物(PM2.5)
绍兴市,上虞中学,120.8369,30.0137,2025-03-26T0900,47,63,0.6,36,10,86,78,65,细颗粒物(PM2.5)
绍兴市,柯桥妇保,120.4722,30.0415,2025-03-26T0900,55,104,0.5,57,7,54,53,77,颗粒物(PM10)
绍兴市,袍江中学,120.6153,30.0764,2025-03-26T0900,49,79,0.7,44,5,68,66,68,细颗粒物(PM2.5)
深圳市,通心岭子站,114.1063,22.5545,2025-03-26T0900,22,42,0.6,39,6,44,27,42,
深圳市,洪湖,114.117,22.5625,2025-03-26T0900,25,50,0.5,44,6,37,41,50,
深圳市,华侨城,113.987,22.5417,2025-03-26T0900,16,30,0.4,27,7,58,71,30,
深圳市,南海子站,113.9181,22.5171,2025-03-26T0900,20,46,0.6,28,6,58,76,46,
深圳市,盐田,114.2458,22.5689,2025-03-26T0900,35,62,0.6,86,10,8,10,56,颗粒物(PM10)
深圳市,龙岗,114.2283,22.7244,2025-03-26T0900,47,77,0.8,43,7,41,22,65,细颗粒物(PM2.5)
深圳市,南澳,114.494,22.5422,2025-03-26T0900,14,26,0.5,13,6,78,61,26,
深圳市,葵涌,114.41,22.6342,2025-03-26T0900,25,50,0.7,37,6,39,14,50,
深圳市,梅沙,114.297,22.5978,2025-03-26T0900,16,41,0.5,12,8,83,60,41,
深圳市,观澜,114.0678,22.738,2025-03-26T0900,28,68,0.7,42,6,41,58,59,颗粒物(PM10)
深圳市,莲花,114.0731,22.559,2025-03-26T0900,31,45,0.6,38,6,42,52,45,
深圳市,民治,114.0261,22.6198,2025-03-26T0900,19,31,0.6,18,7,67,74,31,
深圳市,横岗,114.1871,22.6451,2025-03-26T0900,33,63,0.6,55,7,26,4,57,颗粒物(PM10)
深圳市,坪山,114.3551,22.7151,2025-03-26T0900,18,33,0.5,12,6,80,67,33,
深圳市,西乡,113.8953,22.5861,2025-03-26T0900,14,37,0.6,19,7,70,76,37,
沈阳市,森林路,123.6836,41.9339,2025-03-26T0900,,,,,,,,,
沈阳市,浑南东路,123.505,41.7406,2025-03-26T0900,113,137,1.7,37,26,44,56,148,细颗粒物(PM2.5)
沈阳市,新秀街,123.4231,41.6989,2025-03-26T0900,111,142,1.7,53,18,39,56,145,细颗粒物(PM2.5)
沈阳市,东陵路,123.5903,41.8411,2025-03-26T0900,108,,1.6,43,16,53,53,142,细颗粒物(PM2.5)
沈阳市,陵东街,123.4264,41.8467,2025-03-26T0900,102,130,1.6,48,15,48,57,134,细颗粒物(PM2.5)
沈阳市,文化路,123.4114,41.7653,2025-03-26T0900,112,140,1.4,37,15,51,69,147,细颗粒物(PM2.5)
沈阳市,小河沿,123.4678,41.7867,2025-03-26T0900,97,123,1.5,41,13,56,68,128,细颗粒物(PM2.5)
沈阳市,太原街,123.4017,41.7972,2025-03-26T0900,136,,1.4,47,13,47,70,180,细颗粒物(PM2.5)
沈阳市,京沈街,123.3783,41.9228,2025-03-26T0900,127,,1.3,42,16,47,58,168,细颗粒物(PM2.5)
沈阳市,沈辽西路,123.2444,41.7347,2025-03-26T0900,137,163,1.4,41,16,48,67,182,细颗粒物(PM2.5)
沈阳市,裕农路,123.5953,41.9086,2025-03-26T0900,95,118,1.4,,9,,60,125,细颗粒物(PM2.5)
十堰市,武当山,111.0419,32.395,2025-03-26T0900,15,34,0.5,10,9,95,110,34,
十堰市,滨河新村,110.78,32.6494,2025-03-26T0900,53,68,0.8,27,9,46,39,73,细颗粒物(PM2.5)
十堰市,刘家沟,110.7258,32.6389,2025-03-26T0900,60,91,0.9,25,25,47,46,82,细颗粒物(PM2.5)
十堰市,铁二处,110.8839,32.5714,2025-03-26T0900,34,61,1.2,52,12,24,51,56,颗粒物(PM10)
十堰市,郧阳区金沙路,110.8054,32.8401,2025-03-26T0900,34,34,0.5,9,5,68,76,49,
石河子市,艾青诗歌馆,86.0497,44.2967,2025-03-26T0900,11,16,0.2,5,4,66,70,21,
石河子市,南区管委会,86.047,44.2331,2025-03-26T0900,9,16,0.3,9,8,71,72,23,
石河子市,世纪广场,86.0791,44.3017,2025-03-26T0900,9,104,0.3,2,7,68,72,77,颗粒物(PM10)
石家庄市,职工医院,114.4422,38.0444,2025-03-26T0900,37,114,0.4,17,2,79,60,82,颗粒物(PM10)
石家庄市,高新区,114.6063,38.0266,2025-03-26T0900,39,118,0.4,17,3,80,65,84,颗粒物(PM10)
石家庄市,西北水源,114.4898,38.1328,2025-03-26T0900,31,126,0.3,16,2,73,50,88,颗粒物(PM10)
石家庄市,西南高教,114.4586,38.0058,2025-03-26T0900,29,136,0.3,6,3,81,64,93,颗粒物(PM10)
石家庄市,世纪公园,114.5331,38.0178,2025-03-26T0900,37,104,0.3,10,7,69,57,77,颗粒物(PM10)
石家庄市,人民会堂,114.509,38.0457,2025-03-26T0900,33,124,0.4,14,1,78,65,87,颗粒物(PM10)
石家庄市,封龙山,114.3524,37.8911,2025-03-26T0900,24,152,0.6,17,16,64,64,101,颗粒物(PM10)
石家庄市,22中南校区,114.5481,38.0378,2025-03-26T0900,33,112,0.3,15,1,77,63,81,颗粒物(PM10)
石家庄市,鹿泉一中,114.289,38.0906,2025-03-26T0900,36,150,0.4,19,3,81,56,100,颗粒物(PM10)
石家庄市,藁城区实验学校,114.8506765,38.0322033,2025-03-26T0900,31,120,0.3,13,7,76,62,85,颗粒物(PM10)
石家庄市,井陉矿区区委大楼,114.0504658,38.0591645,2025-03-26T0900,25,148,0.4,35,5,57,45,99,颗粒物(PM10)
石家庄市,栾城区星河路,114.6549,37.9020,2025-03-26T0900,27,118,0.3,7,4,85,65,84,颗粒物(PM10)
石嘴山市,沙湖旅游区,106.3394,38.817,2025-03-26T0900,,,,,,,,,
石嘴山市,大武口朝阳西街,106.3668,39.0145,2025-03-26T0900,107,300,0.5,7,7,106,110,175,颗粒物(PM10)
石嘴山市,惠农南大街,106.7704,39.2282,2025-03-26T0900,264,998,0.3,12,10,91,90,500,颗粒物(PM10)
石嘴山市,红果子镇惠新街,106.7099,39.1325,2025-03-26T0900,131,469,0.7,6,5,101,102,362,颗粒物(PM10)
石嘴山市,妇女儿童医院,106.3495,38.9836,2025-03-26T0900,64,258,0.2,6,2,98,100,154,颗粒物(PM10)
石嘴山市,石大公路,106.7492,39.2069,2025-03-26T0900,217,657,0,4,2,101,104,500,颗粒物(PM10)
双鸭山市,双合村,131.1511,46.6937,2025-03-26T0900,17,28,0.3,9,10,81,64,28,
双鸭山市,南小市,131.1652,46.6191,2025-03-26T0900,16,36,0.3,9,13,76,50,36,
双鸭山市,环保局,131.1524,46.6554,2025-03-26T0900,15,38,0.3,9,9,77,52,38,
双鸭山市,苗圃,131.12,46.5656,2025-03-26T0900,,,,,,,,,
朔州市,平朔,112.4397,39.3522,2025-03-26T0900,60,308,1.0,57,23,13,8,179,颗粒物(PM10)
朔州市,朔唯,112.4575,39.3617,2025-03-26T0900,81,316,0.8,,72,12,14,183,颗粒物(PM10)
朔州市,区政府,112.4258,39.3197,2025-03-26T0900,54,222,1.1,49,10,30,15,136,颗粒物(PM10)
朔州市,市环保局,112.4072,39.3278,2025-03-26T0900,67,255,0.9,49,18,32,21,153,颗粒物(PM10)
朔州市,市二中,112.4272,39.3681,2025-03-26T0900,71,299,0.8,62,27,11,4,175,颗粒物(PM10)
朔州市,一水厂,112.2931,39.53,2025-03-26T0900,49,289,0.7,45,7,37,24,170,颗粒物(PM10)
四平市,一商场,124.4002,43.1713,2025-03-26T0900,97,130,0.8,35,6,47,50,128,细颗粒物(PM2.5)
四平市,境园,124.388,43.193,2025-03-26T0900,105,,0.9,44,,,31,138,细颗粒物(PM2.5)
四平市,植物园,124.4036,43.1411,2025-03-26T0900,91,120,0.7,36,10,48,45,120,细颗粒物(PM2.5)
四平市,世纪城,124.3419,43.1666,2025-03-26T0900,109,120,0.9,38,4,46,38,143,细颗粒物(PM2.5)
松原市,江南,124.8006,45.1214,2025-03-26T0900,65,90,0.6,28,7,43,29,88,细颗粒物(PM2.5)
松原市,江北,124.7965,45.1722,2025-03-26T0900,68,92,0.6,32,6,51,32,92,细颗粒物(PM2.5)
苏州市,上方山,120.561,31.2472,2025-03-26T0900,,,,,,,,,
苏州市,彩香,120.591,31.3019,2025-03-26T0900,80,121,1.1,66,10,62,70,107,细颗粒物(PM2.5)
苏州市,轧钢厂,120.596,31.3264,2025-03-26T0900,71,120,1.1,68,11,71,69,95,细颗粒物(PM2.5)
苏州市,吴中区,120.613,31.2703,2025-03-26T0900,78,123,0.8,90,16,46,62,104,细颗粒物(PM2.5)
苏州市,苏州新区,120.543,31.2994,2025-03-26T0900,69,105,0.9,64,12,84,45,93,细颗粒物(PM2.5)
苏州市,苏州工业园区,120.669,31.3097,2025-03-26T0900,71,136,1.0,62,12,72,68,95,细颗粒物(PM2.5)
苏州市,相城区,120.641,31.3708,2025-03-26T0900,59,105,0.8,70,16,77,60,80,细颗粒物(PM2.5)
苏州市,方洲路,120.743,31.3188,2025-03-26T0900,71,97,0.9,64,12,70,62,95,细颗粒物(PM2.5)
苏州市,木渎中学,120.5031,31.2774,2025-03-26T0900,71,99,0.8,52,14,98,73,95,细颗粒物(PM2.5)
苏州市,越秀幼儿园,120.624,31.1733,2025-03-26T0900,63,105,1.0,67,12,81,63,85,细颗粒物(PM2.5)
苏州市,高铁新城,120.6505,31.416,2025-03-26T0900,72,118,0.9,80,15,68,73,97,细颗粒物(PM2.5)
宿迁市,宿迁学院,118.293,33.9528,2025-03-26T0900,74,184,1.1,35,8,78,83,117,颗粒物(PM10)
宿迁市,宿迁中学,118.2442,33.9592,2025-03-26T0900,65,163,0.8,26,13,86,86,107,颗粒物(PM10)
宿迁市,市供电局,118.283,33.965,2025-03-26T0900,62,144,1.0,34,12,83,91,97,颗粒物(PM10)
宿迁市,宿豫区政府,118.3225,33.9447,2025-03-26T0900,80,218,0.9,31,10,72,83,134,颗粒物(PM10)
宿州市,远航博物馆,116.9509,33.666,2025-03-26T0900,60,103,0.3,16,8,122,61,82,细颗粒物(PM2.5)
宿州市,社会福利中心,116.9708,33.591,2025-03-26T0900,51,103,0.5,29,10,77,57,77,颗粒物(PM10)
宿州市,宿州学院,116.9884,33.6305,2025-03-26T0900,56,101,0.6,21,9,96,64,77,细颗粒物(PM2.5)
宿州市,皖北煤电集团,116.9648,33.6252,2025-03-26T0900,56,103,0.8,25,9,79,62,77,"颗粒物(PM10),细颗粒物(PM2.5)"
绥化市,人和东街,126.9785,46.6365,2025-03-26T0900,11,24,0.6,11,4,64,36,24,
绥化市,党政办公中心,126.964,46.6528,2025-03-26T0900,12,27,0.5,9,4,67,47,27,
随州市,市委党校,113.3583,31.7275,2025-03-26T0900,58,95,1.1,31,15,92,91,79,细颗粒物(PM2.5)
随州市,市林业局,113.3833,31.6908,2025-03-26T0900,58,82,0.9,29,15,84,96,79,细颗粒物(PM2.5)
随州市,市立交桥水厂,113.3983,31.7308,2025-03-26T0900,63,92,1.1,34,20,80,78,85,细颗粒物(PM2.5)
遂宁市,石溪浩,105.5453,30.5678,2025-03-26T0900,49,77,0.7,45,5,30,29,68,细颗粒物(PM2.5)
遂宁市,市监测站,105.5582,30.5232,2025-03-26T0900,39,80,0.6,48,7,51,38,65,颗粒物(PM10)
遂宁市,行政中心,105.5861,30.5366,2025-03-26T0900,34,90,0.6,30,8,59,53,70,颗粒物(PM10)
遂宁市,美宁食品公司,105.5918,30.4728,2025-03-26T0900,53,107,0.7,52,11,34,25,79,颗粒物(PM10)
塔城地区,东门外小游园,82.9994,46.7432,2025-03-26T0900,6,30,0.1,3,5,44,60,30,
台州市,黄岩环保大楼,121.273,28.6459,2025-03-26T0900,75,121,0.9,53,8,28,23,100,细颗粒物(PM2.5)
台州市,台州环保大楼,121.419,28.6542,2025-03-26T0900,54,89,0.7,31,7,54,54,74,细颗粒物(PM2.5)
台州市,路桥田洋王,121.377,28.5773,2025-03-26T0900,60,94,0.8,40,6,43,50,82,细颗粒物(PM2.5)
台州市,台州科技职业学院,121.2568,28.6681,2025-03-26T0900,58,98,0.6,47,5,42,32,79,细颗粒物(PM2.5)
太原市,尖草坪,112.522,37.8873,2025-03-26T0900,62,233,1.1,38,21,62,57,142,颗粒物(PM10)
太原市,上兰,112.434,38.0108,2025-03-26T0900,58,216,0.5,29,8,62,49,133,颗粒物(PM10)
太原市,晋源,112.469,37.7124,2025-03-26T0900,57,261,0.6,24,12,82,68,156,颗粒物(PM10)
太原市,小店,112.5583,37.7394,2025-03-26T0900,53,243,0.8,28,10,77,69,147,颗粒物(PM10)
太原市,桃园,112.5369,37.8692,2025-03-26T0900,50,236,0.7,25,10,72,56,143,颗粒物(PM10)
太原市,坞城,112.57,37.8195,2025-03-26T0900,52,217,0.8,23,10,76,59,134,颗粒物(PM10)
太原市,南寨,112.549,37.9854,2025-03-26T0900,45,195,0.6,23,10,70,67,123,颗粒物(PM10)
太原市,金胜,112.4719,37.7831,2025-03-26T0900,60,295,0.5,21,12,80,69,173,颗粒物(PM10)
太原市,育英中学,112.5608,37.8807,2025-03-26T0900,47,218,0.6,24,11,72,63,134,颗粒物(PM10)
泰安市,监测站,117.1437,36.1937,2025-03-26T0900,24,129,0.8,26,18,92,82,90,颗粒物(PM10)
泰安市,人口学校,117.0885,36.2017,2025-03-26T0900,37,129,0.6,22,14,94,103,90,颗粒物(PM10)
泰安市,电力学校,117.1089,36.1758,2025-03-26T0900,34,136,0.6,20,14,,76,,
泰安市,国网新校,117.1812,36.2275,2025-03-26T0900,22,129,0.8,21,16,100,88,90,颗粒物(PM10)
泰安市,交通技校,117.0313,36.2018,2025-03-26T0900,42,115,0.6,20,12,107,106,83,颗粒物(PM10)
泰安市,山东第一医科大学,117.0829,36.13,2025-03-26T0900,31,134,0.6,25,16,81,93,92,颗粒物(PM10)
泰州市,公园路,119.905,32.4878,2025-03-26T0900,56,95,1.5,60,14,76,47,77,细颗粒物(PM2.5)
泰州市,莲花,119.9189,32.4625,2025-03-26T0900,63,120,1.5,70,18,69,48,85,"颗粒物(PM10),细颗粒物(PM2.5)"
泰州市,留学生创业园,119.888,32.4639,2025-03-26T0900,65,112,1.4,66,17,78,48,88,细颗粒物(PM2.5)
泰州市,王营,119.8767,32.3289,2025-03-26T0900,61,117,1.2,85,18,59,20,84,颗粒物(PM10)
泰州市,姜堰区政府广场,120.1259,32.5099,2025-03-26T0900,85,128,1.0,54,21,93,69,113,细颗粒物(PM2.5)
泰州市,周山河街区,119.9192,32.4322,2025-03-26T0900,84,142,1.3,71,18,54,37,112,细颗粒物(PM2.5)
唐山市,物资局,118.1725,39.6334,2025-03-26T0900,57,130,0.8,16,11,78,78,90,颗粒物(PM10)
唐山市,十二中,118.1705,39.6506,2025-03-26T0900,51,128,0.8,16,6,75,76,89,颗粒物(PM10)
唐山市,小山,118.1869,39.622,2025-03-26T0900,59,114,0.8,13,8,80,79,82,颗粒物(PM10)
唐山市,冀东油田职工医院,118.4359,39.2762,2025-03-26T0900,56,110,0.6,25,5,70,77,80,颗粒物(PM10)
唐山市,正泰大街热力站,118.09279,39.58089,2025-03-26T0900,57,116,1.1,16,12,68,72,83,颗粒物(PM10)
唐山市,丰润区政府,118.1562,39.8322,2025-03-26T0900,49,102,0.9,21,15,70,69,76,颗粒物(PM10)
唐山市,金山小学,118.43673,39.73809,2025-03-26T0900,58,126,1.2,14,7,74,73,88,颗粒物(PM10)
唐山市,政府服务中心,118.24498,39.66941,2025-03-26T0900,43,112,0.8,18,6,74,71,81,颗粒物(PM10)
唐山市,消防缸窑路中队,118.2059,39.6585,2025-03-26T0900,45,126,0.8,19,10,90,86,88,颗粒物(PM10)
唐山市,路南电大,118.1436,39.6202,2025-03-26T0900,64,124,0.8,12,9,72,73,87,"颗粒物(PM10),细颗粒物(PM2.5)"
唐山市,友谊北路34号,118.1309,39.6360,2025-03-26T0900,62,128,0.8,19,7,79,81,89,颗粒物(PM10)
天津市,勤俭道,117.1444,39.1661,2025-03-26T0900,62,125,0.8,,8,71,77,,
天津市,前进道,117.202,39.0927,2025-03-26T0900,62,132,1.0,26,8,69,80,91,颗粒物(PM10)
天津市,淮河道,117.1837,39.2133,2025-03-26T0900,56,119,0.8,20,8,77,82,85,颗粒物(PM10)
天津市,跃进路,117.3083,39.0884,2025-03-26T0900,75,133,1.0,31,9,64,72,100,细颗粒物(PM2.5)
天津市,第四大街,117.707,39.0343,2025-03-26T0900,52,117,0.7,32,8,61,81,84,颗粒物(PM10)
天津市,永明路,117.457,38.8394,2025-03-26T0900,48,134,0.5,24,40,67,85,92,颗粒物(PM10)
天津市,汉北路,117.764,39.1587,2025-03-26T0900,61,120,0.8,30,9,64,89,85,颗粒物(PM10)
天津市,团泊洼,117.157,38.9194,2025-03-26T0900,,,,,,,,,
天津市,河西一经路,117.7918,39.2474,2025-03-26T0900,70,123,0.6,22,7,81,89,94,细颗粒物(PM2.5)
天津市,津沽路,117.3747,38.9846,2025-03-26T0900,63,156,0.8,31,5,53,76,103,颗粒物(PM10)
天津市,宾水西道,117.1589,39.0845,2025-03-26T0900,59,129,0.7,22,6,76,89,90,颗粒物(PM10)
天津市,大理道,117.1941,39.1067,2025-03-26T0900,58,112,0.8,25,6,71,80,81,颗粒物(PM10)
天津市,中山北路,117.2101,39.1699,2025-03-26T0900,61,124,0.7,31,7,63,70,87,颗粒物(PM10)
天津市,西四道,117.3876,39.1488,2025-03-26T0900,66,124,1.0,24,10,70,81,89,细颗粒物(PM2.5)
天津市,雍阳西道,117.0365,39.3828,2025-03-26T0900,56,117,0.3,19,6,74,78,84,颗粒物(PM10)
天津市,辛老路,117.0296,39.0605,2025-03-26T0900,58,148,0.8,29,8,64,84,99,颗粒物(PM10)
天津市,地纬路,116.9638,38.9375,2025-03-26T0900,55,132,0.6,29,10,64,86,91,颗粒物(PM10)
天津市,北环路,117.4067,40.0583,2025-03-26T0900,43,112,0.9,22,9,58,70,81,颗粒物(PM10)
天津市,建设路,117.3045,39.7169,2025-03-26T0900,62,116,1.1,27,12,68,76,84,细颗粒物(PM2.5)
天津市,滨水东路,117.8199,39.3521,2025-03-26T0900,58,116,0.8,25,10,74,79,83,颗粒物(PM10)
天津市,光华路,117.2437,39.1029,2025-03-26T0900,70,122,1.1,22,8,73,84,94,细颗粒物(PM2.5)
天水市,麦积山,106.0055,34.343,2025-03-26T0900,,,,,,,,,
天水市,公园小学,105.7205,34.5786,2025-03-26T0900,93,,0.4,22,9,77,126,,
天水市,麦积国土局,105.8945,34.5538,2025-03-26T0900,44,98,0.8,29,10,76,103,74,颗粒物(PM10)
铁岭市,汇工街西,123.8139,42.3022,2025-03-26T0900,134,,0.9,37,6,56,38,178,细颗粒物(PM2.5)
铁岭市,水上乐园,123.8649,42.2923,2025-03-26T0900,129,142,1.2,35,5,55,42,170,细颗粒物(PM2.5)
铁岭市,银州路东段,123.8486,42.2867,2025-03-26T0900,133,140,0.7,34,7,62,41,176,细颗粒物(PM2.5)
铁岭市,金沙江路北,123.7153,42.2217,2025-03-26T0900,150,,1.1,48,6,45,44,200,细颗粒物(PM2.5)
通化市,光明,125.9358,41.7173,2025-03-26T0900,88,129,1.2,51,13,30,54,117,细颗粒物(PM2.5)
通化市,铁路,125.9446,41.7325,2025-03-26T0900,83,95,0.9,50,19,36,51,110,细颗粒物(PM2.5)
通辽市,艺术职业学校,122.2532,43.6801,2025-03-26T0900,104,148,0.6,21,12,62,74,137,细颗粒物(PM2.5)
通辽市,老干部活动中心,122.2584,43.6333,2025-03-26T0900,116,119,0.8,25,,59,74,152,细颗粒物(PM2.5)
通辽市,东方明珠社区,122.2922,43.6189,2025-03-26T0900,140,160,0.6,20,3,61,69,186,细颗粒物(PM2.5)
铜川市,党校,109.0656,35.0994,2025-03-26T0900,,,,,,,,,
铜川市,王益区政府,109.0697,35.0697,2025-03-26T0900,33,98,0.8,28,6,60,34,74,颗粒物(PM10)
铜川市,新区管委会,108.9344,34.9058,2025-03-26T0900,94,540,0.6,16,6,70,83,440,颗粒物(PM10)
铜川市,大唐三路,108.9497,34.8705,2025-03-26T0900,86,781,0.2,9,5,76,89,500,颗粒物(PM10)
铜陵市,市第四中学,117.8177,30.9412,2025-03-26T0900,70,87,2.7,79,49,35,26,94,细颗粒物(PM2.5)
铜陵市,市公路局,117.8059,30.9273,2025-03-26T0900,100,174,4.7,72,37,34,22,132,细颗粒物(PM2.5)
铜陵市,市新民污水厂,117.7807,30.9413,2025-03-26T0900,49,79,1.7,83,18,,12,,
铜陵市,市第九中学,117.7439,30.8792,2025-03-26T0900,61,140,1.8,96,11,8,5,95,颗粒物(PM10)
铜陵市,车站新区,117.846,30.9413,2025-03-26T0900,61,106,2.6,77,44,43,74,83,细颗粒物(PM2.5)
铜陵市,市职教基地,117.8483,30.97,2025-03-26T0900,51,87,1.7,62,24,44,39,70,细颗粒物(PM2.5)
铜仁市,铜仁卫校,109.1839,27.7344,2025-03-26T0900,44,65,0.7,29,3,11,18,62,细颗粒物(PM2.5)
铜仁市,铜仁七中,109.1753,27.6944,2025-03-26T0900,38,42,0.5,22,8,25,44,54,细颗粒物(PM2.5)
吐鲁番市,市环保局,89.1904,42.9418,2025-03-26T0900,385,2243,1.2,2,1,83,79,500,颗粒物(PM10)
吐鲁番市,地区环保局,89.1673,42.9559,2025-03-26T0900,420,2025,0.4,2,3,78,78,500,颗粒物(PM10)
威海市,华夏技校,122.1214,37.4236,2025-03-26T0900,42,268,0.5,24,4,74,78,159,颗粒物(PM10)
威海市,山大分校,122.0508,37.5236,2025-03-26T0900,49,171,0.4,22,6,81,96,111,颗粒物(PM10)
威海市,市监测站,122.1067,37.5072,2025-03-26T0900,46,288,0.6,21,1,72,86,169,颗粒物(PM10)
威海市,文登开发区,122.0693,37.2174,2025-03-26T0900,44,321,0.6,26,4,73,84,186,颗粒物(PM10)
威海市,临港区管委会,122.1379,37.3414,2025-03-26T0900,41,300,0.5,17,7,76,85,175,颗粒物(PM10)
潍坊市,环保局,119.1437,36.7023,2025-03-26T0900,23,215,0.6,24,12,80,73,133,颗粒物(PM10)
潍坊市,坊子邮政,119.1641,36.6523,2025-03-26T0900,31,193,0.7,29,10,76,69,122,颗粒物(PM10)
潍坊市,潍坊七中,119.0587,36.721,2025-03-26T0900,24,185,0.6,20,8,75,73,118,颗粒物(PM10)
潍坊市,高新实验学校,119.1977,36.6872,2025-03-26T0900,34,219,0.7,23,2,81,71,135,颗粒物(PM10)
潍坊市,潍坊学院,119.1755,36.7149,2025-03-26T0900,26,227,0.9,24,7,80,72,139,颗粒物(PM10)
潍坊市,寒亭区实验一小,119.2041,36.7699,2025-03-26T0900,31,229,0.4,21,12,76,66,140,颗粒物(PM10)
渭南市,农科所,109.5293,34.5101,2025-03-26T0900,,,,,,,,,
渭南市,体育馆,109.4636,34.493,2025-03-26T0900,54,207,0.7,50,9,41,18,129,颗粒物(PM10)
渭南市,高新一小,109.4259,34.5023,2025-03-26T0900,63,160,0.5,50,9,42,16,105,颗粒物(PM10)
渭南市,渭花路4号,109.5051,34.4921,2025-03-26T0900,55,197,0.6,47,10,42,22,124,颗粒物(PM10)
温州市,瓯海,120.634,28.0089,2025-03-26T0900,61,89,0.7,52,9,34,24,83,细颗粒物(PM2.5)
温州市,南浦,120.6748,27.9939,2025-03-26T0900,62,100,0.7,39,7,62,57,84,细颗粒物(PM2.5)
温州市,龙湾,120.76,27.9747,2025-03-26T0900,36,80,0.6,52,7,64,25,65,颗粒物(PM10)
温州市,市站,120.6709,28.0167,2025-03-26T0900,69,103,0.8,50,5,44,23,93,细颗粒物(PM2.5)
温州市,茶山,120.6985,27.9251,2025-03-26T0900,59,97,0.6,55,7,37,17,80,细颗粒物(PM2.5)
文山壮族苗族自治州,州水务局,104.2533,23.3594,2025-03-26T0900,46,57,0.7,20,9,82,90,64,细颗粒物(PM2.5)
文山壮族苗族自治州,市便民服务中心,104.2319,23.3892,2025-03-26T0900,36,41,0.8,18,10,,76,,
乌海市,市林业局,106.8174,39.6973,2025-03-26T0900,319,1595,0.1,5,8,107,106,500,颗粒物(PM10)
乌海市,中海勃湾学校,106.7907,39.6667,2025-03-26T0900,333,1581,0.5,4,8,108,107,500,颗粒物(PM10)
乌海市,海北新区,106.813,39.7274,2025-03-26T0900,401,2041,0.4,4,10,108,106,500,颗粒物(PM10)
乌海市,聚英学校,106.8288,39.6778,2025-03-26T0900,364,2046,0.4,5,11,103,103,500,颗粒物(PM10)
乌兰察布市,集宁新区,113.1306,40.9923,2025-03-26T0900,94,420,0.2,4,5,88,76,300,颗粒物(PM10)
乌兰察布市,光明街小学,113.1076,41.0385,2025-03-26T0900,,,0.3,7,10,87,86,,
乌兰察布市,北京八中,113.1376,40.9509,2025-03-26T0900,128,426,0.3,7,12,91,58,308,颗粒物(PM10)
乌兰察布市,市委党校,113.1775,40.9779,2025-03-26T0900,80,467,,4,9,92,46,359,颗粒物(PM10)
乌鲁木齐市,监测站,87.5801,43.8303,2025-03-26T0900,16,69,0.4,14,2,64,71,60,颗粒物(PM10)
乌鲁木齐市,收费所,87.6046,43.768,2025-03-26T0900,12,74,0.3,7,1,56,68,62,颗粒物(PM10)
乌鲁木齐市,新疆农科院农场,87.4754,43.9469,2025-03-26T0900,16,98,0.4,12,7,63,65,74,颗粒物(PM10)
乌鲁木齐市,铁路局,87.5525,43.8711,2025-03-26T0900,20,89,0.4,19,2,62,75,70,颗粒物(PM10)
乌鲁木齐市,三十一中学,87.6432,43.831,2025-03-26T0900,15,58,0.3,19,6,62,71,54,颗粒物(PM10)
乌鲁木齐市,米东区环保局,87.7216,44.1747,2025-03-26T0900,12,76,0.2,2,6,65,60,63,颗粒物(PM10)
乌鲁木齐市,培训基地,87.4651,43.4569,2025-03-26T0900,9,88,0.3,8,2,84,89,69,颗粒物(PM10)
乌鲁木齐市,达坂城区环保局,88.3118,43.3658,2025-03-26T0900,22,66,0.3,4,8,73,84,58,颗粒物(PM10)
乌鲁木齐市,红光山片区,87.6162,43.8801,2025-03-26T0900,13,66,0.3,18,3,61,68,58,颗粒物(PM10)
乌鲁木齐市,新师大温泉校区,87.7024,43.8004,2025-03-26T0900,21,95,0.2,6,1,77,78,73,颗粒物(PM10)
乌鲁木齐市,大绿谷,87.4921,43.8411,2025-03-26T0900,15,127,0.4,18,4,61,60,89,颗粒物(PM10)
无锡市,雪浪,120.269,31.4867,2025-03-26T0900,56,112,0.9,53,12,83,48,81,颗粒物(PM10)
无锡市,黄巷,120.275,31.6219,2025-03-26T0900,56,129,1.1,84,9,67,20,90,颗粒物(PM10)
无锡市,曹张,120.294,31.56,2025-03-26T0900,51,99,1.1,100,9,52,11,75,颗粒物(PM10)
无锡市,漆塘,120.242,31.5031,2025-03-26T0900,61,102,0.7,39,13,102,51,83,细颗粒物(PM2.5)
无锡市,东亭,120.3489,31.5863,2025-03-26T0900,56,105,1.0,78,10,69,28,78,颗粒物(PM10)
无锡市,旺庄,120.354,31.5475,2025-03-26T0900,63,117,0.9,88,8,51,21,85,细颗粒物(PM2.5)
无锡市,荣巷,120.245,31.5631,2025-03-26T0900,53,100,0.7,68,10,87,37,75,颗粒物(PM10)
无锡市,堰桥,120.299,31.6817,2025-03-26T0900,46,100,0.9,76,11,76,47,75,颗粒物(PM10)
无锡市,华庄,120.3142,31.4753,2025-03-26T0900,75,118,0.8,64,12,80,27,100,细颗粒物(PM2.5)
吴忠市,教育园区,106.1532,37.9648,2025-03-26T0900,117,469,0.2,18,5,64,91,362,颗粒物(PM10)
吴忠市,新区二泵站,106.1856,37.9956,2025-03-26T0900,145,536,0.3,11,6,83,94,436,颗粒物(PM10)
吴忠市,文卫南街,106.2112,37.9768,2025-03-26T0900,133,754,0.3,11,5,75,86,500,颗粒物(PM10)
芜湖市,监测站,118.3606,31.3519,2025-03-26T0900,39,51,0.5,,,116,105,,
芜湖市,科创中心,118.3714,31.4134,2025-03-26T0900,46,85,0.5,53,20,66,38,68,颗粒物(PM10)
芜湖市,四水厂,118.3673,31.3131,2025-03-26T0900,42,66,0.7,31,7,89,79,59,细颗粒物(PM2.5)
芜湖市,市气象局,118.4209,31.3707,2025-03-26T0900,48,72,0.7,35,26,78,69,67,细颗粒物(PM2.5)
芜湖市,清苑社区,118.4781,31.3225,2025-03-26T0900,52,114,0.7,52,21,51,25,82,颗粒物(PM10)
芜湖市,扬子职业技术学院,118.2746,31.2326,2025-03-26T0900,35,65,0.5,19,7,83,65,58,颗粒物(PM10)
梧州市,市逸夫小学,111.3014,23.4832,2025-03-26T0900,64,110,1.0,54,16,14,9,87,细颗粒物(PM2.5)
梧州市,市十一中,111.3239,23.4794,2025-03-26T0900,54,105,1.0,66,14,11,9,78,颗粒物(PM10)
梧州市,龙新,111.2711,23.4835,2025-03-26T0900,47,134,1.3,70,,,3,,
梧州市,政贤路18号,111.2419,23.4154,2025-03-26T0900,51,91,0.7,47,10,9,3,71,颗粒物(PM10)
五家渠市,农水大厦,87.5475,44.1756,2025-03-26T0900,10,68,0.2,,6,58,56,,
五家渠市,经开区管委会,87.546,44.1912,2025-03-26T0900,10,63,0.3,2,6,55,54,57,颗粒物(PM10)
武汉市,东湖梨园,114.3677,30.5584,2025-03-26T0900,56,131,1.3,34,12,63,56,91,颗粒物(PM10)
武汉市,汉阳月湖,114.2529,30.558,2025-03-26T0900,48,94,1.0,37,8,97,74,72,颗粒物(PM10)
武汉市,汉口花桥,114.282,30.6189,2025-03-26T0900,,,,,,,105,,
武汉市,武昌紫阳,114.3025,30.5332,2025-03-26T0900,56,94,1.1,47,14,89,65,77,细颗粒物(PM2.5)
武汉市,青山钢花,114.3646,30.6217,2025-03-26T0900,61,98,1.5,33,16,100,74,83,细颗粒物(PM2.5)
武汉市,沌口新区,114.1566,30.4825,2025-03-26T0900,56,94,1.0,52,12,51,27,77,细颗粒物(PM2.5)
武汉市,汉口江滩,114.3014,30.5944,2025-03-26T0900,61,84,1.1,44,14,91,56,83,细颗粒物(PM2.5)
武汉市,吴家山,114.135,30.6319,2025-03-26T0900,49,81,0.9,36,11,111,84,68,细颗粒物(PM2.5)
武汉市,沉湖七壕,113.8454,30.2917,2025-03-26T0900,38,51,0.5,39,8,66,47,54,细颗粒物(PM2.5)
武汉市,民族大道182号,114.3877,30.4908,2025-03-26T0900,51,105,1.2,50,15,79,75,78,颗粒物(PM10)
武威市,监测站,102.6201,37.9251,2025-03-26T0900,70,268,0.2,2,5,81,75,159,颗粒物(PM10)
武威市,钟楼街149号,102.6447,37.9293,2025-03-26T0900,56,274,0.2,1,4,89,83,162,颗粒物(PM10)
西安市,兴庆小区,108.993,34.2629,2025-03-26T0900,58,132,0.9,65,8,40,44,91,颗粒物(PM10)
西安市,纺织城,109.06,34.2572,2025-03-26T0900,62,179,0.5,80,10,18,23,115,颗粒物(PM10)
西安市,小寨,108.9356,34.2173,2025-03-26T0900,57,148,0.7,49,7,40,30,99,颗粒物(PM10)
西安市,市人民体育场,108.954,34.2713,2025-03-26T0900,,,1.0,50,,,16,,
西安市,高新西区,108.8922,34.2322,2025-03-26T0900,69,117,0.8,46,8,42,42,93,细颗粒物(PM2.5)
西安市,经开区,108.935,34.3474,2025-03-26T0900,56,118,0.6,42,7,53,36,84,颗粒物(PM10)
西安市,长安区,108.906,34.1546,2025-03-26T0900,72,337,0.6,56,8,40,16,194,颗粒物(PM10)
西安市,临潼区,109.2186,34.3731,2025-03-26T0900,51,129,0.6,30,11,75,51,90,颗粒物(PM10)
西安市,草滩,108.869,34.378,2025-03-26T0900,30,123,0.7,65,5,21,26,87,颗粒物(PM10)
西安市,曲江文化产业集团,108.985,34.1978,2025-03-26T0900,68,192,1.0,64,9,34,24,121,颗粒物(PM10)
西安市,广运潭,109.051,34.3213,2025-03-26T0900,54,153,1.0,64,11,26,28,102,颗粒物(PM10)
西安市,无线电监控中心,109.09,34.5236,2025-03-26T0900,110,410,0.5,33,8,49,41,286,颗粒物(PM10)
西安市,行知小学,108.8869,34.2662,2025-03-26T0900,71,209,0.9,55,5,39,16,130,颗粒物(PM10)
西安市,西苑北路977号,108.5962,34.1188,2025-03-26T0900,121,250,0.6,28,7,57,46,159,细颗粒物(PM2.5)
西宁市,第五水厂,101.524,36.6867,2025-03-26T0900,,,,,,,,,
西宁市,城北区政府,101.7775,36.6428,2025-03-26T0900,593,2121,0.4,20,7,64,30,500,"颗粒物(PM10),细颗粒物(PM2.5)"
西宁市,世纪职校,101.8305,36.5786,2025-03-26T0900,488,1787,0.3,24,6,71,56,500,颗粒物(PM10)
西宁市,师大城西校区,101.7413,36.6397,2025-03-26T0900,474,2066,0.7,22,12,62,27,500,颗粒物(PM10)
西双版纳傣族自治州,景洪市江南,100.8018,21.9995,2025-03-26T0900,58,65,0.8,19,4,26,43,79,细颗粒物(PM2.5)
西双版纳傣族自治州,景洪市江北,100.8017,22.0225,2025-03-26T0900,44,55,0.8,19,8,23,45,62,细颗粒物(PM2.5)
西咸新区,北杜,108.7108,34.46,2025-03-26T0900,112,417,0.6,31,6,34,60,296,颗粒物(PM10)
西咸新区,同德佳苑,108.7096,34.2956,2025-03-26T0900,160,394,0.5,10,2,61,65,263,颗粒物(PM10)
西咸新区,崇文塔,108.8558,34.4978,2025-03-26T0900,49,119,0.6,42,8,36,40,85,颗粒物(PM10)
锡林郭勒盟,市环保监测站,116.1042,43.9317,2025-03-26T0900,35,495,0.3,5,4,94,85,394,颗粒物(PM10)
锡林郭勒盟,市政府,116.0781,43.9311,2025-03-26T0900,55,386,0.2,4,5,95,88,252,颗粒物(PM10)
厦门市,溪东,118.1608,24.8169,2025-03-26T0900,,,,,,,,,
厦门市,洪文,118.1514,24.4767,2025-03-26T0900,37,62,0.5,27,2,44,54,56,颗粒物(PM10)
厦门市,鼓浪屿,118.0661,24.4444,2025-03-26T0900,34,57,0.2,34,4,62,66,54,颗粒物(PM10)
厦门市,湖里中学,118.0936,24.5058,2025-03-26T0900,44,67,0.5,49,2,45,32,62,细颗粒物(PM2.5)
厦门市,集美中学,118.0958,24.5688,2025-03-26T0900,44,59,0.6,46,2,35,40,62,细颗粒物(PM2.5)
厦门市,同安二实小,118.1493,24.7245,2025-03-26T0900,48,58,0.6,23,2,58,43,67,细颗粒物(PM2.5)
咸宁市,森林公园,114.3175,29.8142,2025-03-26T0900,37,69,0.6,4,10,143,153,60,颗粒物(PM10)
咸宁市,市发改委,114.3107,29.8454,2025-03-26T0900,42,69,0.8,20,9,126,122,60,颗粒物(PM10)
咸宁市,咸安区政府,114.2936,29.8566,2025-03-26T0900,45,69,0.6,13,9,135,82,63,细颗粒物(PM2.5)
咸宁市,长江产业园,114.3375,29.8683,2025-03-26T0900,47,72,0.6,18,6,134,131,65,细颗粒物(PM2.5)
咸阳市,气象站,108.7197,34.3956,2025-03-26T0900,,,,,,,,,
咸阳市,实验中学,108.673,34.3155,2025-03-26T0900,174,370,0.4,17,5,64,59,229,颗粒物(PM10)
咸阳市,师范学院,108.7233,34.3617,2025-03-26T0900,110,344,0.6,29,2,50,60,197,颗粒物(PM10)
咸阳市,两寺渡,108.6594,34.2969,2025-03-26T0900,173,609,0.3,15,5,65,60,500,颗粒物(PM10)
咸阳市,奥体中心,108.6396,34.4078,2025-03-26T0900,121,721,0.5,22,3,59,75,500,颗粒物(PM10)
湘潭市,板塘,112.9433,27.8614,2025-03-26T0900,46,81,0.7,21,7,107,115,66,颗粒物(PM10)
湘潭市,市监测站,112.9118,27.8403,2025-03-26T0900,58,76,0.8,18,8,107,106,79,细颗粒物(PM2.5)
湘潭市,江麓,112.8937,27.8728,2025-03-26T0900,59,72,0.9,28,34,92,88,80,细颗粒物(PM2.5)
湘潭市,岳塘,112.9227,27.8159,2025-03-26T0900,55,77,1.3,22,14,106,95,75,细颗粒物(PM2.5)
湘潭市,科大,112.9074,27.9119,2025-03-26T0900,52,88,1.0,16,10,107,99,72,细颗粒物(PM2.5)
湘潭市,昭山,113.0048,27.9153,2025-03-26T0900,52,83,1.1,14,9,111,103,72,细颗粒物(PM2.5)
湘潭市,韶山,112.4876,27.9164,2025-03-26T0900,41,79,0.6,6,4,117,117,65,颗粒物(PM10)
湘西土家族苗族自治州,跃进水库,109.6414,28.2558,2025-03-26T0900,49,67,0.9,5,6,18,7,68,细颗粒物(PM2.5)
湘西土家族苗族自治州,州政府,109.7325,28.3169,2025-03-26T0900,54,76,1.0,29,11,24,31,74,细颗粒物(PM2.5)
湘西土家族苗族自治州,吉首市计生局,109.6958,28.2675,2025-03-26T0900,56,61,0.8,32,10,12,39,77,细颗粒物(PM2.5)
襄阳市,襄城运动路,112.155,32.0197,2025-03-26T0900,92,105,0.9,25,16,86,100,122,细颗粒物(PM2.5)
襄阳市,高新管委会,112.1825,32.1142,2025-03-26T0900,71,123,0.7,44,12,41,97,95,细颗粒物(PM2.5)
襄阳市,襄州航空路,112.2106,32.0903,2025-03-26T0900,92,99,0.7,15,12,86,95,122,细颗粒物(PM2.5)
襄阳市,襄城隆中路,112.0828,32.0067,2025-03-26T0900,48,81,0.9,31,13,58,99,67,细颗粒物(PM2.5)
襄阳市,高新台子湾,112.1214,32.1008,2025-03-26T0900,49,102,0.6,39,19,54,80,76,颗粒物(PM10)
襄阳市,铁院东路4号,112.1433,32.0581,2025-03-26T0900,80,111,0.9,42,14,62,91,107,细颗粒物(PM2.5)
孝感市,文化路,113.9153,30.9285,2025-03-26T0900,48,78,1.0,35,10,106,81,67,细颗粒物(PM2.5)
孝感市,东城区,113.942,30.9075,2025-03-26T0900,50,95,1.0,30,11,112,87,73,颗粒物(PM10)
忻州市,开发区,112.7383,38.4519,2025-03-26T0900,43,186,0.6,23,12,72,73,118,颗粒物(PM10)
忻州市,会展中心,112.7003,38.4928,2025-03-26T0900,43,175,0.3,27,10,62,72,113,颗粒物(PM10)
忻州市,市政府,112.7283,38.4153,2025-03-26T0900,46,182,0.5,38,8,55,72,116,颗粒物(PM10)
新乡市,环保西院,113.836,35.311,2025-03-26T0900,50,240,0.8,32,14,54,43,145,颗粒物(PM10)
新乡市,开发区,113.884,35.272,2025-03-26T0900,56,271,0.6,27,13,51,53,161,颗粒物(PM10)
新乡市,环保东院,113.883,35.303,2025-03-26T0900,51,204,0.9,31,12,50,49,127,颗粒物(PM10)
新乡市,市委党校,113.9194,35.2847,2025-03-26T0900,64,249,,,10,49,46,150,颗粒物(PM10)
新乡市,市政府,113.9188,35.3045,2025-03-26T0900,77,265,0.6,40,14,44,42,158,颗粒物(PM10)
新乡市,行政服务中心,113.9003,35.372,2025-03-26T0900,55,257,0.7,26,23,49,27,154,颗粒物(PM10)
新乡市,建设东路46号,113.9166,35.3315,2025-03-26T0900,47,218,0.6,31,16,56,24,134,颗粒物(PM10)
新余市,北岗,115.0861,27.9317,2025-03-26T0900,,,,,,,,,
新余市,飞宇,114.9886,27.8431,2025-03-26T0900,38,70,0.5,24,8,125,,60,颗粒物(PM10)
新余市,第二水厂,114.9231,27.8246,2025-03-26T0900,53,77,0.9,42,17,99,93,73,细颗粒物(PM2.5)
新余市,市气象局,114.9308,27.8036,2025-03-26T0900,54,68,0.6,19,12,132,,74,细颗粒物(PM2.5)
新余市,新钢沁园村,114.9149,27.807,2025-03-26T0900,49,74,1.0,27,19,122,,68,细颗粒物(PM2.5)
信阳市,平桥分局,114.1099,32.1059,2025-03-26T0900,54,,0.6,9,10,156,154,74,细颗粒物(PM2.5)
信阳市,南湾水厂,113.9956,32.1271,2025-03-26T0900,45,67,0.9,10,12,168,160,63,细颗粒物(PM2.5)
信阳市,市酿酒公司,114.0775,32.1195,2025-03-26T0900,41,53,0.9,17,9,133,130,58,细颗粒物(PM2.5)
信阳市,审计局,114.0609,32.1399,2025-03-26T0900,47,63,0.8,22,10,139,146,65,细颗粒物(PM2.5)
兴安盟,胜华新制药厂,122.0392,46.0656,2025-03-26T0900,42,47,0.3,10,2,60,71,59,细颗粒物(PM2.5)
兴安盟,科右前旗环保局,121.9504,46.0741,2025-03-26T0900,38,45,0.5,10,2,67,73,54,细颗粒物(PM2.5)
兴安盟,北滨河,122.0931,46.0707,2025-03-26T0900,38,53,0.4,11,3,64,79,54,细颗粒物(PM2.5)
邢台市,达活泉,114.4704,37.0886,2025-03-26T0900,31,185,0.4,23,6,48,29,118,颗粒物(PM10)
邢台市,邢师高专,114.5062,37.0349,2025-03-26T0900,23,160,0.6,25,3,55,37,105,颗粒物(PM10)
邢台市,路桥公司,114.5237,37.0851,2025-03-26T0900,20,144,0.5,25,8,46,24,97,颗粒物(PM10)
邢台市,市环保局,114.4725,37.0719,2025-03-26T0900,,,,,,,,,
雄安新区,容城县环境保护局,115.8844,39.0341,2025-03-26T0900,34,84,0.4,18,14,83,84,67,颗粒物(PM10)
雄安新区,河北容城中学,115.8665,39.0645,2025-03-26T0900,31,126,0.6,14,14,78,77,88,颗粒物(PM10)
雄安新区,安新县民政局,115.923,38.9405,2025-03-26T0900,33,89,0.4,14,12,80,83,70,颗粒物(PM10)
雄安新区,安新县电力局,115.9324,38.9338,2025-03-26T0900,38,86,0.2,12,15,82,85,68,颗粒物(PM10)
雄安新区,雄县环境保护局,116.0901,38.9816,2025-03-26T0900,36,85,0.6,15,11,77,83,68,颗粒物(PM10)
雄安新区,雄县国土资源局,116.1105,39.0046,2025-03-26T0900,39,99,0.3,20,9,67,74,75,颗粒物(PM10)
徐州市,黄河新村,117.179,34.2761,2025-03-26T0900,74,134,0.8,34,9,75,84,99,细颗粒物(PM2.5)
徐州市,新城区,117.256,34.2153,2025-03-26T0900,54,134,0.7,33,9,76,84,92,颗粒物(PM10)
徐州市,桃园路,117.244,34.2911,2025-03-26T0900,64,158,0.8,36,10,70,85,104,颗粒物(PM10)
徐州市,农科院,117.2933,34.2778,2025-03-26T0900,62,153,0.9,33,11,67,75,102,颗粒物(PM10)
徐州市,鼓楼区政府,117.1814,34.29,2025-03-26T0900,58,120,1.1,38,8,68,80,85,颗粒物(PM10)
徐州市,铜山区招生办,117.1694,34.1781,2025-03-26T0900,60,141,0.8,32,18,73,78,96,颗粒物(PM10)
徐州市,大泉街道,117.4754,34.4422,2025-03-26T0900,53,152,0.6,25,15,91,94,101,颗粒物(PM10)
徐州市,解放南路202号,117.1942,34.22935,2025-03-26T0900,61,138,0.8,34,10,75,86,94,颗粒物(PM10)
许昌市,开发区,113.7906,33.9953,2025-03-26T0900,79,125,0.7,44,6,54,29,105,细颗粒物(PM2.5)
许昌市,市一中,113.8172,34.0339,2025-03-26T0900,49,84,0.5,28,5,86,52,68,细颗粒物(PM2.5)
许昌市,许昌学院,113.8614,34.0442,2025-03-26T0900,45,90,0.8,38,7,64,53,70,颗粒物(PM10)
许昌市,芙蓉广场,113.843,34.0823,2025-03-26T0900,44,81,0.6,49,7,43,54,66,颗粒物(PM10)
许昌市,新元大道996号,113.8157,34.12670,2025-03-26T0900,50,87,0.7,37,6,34,38,69,"颗粒物(PM10),细颗粒物(PM2.5)"
许昌市,望田路111号,113.8358,34.01552,2025-03-26T0900,43,94,0.5,42,8,63,40,72,颗粒物(PM10)
宣城市,鳌峰子站,118.7581,30.9454,2025-03-26T0900,40,65,0.6,24,7,87,81,58,颗粒物(PM10)
宣城市,敬亭山子站,118.7385,30.9743,2025-03-26T0900,35,61,0.6,20,10,99,101,56,颗粒物(PM10)
宣城市,开发区子站,118.7173,30.9427,2025-03-26T0900,38,87,0.6,20,12,91,68,69,颗粒物(PM10)
宣城市,夏渡子站,118.7724,30.9141,2025-03-26T0900,43,77,0.7,45,9,68,86,64,颗粒物(PM10)
雅安市,建安厂,103.0475,30.02,2025-03-26T0900,26,37,0.3,13,6,50,39,38,
雅安市,市政府,103.0111,29.9833,2025-03-26T0900,26,33,0.5,8,8,50,71,38,
雅安市,川农大,102.9905,29.9775,2025-03-26T0900,25,33,0.4,10,5,57,84,36,
雅安市,康养中心,103.0456,29.9956,2025-03-26T0900,,,,,,,,,
烟台市,开发区,121.2514,37.5639,2025-03-26T0900,46,219,0.6,16,4,80,85,135,颗粒物(PM10)
烟台市,西郊化工站,121.3181,37.5436,2025-03-26T0900,46,322,0.4,11,6,86,93,186,颗粒物(PM10)
烟台市,莱山环保局,121.4478,37.4822,2025-03-26T0900,50,339,0.6,11,7,84,88,195,颗粒物(PM10)
烟台市,福山环保局,121.2611,37.4967,2025-03-26T0900,44,349,0.5,16,5,83,83,200,颗粒物(PM10)
烟台市,牟平检察院,121.5992,37.4014,2025-03-26T0900,34,263,0.5,20,8,75,76,157,颗粒物(PM10)
烟台市,中国农业大学,121.5206,37.4336,2025-03-26T0900,39,417,0.5,11,4,85,82,296,颗粒物(PM10)
烟台市,青年南路118号,121.3642,37.5296,2025-03-26T0900,40,356,0.5,9,8,84,90,209,颗粒物(PM10)
延安市,枣园,109.4131,36.6275,2025-03-26T0900,66,204,0.6,3,10,95,38,127,颗粒物(PM10)
延安市,延大医附院,109.4761,36.6028,2025-03-26T0900,57,239,0.3,14,6,82,30,145,颗粒物(PM10)
延安市,百米大道,109.5056,36.6106,2025-03-26T0900,58,292,0.6,12,5,86,25,171,颗粒物(PM10)
延安市,西北局旧址,109.4809,36.5786,2025-03-26T0900,53,265,0.4,18,5,81,29,158,颗粒物(PM10)
延边朝鲜族自治州,妇幼医院,129.47,42.8883,2025-03-26T0900,36,55,0.7,25,9,52,47,53,颗粒物(PM10)
延边朝鲜族自治州,延边医院,129.5055,42.9108,2025-03-26T0900,45,45,0.7,31,21,51,55,63,细颗粒物(PM2.5)
延边朝鲜族自治州,朝阳川镇医院,129.3964,42.8881,2025-03-26T0900,30,36,0.6,37,22,39,48,43,
盐城市,盐城电厂,120.118,33.4022,2025-03-26T0900,70,122,0.7,47,15,100,135,94,细颗粒物(PM2.5)
盐城市,市监测站,120.156,33.3942,2025-03-26T0900,75,139,0.9,50,11,80,117,100,细颗粒物(PM2.5)
盐城市,开发区管委会,120.2144,33.38,2025-03-26T0900,90,139,0.8,47,13,92,132,119,细颗粒物(PM2.5)
盐城市,宝龙广场,120.1544,33.3663,2025-03-26T0900,63,117,1.1,42,12,94,129,85,细颗粒物(PM2.5)
盐城市,月亮广场,120.1501,33.3367,2025-03-26T0900,83,169,0.9,44,13,81,123,110,"颗粒物(PM10),细颗粒物(PM2.5)"
盐城市,大丰高级中学,120.4279,33.205,2025-03-26T0900,75,129,0.8,43,13,84,128,100,细颗粒物(PM2.5)
扬州市,邗江监测站,119.389,32.3761,2025-03-26T0900,62,112,0.8,64,16,68,76,84,细颗粒物(PM2.5)
扬州市,五台山医院,119.447,32.4155,2025-03-26T0900,62,110,0.9,70,17,54,51,84,细颗粒物(PM2.5)
扬州市,广陵建设局,119.4686,32.3942,2025-03-26T0900,72,126,1.2,74,17,57,35,97,细颗粒物(PM2.5)
扬州市,市体育局,119.3633,32.3972,2025-03-26T0900,50,102,0.6,52,14,79,78,76,颗粒物(PM10)
扬州市,引江管理处,119.5653,32.4222,2025-03-26T0900,75,111,1.1,74,15,53,32,100,细颗粒物(PM2.5)
阳江市,鸳鸯湖,111.9797,21.8593,2025-03-26T0900,,,,,,,,,
阳江市,马南垌,111.9491,21.8658,2025-03-26T0900,24,31,0.9,19,5,64,70,35,
阳江市,两阳中学,111.9765,21.8947,2025-03-26T0900,23,73,0.7,35,14,34,46,62,颗粒物(PM10)
阳江市,阳东陶然,112.0125,21.8749,2025-03-26T0900,18,32,0.6,11,7,70,82,32,
阳泉市,市中心,113.5758,37.8572,2025-03-26T0900,44,156,1.2,39,13,47,35,103,颗粒物(PM10)
阳泉市,赛鱼,113.4894,37.8731,2025-03-26T0900,35,143,1.0,41,12,47,37,97,颗粒物(PM10)
阳泉市,南庄,113.5819,37.8486,2025-03-26T0900,54,169,1.0,36,14,51,48,110,颗粒物(PM10)
阳泉市,平坦,113.5614,37.8703,2025-03-26T0900,48,159,0.9,40,15,54,43,105,颗粒物(PM10)
阳泉市,大阳泉,113.5158,37.8392,2025-03-26T0900,57,173,0.9,46,15,40,67,112,颗粒物(PM10)
阳泉市,龙柱,113.617,37.8571,2025-03-26T0900,50,144,0.8,33,14,53,36,97,颗粒物(PM10)
伊春市,环保局,128.5159,47.4311,2025-03-26T0900,3,17,0.7,12,9,57,48,18,
伊春市,电力嘉园,128.9102,47.7412,2025-03-26T0900,3,12,0.5,11,6,57,47,18,
伊春市,汤旺河国家公园,129.5029,48.471,2025-03-26T0900,7,8,0.3,7,5,69,61,22,
伊春市,中心小学,128.4741,47.4346,2025-03-26T0900,11,,0.5,6,2,64,38,20,
伊春市,检察院,128.6871,47.7369,2025-03-26T0900,3,7,0.7,8,6,56,48,18,
伊春市,双子河社区,128.8431,47.8474,2025-03-26T0900,8,13,0.7,8,2,63,49,20,
伊春市,美溪镇,129.1368,47.6417,2025-03-26T0900,15,27,1.4,11,5,61,56,27,
伊犁哈萨克自治州,新政府片区,81.2996,43.9174,2025-03-26T0900,14,28,0.4,7,5,60,65,28,
伊犁哈萨克自治州,第二水厂,81.3364,43.941,2025-03-26T0900,8,28,0.6,13,7,57,66,28,
伊犁哈萨克自治州,安徽路800号,81.2737,43.9337,2025-03-26T0900,3,6,0.6,6,7,66,69,21,
宜宾市,石马中学,104.563,28.793,2025-03-26T0900,60,74,0.6,22,7,32,26,82,细颗粒物(PM2.5)
宜宾市,市委,104.6201,28.7728,2025-03-26T0900,45,62,1.0,52,16,25,27,63,细颗粒物(PM2.5)
宜宾市,宜宾四中,104.6055,28.793,2025-03-26T0900,47,66,0.8,40,16,35,33,65,细颗粒物(PM2.5)
宜宾市,市政府,104.639,28.7562,2025-03-26T0900,48,78,1.1,58,14,22,21,67,细颗粒物(PM2.5)
宜宾市,黄金嘴,104.5742,28.7199,2025-03-26T0900,37,60,0.7,34,21,40,37,55,颗粒物(PM10)
宜宾市,白酒学院,104.68,28.8071,2025-03-26T0900,30,51,0.7,42,16,49,59,51,颗粒物(PM10)
宜昌市,白龙岗,111.2992,30.6981,2025-03-26T0900,24,41,0.6,35,7,35,44,41,
宜昌市,点军区,111.2628,30.6961,2025-03-26T0900,12,47,0.3,23,6,45,40,47,
宜昌市,夷陵区,111.3275,30.7819,2025-03-26T0900,27,56,0.6,46,9,31,36,53,颗粒物(PM10)
宜昌市,猇亭区张家湾站,111.4606,30.552,2025-03-26T0900,24,35,0.1,29,4,56,59,35,
宜昌市,西陵二路116号,111.3168,30.7203,2025-03-26T0900,21,28,0.2,45,6,38,57,30,
宜昌市,沈家店路6号,111.3526,30.6374,2025-03-26T0900,27,50,0.5,62,6,8,4,50,
宜春市,槟榔水业,114.3408,27.8064,2025-03-26T0900,,,,,,,,,
宜春市,市石油公司,114.3956,27.7844,2025-03-26T0900,48,65,0.6,32,4,47,39,67,细颗粒物(PM2.5)
宜春市,市气象局,114.3703,27.7914,2025-03-26T0900,46,72,0.7,22,4,34,48,64,细颗粒物(PM2.5)
宜春市,市广电局,114.4013,27.8074,2025-03-26T0900,53,69,1.0,30,2,36,34,73,细颗粒物(PM2.5)
宜春市,宜春学院北校区,114.375,27.8097,2025-03-26T0900,56,72,0.8,42,5,24,30,77,细颗粒物(PM2.5)
宜春市,万载县环保局,114.4519,28.0828,2025-03-26T0900,63,113,0.7,34,14,48,22,85,细颗粒物(PM2.5)
益阳市,甘溪港,112.4067,28.6428,2025-03-26T0900,74,,0.8,15,13,96,111,,
益阳市,市环保局,112.3458,28.5808,2025-03-26T0900,48,55,0.8,13,10,120,138,67,细颗粒物(PM2.5)
益阳市,龙洲,112.3571,28.55878,2025-03-26T0900,52,70,0.7,7,11,119,140,72,细颗粒物(PM2.5)
益阳市,幸福渠东路223号,112.3425,28.6110,2025-03-26T0900,43,51,0.9,9,8,119,124,60,细颗粒物(PM2.5)
益阳市,益鑫泰路85号,112.3712,28.5764,2025-03-26T0900,56,58,0.6,10,10,124,141,77,细颗粒物(PM2.5)
银川市,贺兰山马莲口,105.9512,38.6016,2025-03-26T0900,,,,,,,,,
银川市,学院路,106.1358,38.5036,2025-03-26T0900,78,172,0.8,16,4,80,85,111,颗粒物(PM10)
银川市,水乡路,106.2266,38.4418,2025-03-26T0900,164,639,0.3,18,9,72,84,500,颗粒物(PM10)
银川市,上海东路,106.2757,38.4842,2025-03-26T0900,46,153,0.2,11,2,90,90,102,颗粒物(PM10)
银川市,文昌北街,106.1015,38.497,2025-03-26T0900,49,198,0.6,14,6,88,92,124,颗粒物(PM10)
银川市,滨河新区,106.5105,38.3856,2025-03-26T0900,62,222,0.6,9,21,93,95,136,颗粒物(PM10)
银川市,广场西路,106.2264,38.4920,2025-03-26T0900,55,558,0.5,12,3,95,94,458,颗粒物(PM10)
鹰潭市,龙虎山,116.9822,28.1136,2025-03-26T0900,,,,,,,,,
鹰潭市,新监测站,117.0564,28.2642,2025-03-26T0900,75,122,1.6,44,92,40,35,100,细颗粒物(PM2.5)
鹰潭市,财苑宾馆,117.0311,28.2475,2025-03-26T0900,67,118,1.4,38,111,51,39,90,细颗粒物(PM2.5)
鹰潭市,体育馆,117.0222,28.2264,2025-03-26T0900,83,132,1.3,56,56,36,24,110,细颗粒物(PM2.5)
鹰潭市,三川水表,117.0017,28.2131,2025-03-26T0900,68,120,1.2,45,27,28,16,92,细颗粒物(PM2.5)
营口市,大庆路,122.2703,40.7094,2025-03-26T0900,66,116,0.4,26,6,76,62,89,细颗粒物(PM2.5)
营口市,镜湖西路,122.2150,40.6511,2025-03-26T0900,62,116,0.5,16,7,84,70,84,细颗粒物(PM2.5)
营口市,西炮台,122.1658,40.6789,2025-03-26T0900,61,108,0.7,17,6,79,64,83,细颗粒物(PM2.5)
营口市,鲅鱼圈市民活动中心,122.1139,40.2278,2025-03-26T0900,65,76,0.7,40,8,55,66,88,细颗粒物(PM2.5)
营口市,三高中,122.2469,40.66302,2025-03-26T0900,70,138,0.4,27,8,84,71,94,"颗粒物(PM10),细颗粒物(PM2.5)"
营口市,老边实验小学,122.3622,40.6762,2025-03-26T0900,85,105,0.9,31,11,70,56,113,细颗粒物(PM2.5)
永州市,零陵南津渡,111.6217,26.2081,2025-03-26T0900,60,69,0.8,5,,95,122,,
永州市,市环境监测站,111.6156,26.4214,2025-03-26T0900,62,78,0.6,7,8,111,128,84,细颗粒物(PM2.5)
永州市,永州市环保局,111.5992,26.4364,2025-03-26T0900,60,79,0.9,12,7,105,117,82,细颗粒物(PM2.5)
永州市,冷水滩区环保局,111.5989,26.4519,2025-03-26T0900,61,86,0.5,9,7,116,128,83,细颗粒物(PM2.5)
永州市,徐家井路86号,111.6195,26.2253,2025-03-26T0900,61,77,0.7,11,8,106,125,83,细颗粒物(PM2.5)
榆林市,红石峡森林公园,109.7414,38.3344,2025-03-26T0900,,,,,,,,,
榆林市,世纪广场,109.7456,38.2911,2025-03-26T0900,201,777,0.7,10,4,88,64,500,颗粒物(PM10)
榆林市,实验中学,109.7289,38.2839,2025-03-26T0900,186,877,0.4,5,7,85,68,500,颗粒物(PM10)
榆林市,环保监测大楼,109.7336,38.2478,2025-03-26T0900,206,883,0.7,10,6,90,71,500,颗粒物(PM10)
玉林市,寒山水库,110.1106,22.7019,2025-03-26T0900,38,66,0.7,9,10,71,65,58,颗粒物(PM10)
玉林市,南江一中,110.1433,22.6164,2025-03-26T0900,32,60,0.9,10,15,63,70,55,颗粒物(PM10)
玉林市,玉林师范学院东校区,110.1945,22.6831,2025-03-26T0900,37,48,0.8,17,7,61,71,53,细颗粒物(PM2.5)
玉林市,福绵环保局,110.0527,22.5893,2025-03-26T0900,40,124,0.6,13,9,68,76,87,颗粒物(PM10)
玉林市,人民东路196号,110.1680,22.6410,2025-03-26T0900,29,63,1.0,10,8,66,71,57,颗粒物(PM10)
玉树藏族自治州,玉树县结古镇,97,33.0014,2025-03-26T0900,12,29,0.9,46,28,33,82,29,
玉溪市,东风水库,102.575,24.3711,2025-03-26T0900,44,,0.9,21,9,49,59,62,细颗粒物(PM2.5)
玉溪市,玉溪一中,102.5389,24.3703,2025-03-26T0900,37,55,0.5,34,9,56,52,53,"颗粒物(PM10),细颗粒物(PM2.5)"
玉溪市,文体中心,102.5381,24.3389,2025-03-26T0900,38,38,0.6,32,9,46,55,54,细颗粒物(PM2.5)
岳阳市,城陵矶,113.1493,29.4251,2025-03-26T0900,63,71,0.7,19,14,115,134,85,细颗粒物(PM2.5)
岳阳市,开发区,113.1497,29.3575,2025-03-26T0900,48,83,0.7,21,14,109,129,67,"颗粒物(PM10),细颗粒物(PM2.5)"
岳阳市,云溪区,113.2621,29.4758,2025-03-26T0900,48,62,0.8,11,12,132,158,67,细颗粒物(PM2.5)
岳阳市,君山区,112.9943,29.4402,2025-03-26T0900,51,71,0.8,17,12,117,134,70,细颗粒物(PM2.5)
岳阳市,金凤水库,113.2117,29.355,2025-03-26T0900,49,74,0.9,21,11,101,113,68,细颗粒物(PM2.5)
岳阳市,求索西路365号,113.1088,29.3531,2025-03-26T0900,43,64,0.7,9,10,122,149,60,细颗粒物(PM2.5)
云浮市,新市府,112.0392,22.9169,2025-03-26T0900,27,29,0.5,15,3,66,78,39,
云浮市,牧羊,112.0539,22.9539,2025-03-26T0900,29,75,0.7,46,12,,69,,
云浮市,文笔,112.0336,22.9374,2025-03-26T0900,38,66,0.8,27,8,53,75,58,颗粒物(PM10)
运城市,运城中学,110.9956,35.0147,2025-03-26T0900,50,155,0.8,24,11,64,104,103,颗粒物(PM10)
运城市,地区技校,110.9686,35.0303,2025-03-26T0900,40,147,0.9,26,9,53,98,99,颗粒物(PM10)
运城市,空港新区,111.0414,35.1147,2025-03-26T0900,56,158,0.7,33,9,51,97,104,颗粒物(PM10)
运城市,水利职院,111.0283,35.0547,2025-03-26T0900,99,,1.0,28,,,107,130,细颗粒物(PM2.5)
运城市,禹都公园,111.0522,35.0439,2025-03-26T0900,48,143,0.9,21,10,65,107,97,颗粒物(PM10)
枣庄市,市中区政府,117.558,34.8438,2025-03-26T0900,48,202,0.6,29,16,90,84,126,颗粒物(PM10)
枣庄市,薛城环保局,117.2852,34.7837,2025-03-26T0900,51,151,0.5,16,14,99,98,101,颗粒物(PM10)
枣庄市,峄城区政府,117.5852,34.7745,2025-03-26T0900,45,166,0.6,22,16,95,97,108,颗粒物(PM10)
枣庄市,台儿庄区环保局,117.7276,34.5578,2025-03-26T0900,48,190,0.8,24,19,75,87,120,颗粒物(PM10)
枣庄市,山亭区环保局,117.4518,35.0992,2025-03-26T0900,44,163,0.6,14,9,117,118,107,颗粒物(PM10)
枣庄市,市环保局,117.3152,34.8103,2025-03-26T0900,51,181,0.5,21,12,88,94,116,颗粒物(PM10)
湛江市,湛江影剧院,110.3539,21.2706,2025-03-26T0900,12,27,0.4,12,7,64,69,27,
湛江市,市环境监测站,110.3928,21.2228,2025-03-26T0900,17,29,0.5,12,,,68,,
湛江市,环保局宿舍,110.4019,21.1997,2025-03-26T0900,16,,0.6,8,7,57,62,23,
湛江市,霞山游泳场,110.4111,21.2028,2025-03-26T0900,13,24,0.5,11,7,63,68,24,
湛江市,麻章区环保局,110.3316,21.2679,2025-03-26T0900,22,27,0.6,13,7,59,60,32,
湛江市,坡头区环保局,110.4558,21.2567,2025-03-26T0900,15,28,0.4,13,7,58,68,28,
张家界市,永定新区,110.5319,29.1217,2025-03-26T0900,43,79,0.3,30,4,24,25,65,颗粒物(PM10)
张家界市,电业局,110.4697,29.1242,2025-03-26T0900,37,62,0,32,6,16,24,56,颗粒物(PM10)
张家界市,未央路,110.5594,29.3547,2025-03-26T0900,35,68,0.6,52,5,34,60,59,颗粒物(PM10)
张家界市,袁家界,110.4417,29.315,2025-03-26T0900,,,,,,,,,
张家口市,人民公园,114.8883,40.8336,2025-03-26T0900,22,104,0.5,28,5,60,83,77,颗粒物(PM10)
张家口市,五金库,114.8687,40.8042,2025-03-26T0900,30,119,0.8,26,6,66,87,85,颗粒物(PM10)
张家口市,世纪豪园,114.8902,40.762,2025-03-26T0900,30,114,0.7,17,14,64,78,82,颗粒物(PM10)
张家口市,北泵房,114.8916,40.8661,2025-03-26T0900,26,90,0.3,24,6,63,80,70,颗粒物(PM10)
张家口市,烟厂,114.879,40.7993,2025-03-26T0900,26,111,0.6,23,5,64,87,81,颗粒物(PM10)
张家口市,青少年活动中心,115.2773,40.9724,2025-03-26T0900,27,116,0.6,18,8,76,92,83,颗粒物(PM10)
张掖市,润泉湖,100.4698,38.9524,2025-03-26T0900,46,244,0.4,5,5,92,92,147,颗粒物(PM10)
张掖市,区工会,100.4154,38.9422,2025-03-26T0900,39,281,0.4,4,6,88,93,166,颗粒物(PM10)
漳州市,九湖,117.6336,24.4674,2025-03-26T0900,,,,,,,,,
漳州市,蓝田镇,117.7116,24.506,2025-03-26T0900,58,90,0.7,45,7,35,44,79,细颗粒物(PM2.5)
漳州市,漳州党校,114.6622,24.5183,2025-03-26T0900,,,0.8,40,11,33,36,,
漳州市,西洋坪路,117.6296,24.5314,2025-03-26T0900,60,90,1.0,47,32,38,26,82,细颗粒物(PM2.5)
昭通市,监测站,103.7667,27.3736,2025-03-26T0900,33,97,0.6,25,12,78,99,74,颗粒物(PM10)
昭通市,环东路146号,103.7247,27.3415,2025-03-26T0900,31,,0.5,20,14,72,65,45,
肇庆市,睦岗子站,112.4267,23.0706,2025-03-26T0900,36,67,0.4,22,11,68,78,59,颗粒物(PM10)
肇庆市,城中子站,112.4645,23.0475,2025-03-26T0900,42,73,0.6,21,16,69,80,62,颗粒物(PM10)
肇庆市,坑口子站,112.5544,23.1522,2025-03-26T0900,37,73,0.5,50,11,68,74,62,颗粒物(PM10)
肇庆市,七星岩子站,112.4753,23.1,2025-03-26T0900,41,73,0.5,21,18,63,75,62,颗粒物(PM10)
肇庆市,高要湖西,112.4575,23.0166,2025-03-26T0900,43,62,0.5,22,11,63,74,60,细颗粒物(PM2.5)
肇庆市,鼎湖凤凰,112.5617,23.2083,2025-03-26T0900,32,43,0.5,10,5,43,38,46,
镇江市,新区办事处,119.6707,32.1875,2025-03-26T0900,48,97,0.7,52,14,90,53,74,颗粒物(PM10)
镇江市,职教中心,119.4974,32.1968,2025-03-26T0900,70,121,1.1,64,19,54,57,94,细颗粒物(PM2.5)
镇江市,丹徒区监测站,119.4303,32.1328,2025-03-26T0900,74,139,0.8,64,14,50,60,99,细颗粒物(PM2.5)
镇江市,市疾控中心,119.4424,32.1873,2025-03-26T0900,43,81,0.7,45,11,82,79,66,颗粒物(PM10)
镇江市,富润路1号,119.3842,32.1976,2025-03-26T0900,40,80,0.8,34,13,91,84,65,颗粒物(PM10)
郑州市,烟厂,113.69031,34.76122,2025-03-26T0900,85,294,0.5,56,5,27,32,172,颗粒物(PM10)
郑州市,郑纺机,113.65724,34.77134,2025-03-26T0900,88,303,0.8,63,8,30,38,177,颗粒物(PM10)
郑州市,银行学校,113.67526,34.80246,2025-03-26T0900,87,235,0.7,45,6,31,32,143,颗粒物(PM10)
郑州市,供水公司,113.56746,34.81334,2025-03-26T0900,,,,,,,,,
郑州市,经开区管委,113.7329,34.7178,2025-03-26T0900,79,223,0.7,54,5,25,25,137,颗粒物(PM10)
郑州市,四十七中,113.73961,34.77172,2025-03-26T0900,95,260,0.8,49,8,,29,155,颗粒物(PM10)
郑州市,河医大,113.64164,34.7525,2025-03-26T0900,99,324,0.8,54,7,28,31,187,颗粒物(PM10)
郑州市,岗李水库,113.51488,34.91089,2025-03-26T0900,,,,,,,,,
郑州市,惠济区政府,113.616563,34.86783,2025-03-26T0900,81,238,0.8,42,5,33,32,144,颗粒物(PM10)
郑州市,北区建设指挥部,113.8374,34.5589,2025-03-26T0900,57,98,0.9,47,10,49,28,78,细颗粒物(PM2.5)
郑州市,上街区政府,113.30952,34.803229,2025-03-26T0900,103,392,0.9,51,13,38,39,260,颗粒物(PM10)
郑州市,计划路2号,113.6051,34.7552,2025-03-26T0900,,338,0.9,53,7,31,32,194,颗粒物(PM10)
中山市,华柏园,113.3769,22.5211,2025-03-26T0900,22,28,0.6,12,6,76,88,32,
中山市,张溪,113.3881,22.5497,2025-03-26T0900,33,45,0.6,25,3,54,82,48,
中山市,紫马岭,113.4075,22.5111,2025-03-26T0900,12,27,0.5,15,8,68,78,27,
中山市,长江旅游区,113.4411,22.4853,2025-03-26T0900,17,28,0.6,7,7,71,60,28,
中山市,中山南区,113.3528,22.478,2025-03-26T0900,9,29,0.5,11,5,75,82,29,
中卫市,沙坡头消防站,105.0025,37.4635,2025-03-26T0900,,,,,,,,,
中卫市,环保局站,105.1971,37.5002,2025-03-26T0900,,,,,,,79,,
中卫市,沙坡头区政府站,105.1698,37.5162,2025-03-26T0900,219,444,0.3,2,7,103,100,330,颗粒物(PM10)
重庆市,缙云山,106.3787,29.8279,2025-03-26T0900,25,36,0.6,10,9,116,127,37,
重庆市,天生,106.4213,29.8253,2025-03-26T0900,29,86,0.8,39,14,20,32,68,颗粒物(PM10)
重庆市,两路,106.6263,29.7228,2025-03-26T0900,29,58,0.6,56,12,69,99,54,颗粒物(PM10)
重庆市,虎溪,106.2953,29.5983,2025-03-26T0900,34,55,0.6,63,6,16,28,53,颗粒物(PM10)
重庆市,南坪,106.5777,29.5102,2025-03-26T0900,36,70,1.3,100,8,20,69,60,颗粒物(PM10)
重庆市,唐家沱,106.6556,29.6277,2025-03-26T0900,37,51,0.9,56,10,8,29,53,细颗粒物(PM2.5)
重庆市,茶园,106.6349,29.4906,2025-03-26T0900,42,101,1.1,74,10,22,17,76,颗粒物(PM10)
重庆市,白市驿,106.3754,29.4572,2025-03-26T0900,27,66,0.6,33,18,88,106,58,颗粒物(PM10)
重庆市,空港,106.6205,29.7166,2025-03-26T0900,26,53,0.7,41,13,91,115,52,颗粒物(PM10)
重庆市,礼嘉,106.5616,29.6453,2025-03-26T0900,33,68,1.0,74,11,38,62,59,颗粒物(PM10)
重庆市,蔡家,106.4522,29.7091,2025-03-26T0900,44,86,1.1,54,7,15,19,68,颗粒物(PM10)
重庆市,鱼新街,106.5093,29.3917,2025-03-26T0900,32,74,1.1,87,7,12,6,62,颗粒物(PM10)
重庆市,歇台子,106.4958,29.5346,2025-03-26T0900,27,54,1.1,79,9,38,72,52,颗粒物(PM10)
重庆市,龙井湾,106.4037,29.5728,2025-03-26T0900,14,46,0.4,25,9,111,131,46,
重庆市,龙洲湾,106.5507,29.4153,2025-03-26T0900,34,57,0.4,32,10,74,86,54,颗粒物(PM10)
重庆市,上清寺,106.5468,29.5654,2025-03-26T0900,39,99,1.8,97,9,6,4,75,颗粒物(PM10)
重庆市,安康,108.3872,31.1628,2025-03-26T0900,26,52,0.7,23,9,42,43,51,颗粒物(PM10)
重庆市,北山路,105.9017,29.3569,2025-03-26T0900,68,89,1.4,69,11,25,72,92,细颗粒物(PM2.5)
重庆市,滩子口,106.6479,29.0244,2025-03-26T0900,43,83,0.9,51,22,37,62,67,颗粒物(PM10)
重庆市,棠香,105.7167,29.7076,2025-03-26T0900,51,71,1.0,36,7,28,28,70,细颗粒物(PM2.5)
重庆市,桃源西路,107.0732,29.8617,2025-03-26T0900,31,51,0.6,28,19,53,53,51,颗粒物(PM10)
重庆市,迎宾大道,107.3535,29.7287,2025-03-26T0900,44,59,1.0,38,9,12,7,62,细颗粒物(PM2.5)
重庆市,舟白,108.815,29.5081,2025-03-26T0900,25,34,0.3,14,7,42,29,36,
重庆市,周家坝,108.3679,30.8426,2025-03-26T0900,37,60,0.7,55,13,17,16,55,颗粒物(PM10)
重庆市,百安坝,108.4319,30.7555,2025-03-26T0900,33,78,1.0,60,14,20,52,64,颗粒物(PM10)
重庆市,芙蓉中路,107.7541,29.3277,2025-03-26T0900,29,44,0.6,32,6,13,10,44,
重庆市,西山,108.7661,29.5368,2025-03-26T0900,27,37,0.7,29,6,17,11,39,
重庆市,行政中心,106.2628,29.32,2025-03-26T0900,73,129,1.8,59,11,18,26,98,细颗粒物(PM2.5)
重庆市,书院路,106.2649,29.9851,2025-03-26T0900,73,93,1.0,43,12,12,27,98,细颗粒物(PM2.5)
重庆市,虎峰,106.2339,29.5559,2025-03-26T0900,46,94,1.1,30,18,50,40,72,颗粒物(PM10)
重庆市,龙门街,106.0499,29.8342,2025-03-26T0900,65,68,0.9,45,32,33,44,88,细颗粒物(PM2.5)
重庆市,昌元,105.5933,29.4105,2025-03-26T0900,55,90,1.1,57,5,20,20,75,细颗粒物(PM2.5)
重庆市,双山路147号,106.4686,29.4893,2025-03-26T0900,39,69,0.7,65,12,65,99,60,颗粒物(PM10)
重庆市,桃园路24号,105.8340,30.1886,2025-03-26T0900,88,128,1.1,36,18,32,29,117,细颗粒物(PM2.5)
重庆市,钟楼街32号,107.0910,29.1540,2025-03-26T0900,52,53,2.0,68,9,9,26,72,细颗粒物(PM2.5)
重庆市,人民南路309号,107.8043,30.6735,2025-03-26T0900,37,48,0.6,18,8,64,51,53,细颗粒物(PM2.5)
舟山市,定海檀枫,122.122,30.0203,2025-03-26T0900,24,38,0.7,24,6,66,62,38,
舟山市,临城新区,122.19,29.9944,2025-03-26T0900,12,28,0.7,20,4,68,57,28,
舟山市,普陀东港中学,122.3123,29.9619,2025-03-26T0900,16,21,0.6,24,6,64,50,23,
周口市,周口师范,114.6758,33.6347,2025-03-26T0900,53,95,0.6,16,5,108,103,73,"颗粒物(PM10),细颗粒物(PM2.5)"
周口市,川汇区环保局,114.6369,33.6406,2025-03-26T0900,,,,,,,,,
周口市,七一路,114.6701,33.6167,2025-03-26T0900,53,84,0.8,15,9,97,95,73,细颗粒物(PM2.5)
周口市,太昊路,114.649,33.596,2025-03-26T0900,39,77,0.7,22,9,96,97,64,颗粒物(PM10)
株洲市,天台山庄,113.135,27.8244,2025-03-26T0900,59,82,1.0,20,11,97,102,80,细颗粒物(PM2.5)
株洲市,株冶医院,113.095,27.8867,2025-03-26T0900,53,75,0.7,21,13,100,98,73,细颗粒物(PM2.5)
株洲市,市四中,113.167,27.8667,2025-03-26T0900,55,82,1.0,24,8,106,103,75,细颗粒物(PM2.5)
株洲市,火车站,113.143,27.8381,2025-03-26T0900,56,76,0.9,20,11,91,96,77,细颗粒物(PM2.5)
株洲市,市监测站,113.13,27.8528,2025-03-26T0900,67,89,1.1,21,11,97,100,90,细颗粒物(PM2.5)
株洲市,大京风景区,113.251,27.8336,2025-03-26T0900,50,74,0.6,6,10,110,57,69,细颗粒物(PM2.5)
株洲市,云田中学,113.1817,27.9958,2025-03-26T0900,59,83,0.6,19,15,96,99,80,细颗粒物(PM2.5)
珠海市,吉大,113.5814,22.2618,2025-03-26T0900,18,36,0.4,22,7,53,76,36,
珠海市,前山,113.4881,22.2335,2025-03-26T0900,14,25,0.4,10,6,73,87,25,
珠海市,唐家,113.628,22.4251,2025-03-26T0900,18,32,0.1,21,5,56,69,32,
珠海市,斗门,113.299,22.2281,2025-03-26T0900,18,40,0.8,19,10,64,80,40,
珠海市,金湾,113.3494,22.0569,2025-03-26T0900,7,27,0.5,12,10,72,86,27,
珠海市,横琴,113.5433,22.1163,2025-03-26T0900,18,28,0.4,14,6,65,78,28,
驻马店市,市一纸厂,114.0189,32.9656,2025-03-26T0900,42,85,0.5,27,10,110,114,68,颗粒物(PM10)
驻马店市,市彩印厂,114.0114,33.015,2025-03-26T0900,42,77,0.6,12,5,135,121,64,颗粒物(PM10)
驻马店市,小管楼,114.0012,33.0412,2025-03-26T0900,39,77,0.4,9,14,137,112,64,颗粒物(PM10)
驻马店市,交通路1233号,113.9856,32.9802,2025-03-26T0900,57,68,0.6,26,9,108,116,78,细颗粒物(PM2.5)
资阳市,莲花山,104.6617,30.1372,2025-03-26T0900,53,76,0.9,34,8,44,69,73,细颗粒物(PM2.5)
资阳市,资阳中学,104.6356,30.1506,2025-03-26T0900,43,87,1.0,43,9,12,33,69,颗粒物(PM10)
资阳市,四三一厂,104.6295,30.1383,2025-03-26T0900,57,104,1.0,41,11,25,14,78,细颗粒物(PM2.5)
资阳市,师范校,104.6463,30.1146,2025-03-26T0900,46,72,1.2,46,6,11,6,64,细颗粒物(PM2.5)
资阳市,区法院,104.6296,30.1256,2025-03-26T0900,51,80,1.2,52,11,13,5,70,细颗粒物(PM2.5)
淄博市,人民公园,118.0414,36.8103,2025-03-26T0900,34,136,0.7,38,29,76,83,93,颗粒物(PM10)
淄博市,双山,117.8525,36.4847,2025-03-26T0900,30,99,0.8,15,10,118,114,75,颗粒物(PM10)
淄博市,气象站,117.9592,36.6331,2025-03-26T0900,41,114,0.8,30,19,89,81,82,颗粒物(PM10)
淄博市,新区,117.9883,36.8372,2025-03-26T0900,27,132,0.6,51,17,58,66,91,颗粒物(PM10)
淄博市,三金集团,117.8661,36.805,2025-03-26T0900,34,114,0.4,36,19,77,94,82,颗粒物(PM10)
淄博市,东风化工厂,118.0253,36.8406,2025-03-26T0900,34,131,0.9,46,18,62,68,91,颗粒物(PM10)
淄博市,广场路1号,118.3039,36.8271,2025-03-26T0900,19,117,0.5,34,11,70,80,84,颗粒物(PM10)
自贡市,檀木林体育馆,104.776,29.3627,2025-03-26T0900,44,81,0.7,46,12,59,91,66,颗粒物(PM10)
自贡市,南湖救助站,104.7894,29.3194,2025-03-26T0900,61,93,0.9,58,3,42,54,83,细颗粒物(PM2.5)
自贡市,轻化工大学,104.7636,29.3338,2025-03-26T0900,54,98,1.1,43,11,49,53,74,"颗粒物(PM10),细颗粒物(PM2.5)"
自贡市,贡兴路74号,104.7143,29.3386,2025-03-26T0900,45,82,0.6,37,10,43,56,66,颗粒物(PM10)
遵义市,丁字口,106.9222,27.6869,2025-03-26T0900,42,77,0.7,34,13,27,35,64,颗粒物(PM10)
遵义市,凤凰山,106.9242,27.7019,2025-03-26T0900,50,,0.7,22,25,98,126,69,细颗粒物(PM2.5)
遵义市,忠庄,106.8906,27.6486,2025-03-26T0900,38,53,0.8,27,9,27,25,54,细颗粒物(PM2.5)
遵义市,舟水桥,106.9231,27.6506,2025-03-26T0900,46,95,1.0,30,8,21,9,73,颗粒物(PM10)
遵义市,干田坝,106.9178,27.72,2025-03-26T0900,48,51,0.8,38,10,30,32,67,细颗粒物(PM2.5)
遵义市,遵南大道1161号,106.8609,27.5969,2025-03-26T0900,92,130,1.4,54,12,16,5,122,细颗粒物(PM2.5)
