area,positionname,longitude,latitude,timepoint,pm2_5,pm10,co,no2,so2,o3,o3_8h,aqi,primarypollutant
阿坝藏族羌族自治州,州农科所,102.1879,31.914,2025-05-03T0900,11,32,0.6,13,12,40,44,32,
阿坝藏族羌族自治州,马师校,102.2502,31.8896,2025-05-03T0900,11,18,0.5,20,5,27,32,18,
阿坝藏族羌族自治州,马尔康中学西区,102.2165,31.9024,2025-05-03T0900,9,21,0.4,9,5,38,44,21,
阿克苏地区,电视台,80.292,41.1694,2025-05-03T0900,28,69,0.6,2,7,85,93,60,颗粒物(PM10)
阿克苏地区,艺术中心,80.2613,41.1551,2025-05-03T0900,39,96,0.3,1,5,79,79,73,颗粒物(PM10)
阿拉善盟,西城区西花园,105.6467,38.8363,2025-05-03T0900,22,55,0.7,16,7,73,82,53,颗粒物(PM10)
阿拉善盟,蒙二幼,105.6985,38.8411,2025-05-03T0900,23,63,0.5,8,11,81,74,57,颗粒物(PM10)
阿拉善盟,环保局新楼,105.724,38.8516,2025-05-03T0900,19,59,0.6,5,11,87,76,55,颗粒物(PM10)
阿勒泰地区,市站,88.1264,47.8517,2025-05-03T0900,11,22,0.3,14,3,57,62,22,
阿里地区,阿里监测站,80.1161,32.5,2025-05-03T0900,3,6,0.4,7,5,79,79,25,
阿里地区,阿里藏医院,80.0903,32.5028,2025-05-03T0900,6,29,0.4,13,6,68,80,29,
安康市,香溪洞,109.0318,32.6537,2025-05-03T0900,20,51,0.6,6,10,75,87,51,颗粒物(PM10)
安康市,汉滨区检察院,109.0072,32.6975,2025-05-03T0900,27,68,0.5,14,16,61,52,59,颗粒物(PM10)
安康市,市邮政管理局,109.0325,32.6913,2025-05-03T0900,31,70,0.4,15,21,57,50,60,颗粒物(PM10)
安庆市,环科院,117.0809,30.5177,2025-05-03T0900,29,74,0.7,12,4,105,66,62,颗粒物(PM10)
安庆市,马山宾馆,117.0331,30.5119,2025-05-03T0900,29,68,0.6,10,7,110,69,59,颗粒物(PM10)
安庆市,安庆大学,116.9896,30.6145,2025-05-03T0900,30,62,0.5,11,6,106,90,56,颗粒物(PM10)
安庆市,市人大,117.0598,30.5351,2025-05-03T0900,29,67,0.5,13,9,110,70,59,颗粒物(PM10)
安顺市,伍家关,105.9606,26.2611,2025-05-03T0900,,,,,,,131,,
安顺市,凤凰山,105.9408,26.2431,2025-05-03T0900,27,42,0.5,9,8,113,112,42,
安顺市,金钟山,105.9439,26.2564,2025-05-03T0900,28,42,0.5,8,6,115,117,42,
安顺市,娄家坡,105.8983,26.2481,2025-05-03T0900,,,,,,,123,,
安阳市,棉研所,114.4839,36.0621,2025-05-03T0900,,,,,,,,,
安阳市,红庙街,114.3551,36.1017,2025-05-03T0900,16,183,0.5,3,4,88,78,117,颗粒物(PM10)
安阳市,银杏小区,114.361,36.0681,2025-05-03T0900,,106,0.3,6,6,93,89,,
安阳市,信访局,114.3922,36.0878,2025-05-03T0900,32,140,0.4,4,6,95,91,95,颗粒物(PM10)
安阳市,左辅环卫站,114.4705,36.0637,2025-05-03T0900,13,61,0.5,9,3,96,94,56,颗粒物(PM10)
安阳市,安钢职工学校,114.2917,36.0949,2025-05-03T0900,26,153,0.8,10,6,94,76,102,颗粒物(PM10)
鞍山市,深沟寺,123.044,41.1196,2025-05-03T0900,10,24,1.1,17,16,64,59,24,
鞍山市,太阳城,123.011,41.0931,2025-05-03T0900,10,18,1.0,13,15,62,50,20,
鞍山市,太平,123.0485,41.1442,2025-05-03T0900,10,25,0.7,12,14,61,56,25,
鞍山市,铁西三道街,122.9642,41.0971,2025-05-03T0900,9,24,0.6,14,8,64,53,24,
鞍山市,明达新区,123.022,41.0821,2025-05-03T0900,11,23,,13,14,61,57,,
鞍山市,千山,123.1289,41.0228,2025-05-03T0900,,,,,,,74,,
鞍山市,兴盛南路290号,122.9446,41.0826,2025-05-03T0900,8,38,0.5,14,7,64,53,38,
巴彦淖尔市,附二中,107.4212,40.761,2025-05-03T0900,18,34,0.6,10,6,64,53,34,
巴彦淖尔市,市环保大楼,107.37,40.7372,2025-05-03T0900,20,45,0.5,17,4,62,45,45,
巴音郭楞蒙古自治州,孔雀公园,86.1472,41.7538,2025-05-03T0900,12,38,0.2,5,6,87,89,38,
巴音郭楞蒙古自治州,棉纺厂,86.1972,41.7166,2025-05-03T0900,6,46,0.2,7,3,84,86,46,
巴音郭楞蒙古自治州,经济开发区,86.2357,41.7173,2025-05-03T0900,3,38,0.1,4,7,81,83,38,
巴中市,苏山坪,106.7677,31.8794,2025-05-03T0900,26,54,0.3,8,3,101,122,52,颗粒物(PM10)
巴中市,市五中,106.7768,31.8526,2025-05-03T0900,32,72,0.8,44,7,36,42,61,颗粒物(PM10)
巴中市,圣泉水务公司,106.7418,31.8654,2025-05-03T0900,20,43,0.4,16,7,77,75,43,
巴中市,市中心医院,106.7616,31.8344,2025-05-03T0900,33,63,0.6,28,4,40,28,57,颗粒物(PM10)
白城市,洮北区环保局,122.7911,45.6077,2025-05-03T0900,3,20,0.3,4,3,80,67,25,
白城市,市环保局,122.8738,45.5725,2025-05-03T0900,10,19,0.3,2,1,84,73,27,
白山市,喜丰,126.4219,41.9171,2025-05-03T0900,12,22,0.7,14,7,,27,,
白山市,环保局,126.4077,41.9419,2025-05-03T0900,6,24,0.6,13,3,66,34,24,
白银市,第三小学,104.1724,36.5446,2025-05-03T0900,43,109,0.6,19,30,65,81,80,颗粒物(PM10)
白银市,动力公司,104.1465,36.5482,2025-05-03T0900,57,102,0.5,20,19,73,83,78,细颗粒物(PM2.5)
百色市,市监测站,106.6103,23.9011,2025-05-03T0900,36,54,0.8,21,8,61,59,52,"颗粒物(PM10),细颗粒物(PM2.5)"
百色市,市中心血站,106.6538,23.8859,2025-05-03T0900,57,71,0.9,26,9,60,58,78,细颗粒物(PM2.5)
百色市,祈福高中,106.6085,23.8798,2025-05-03T0900,39,46,0.9,30,8,46,31,55,细颗粒物(PM2.5)
蚌埠市,工人疗养院,117.396,32.939,2025-05-03T0900,38,91,0.8,10,5,98,103,71,颗粒物(PM10)
蚌埠市,百货大楼,117.3605,32.9427,2025-05-03T0900,36,104,0.7,14,7,93,101,77,颗粒物(PM10)
蚌埠市,蚌埠学院,117.4185,32.8911,2025-05-03T0900,38,78,0.7,9,5,90,96,64,颗粒物(PM10)
蚌埠市,淮上区政府,117.3533,32.9673,2025-05-03T0900,38,97,0.5,13,6,98,101,74,颗粒物(PM10)
蚌埠市,高新区,117.3145,32.8977,2025-05-03T0900,39,83,0.6,11,6,94,99,67,颗粒物(PM10)
蚌埠市,蚌埠田家炳中学,117.3092,32.9314,2025-05-03T0900,36,113,0.5,14,7,98,104,82,颗粒物(PM10)
包头市,市环境监测站,109.8756,40.6532,2025-05-03T0900,18,30,1.0,24,31,53,45,30,
包头市,包头八中,109.9991,40.5842,2025-05-03T0900,23,29,0.7,33,32,45,47,33,
包头市,青山宾馆,109.8538,40.6821,2025-05-03T0900,20,24,0.5,16,29,57,45,29,
包头市,惠龙物流,109.8642,40.6288,2025-05-03T0900,25,43,0.9,37,40,42,46,43,
包头市,东河鸿龙湾,110.0377,40.5546,2025-05-03T0900,6,31,0.4,20,14,48,41,31,
包头市,滨河大厦,109.9154,40.5685,2025-05-03T0900,31,47,0.9,17,59,71,32,47,
包头市,包头市委党校,109.9447,40.6261,2025-05-03T0900,12,32,0.8,21,26,54,48,32,
包头市,昆区政府,109.8331,40.6576,2025-05-03T0900,23,31,0.9,21,29,64,57,33,
宝鸡市,庙沟村,107.185,34.3063,2025-05-03T0900,,,,,,,133,,
宝鸡市,竹园沟,107.0708,34.3017,2025-05-03T0900,40,153,0.3,7,8,68,56,102,颗粒物(PM10)
宝鸡市,三陆医院,107.1906,34.3672,2025-05-03T0900,52,144,0.3,17,8,65,69,97,颗粒物(PM10)
宝鸡市,监测站,107.1431,34.3547,2025-05-03T0900,34,171,0.3,12,5,62,61,111,颗粒物(PM10)
宝鸡市,技工学校,107.1186,34.3739,2025-05-03T0900,66,146,0.4,8,8,71,66,98,颗粒物(PM10)
宝鸡市,陈仓区环保局家属楼,107.3906,34.3528,2025-05-03T0900,43,132,0.4,10,8,76,78,91,颗粒物(PM10)
宝鸡市,文理学院,107.2058,34.3497,2025-05-03T0900,50,157,0.3,14,9,69,78,104,颗粒物(PM10)
宝鸡市,三迪小学,107.2386,34.3622,2025-05-03T0900,45,138,0.5,5,24,84,79,94,颗粒物(PM10)
保定市,游泳馆,115.493,38.8632,2025-05-03T0900,12,27,0.2,6,3,84,59,27,
保定市,华电二区,115.5213,38.8959,2025-05-03T0900,3,23,0.0,2,1,88,59,28,
保定市,接待中心,115.4713,38.9108,2025-05-03T0900,6,42,0.2,4,2,72,43,42,
保定市,地表水厂,115.4612,38.8416,2025-05-03T0900,3,38,0.0,6,2,83,50,38,
保定市,满城区生态环境分局,115.31981,38.95208,2025-05-03T0900,3,17,0.2,2,3,96,64,30,
保定市,清苑区第二中学,115.47694,38.76408,2025-05-03T0900,3,28,0.2,2,5,86,70,28,
保定市,徐水物探局,115.62909,39.02311,2025-05-03T0900,12,44,0.1,4,3,82,65,44,
保定市,双鹰农机,115.4202,38.8656,2025-05-03T0900,29,51,0.1,5,9,80,54,51,颗粒物(PM10)
保定市,植保所站,115.5150,38.8590,2025-05-03T0900,8,18,0.2,2,3,80,56,25,
保山市,市环境监测站,99.1678,25.1081,2025-05-03T0900,41,43,0.6,18,9,36,41,58,细颗粒物(PM2.5)
保山市,市环保局,99.1711,25.1328,2025-05-03T0900,24,35,0.6,17,8,27,41,35,
北海市,牛尾岭水库,109.2262,21.588,2025-05-03T0900,3,15,0.6,,10,54,35,,
北海市,海滩公园,109.1436,21.4086,2025-05-03T0900,3,10,0.7,6,5,84,87,27,
北海市,新市环保局,109.0981,21.4661,2025-05-03T0900,14,14,0.5,9,3,77,86,25,
北海市,北海工业园,109.1778,21.5233,2025-05-03T0900,20,39,0.4,10,8,72,76,39,
北海市,龙潭自来水厂,109.1911,21.4415,2025-05-03T0900,11,19,0.5,7,8,81,80,26,
北京市,万寿西宫,116.3621,39.8784,2025-05-03T0900,8,15,0.5,1,6,95,81,30,
北京市,定陵,116.2202,40.2915,2025-05-03T0900,,,,,,,,,
北京市,东四,116.4174,39.9289,2025-05-03T0900,11,17,0.2,4,3,87,72,28,
北京市,天坛,116.4072,39.8863,2025-05-03T0900,13,16,0.4,4,1,84,68,27,
北京市,农展馆,116.462,39.9365,2025-05-03T0900,9,14,0.3,4,2,80,61,25,
北京市,官园,116.3392,39.9295,2025-05-03T0900,6,17,0.2,6,4,79,66,25,
北京市,海淀万柳,116.2878,39.9611,2025-05-03T0900,6,16,0.3,2,4,73,56,23,
北京市,顺义新城,116.6636,40.135,2025-05-03T0900,3,13,0.1,2,6,91,48,29,
北京市,怀柔镇,116.6275,40.3275,2025-05-03T0900,3,10,0.2,2,2,77,46,25,
北京市,昌平镇,116.2296,40.217,2025-05-03T0900,3,12,0.2,2,2,80,66,25,
北京市,奥体中心,116.3966,39.9821,2025-05-03T0900,3,15,0.1,8,3,83,65,26,
北京市,延庆夏都,115.9718,40.4529,2025-05-03T0900,6,15,0.3,6,4,77,69,25,
北京市,密云新城,116.8336,40.4095,2025-05-03T0900,6,8,0.3,3,3,80,42,25,
北京市,门头沟三家店,116.088,39.9726,2025-05-03T0900,,,,,,,,,
北京市,丰台云岗,116.1541,39.8204,2025-05-03T0900,3,13,0.1,1,2,89,76,28,
北京市,通州东关,116.6804,39.9081,2025-05-03T0900,9,24,0.4,2,5,85,55,27,
北京市,房山燕山,115.9577,39.7603,2025-05-03T0900,3,11,0.1,2,3,84,77,27,
北京市,大兴旧宫,116.4672,39.7733,2025-05-03T0900,8,21,0.1,2,3,85,67,27,
北京市,延庆石河营,115.986,40.4563,2025-05-03T0900,3,11,0.3,3,3,72,62,23,
北京市,怀柔新城,116.6151,40.3053,2025-05-03T0900,3,8,0.2,2,1,79,51,25,
北京市,丰台小屯,116.2545,39.8768,2025-05-03T0900,3,17,0.3,2,1,81,65,26,
北京市,密云镇,116.84,40.3844,2025-05-03T0900,7,10,0.3,1,5,81,20,26,
北京市,八角北路9号,116.1942,39.9158,2025-05-03T0900,13,,0,2,3,84,71,27,
北京市,洳河巡河路,117.0790,40.1518,2025-05-03T0900,3,7,0.2,2,2,86,53,27,
本溪市,大峪,123.8275,41.3064,2025-05-03T0900,13,26,0.8,13,12,70,64,26,
本溪市,溪湖,123.7567,41.3325,2025-05-03T0900,13,22,0.8,12,10,68,70,22,
本溪市,彩屯,123.7169,41.3094,2025-05-03T0900,16,24,0.7,15,14,,67,,
本溪市,东明,123.7669,41.2864,2025-05-03T0900,15,39,1.1,15,17,69,74,39,
本溪市,新立屯,123.7992,41.2664,2025-05-03T0900,16,30,1.3,20,15,67,64,30,
本溪市,威宁,123.8142,41.3472,2025-05-03T0900,14,38,0.7,7,7,,63,,
毕节市,八中,105.2864,27.3125,2025-05-03T0900,32,56,0.6,14,6,62,50,53,颗粒物(PM10)
毕节市,师专,105.31,27.2944,2025-05-03T0900,34,58,0.8,33,18,31,34,54,颗粒物(PM10)
毕节市,工业大道,105.3688,27.3598,2025-05-03T0900,37,74,0.7,27,9,59,32,62,颗粒物(PM10)
滨州市,第二水厂,118.0018,37.3617,2025-05-03T0900,17,56,0.5,16,9,56,62,53,颗粒物(PM10)
滨州市,北中新校,117.9776,37.393,2025-05-03T0900,22,46,0.2,20,9,58,59,46,
滨州市,中海酒店,117.9378,37.3956,2025-05-03T0900,17,36,0.6,14,9,58,52,36,
滨州市,开发区一中,117.9378,37.3553,2025-05-03T0900,17,102,0.4,23,7,53,56,76,颗粒物(PM10)
滨州市,金海六路,118.0917,37.694,2025-05-03T0900,22,95,0.2,13,10,72,44,73,颗粒物(PM10)
滨州市,滨州市西街道办事处,117.9956,37.3753,2025-05-03T0900,19,58,0.2,17,7,62,65,54,颗粒物(PM10)
亳州市,污水处理厂,115.8072,33.8399,2025-05-03T0900,11,40,0.3,8,3,90,99,40,
亳州市,三国揽胜宫,115.7789,33.8518,2025-05-03T0900,9,50,0.3,6,5,95,106,50,
亳州市,亳州学院,115.7633,33.8034,2025-05-03T0900,11,33,0.4,9,3,99,111,33,
博尔塔拉蒙古自治州,市党校,82.0485,44.8556,2025-05-03T0900,12,20,0.9,14,5,33,58,20,
博尔塔拉蒙古自治州,市环保局,82.0806,44.8969,2025-05-03T0900,12,20,0.8,18,2,64,66,20,
沧州市,沧县城建局,116.8842,38.2991,2025-05-03T0900,39,68,0.2,9,2,76,59,59,颗粒物(PM10)
沧州市,电视转播站,116.8584,38.3254,2025-05-03T0900,7,101,0.2,12,3,76,51,76,颗粒物(PM10)
沧州市,市环保局,116.8709,38.3228,2025-05-03T0900,24,38,0.3,7,1,84,59,38,
沧州市,河北水利电力学院,116.8136,38.3004,2025-05-03T0900,3,78,0.1,10,2,83,60,64,颗粒物(PM10)
昌都市,昌都监测站,97.1806,31.1273,2025-05-03T0900,9,12,0.2,8,3,,80,,
昌都市,昌都会议中心,97.1714,31.1406,2025-05-03T0900,9,14,0.3,7,3,67,83,21,
昌吉回族自治州,天山天池,88.1236,43.8886,2025-05-03T0900,10,,0.5,5,6,74,44,24,
昌吉回族自治州,新区政务中心,87.2717,44.0297,2025-05-03T0900,,,,,,,31,,
昌吉回族自治州,亚心广场,87.3095,44.0142,2025-05-03T0900,3,7,0.1,5,7,89,65,28,
长春市,食品厂,125.3325,43.9166,2025-05-03T0900,19,36,0.4,22,5,43,41,36,
长春市,客车厂,125.2863,43.9027,2025-05-03T0900,17,29,0.3,19,5,50,43,29,
长春市,邮电学院,125.2841,43.8463,2025-05-03T0900,21,21,0.6,17,6,45,43,30,
长春市,劳动公园,125.3716,43.8772,2025-05-03T0900,19,32,0.4,15,6,43,44,32,
长春市,园林处,125.3297,43.8805,2025-05-03T0900,16,29,0.3,17,6,51,44,29,
长春市,净月潭,125.4605,43.79,2025-05-03T0900,19,27,0.4,22,6,28,35,28,
长春市,甩湾子,125.7194,43.515,2025-05-03T0900,,,,,,,,,
长春市,经开区环卫处,125.3863,43.8447,2025-05-03T0900,16,37,0.4,17,6,42,37,37,
长春市,高新区管委会,125.245,43.7783,2025-05-03T0900,20,24,0.3,15,7,48,41,29,
长春市,岱山公园,125.1761,43.8325,2025-05-03T0900,24,25,0.3,20,4,32,40,35,
长沙市,经开区环保局,113.0833,28.2325,2025-05-03T0900,34,75,0.6,19,12,68,62,63,颗粒物(PM10)
长沙市,高开区环保局,112.8872,28.2189,2025-05-03T0900,35,81,0.7,15,13,76,68,66,颗粒物(PM10)
长沙市,马坡岭,113.0792,28.2053,2025-05-03T0900,46,81,0.6,22,9,54,55,66,颗粒物(PM10)
长沙市,湖南师范大学,112.9394,28.19,2025-05-03T0900,39,82,0.7,31,9,56,60,66,颗粒物(PM10)
长沙市,雨花区环保局,113.0178,28.1322,2025-05-03T0900,36,89,0.5,27,10,35,64,70,颗粒物(PM10)
长沙市,伍家岭,112.9792,28.2597,2025-05-03T0900,33,84,0.7,31,7,38,17,67,颗粒物(PM10)
长沙市,火车新站,113.0014,28.1944,2025-05-03T0900,39,84,1.2,32,12,44,28,67,颗粒物(PM10)
长沙市,天心区环保局,112.9844,28.1178,2025-05-03T0900,40,83,0.8,18,11,81,81,67,颗粒物(PM10)
长沙市,湖南中医药大学,112.8908,28.1308,2025-05-03T0900,36,85,0.6,17,10,68,22,68,颗粒物(PM10)
长沙市,沙坪,112.9581,28.3611,2025-05-03T0900,30,72,0.6,16,10,65,63,61,颗粒物(PM10)
长治市,清华站,113.1147,36.1547,2025-05-03T0900,9,98,0.6,8,8,87,103,74,颗粒物(PM10)
长治市,审计局,113.0886,36.2125,2025-05-03T0900,7,60,0.5,10,12,87,100,55,颗粒物(PM10)
长治市,长治八中,113.0844,36.1856,2025-05-03T0900,16,27,0.7,10,12,83,97,27,
长治市,德盛苑,113.1569,36.1911,2025-05-03T0900,9,42,0.5,9,10,85,98,42,
长治市,向阳小学,113.06,36.0464,2025-05-03T0900,12,68,0.3,11,15,91,102,59,颗粒物(PM10)
长治市,屯留一中,112.8792,36.3144,2025-05-03T0900,3,26,0.2,6,9,79,80,26,
长治市,英华南巷50号,113.1131,36.19948,2025-05-03T0900,17,40,,11,6,,100,,
长治市,学府街1号,113.2367,36.3344,2025-05-03T0900,6,47,0.3,8,1,85,88,47,
常德市,市二中,111.6975,28.9703,2025-05-03T0900,31,57,0.8,13,11,72,65,54,颗粒物(PM10)
常德市,白鹤山,111.7158,29.1456,2025-05-03T0900,,,,,,,,,
常德市,武陵区永安,111.7153,29.0289,2025-05-03T0900,38,82,0,12,12,72,61,66,颗粒物(PM10)
常德市,鼎城区玉霞,111.6892,28.9881,2025-05-03T0900,34,78,0.6,11,9,71,46,64,颗粒物(PM10)
常德市,武陵区长庚,111.6625,29.0531,2025-05-03T0900,40,72,0.7,12,13,70,74,61,颗粒物(PM10)
常州市,市监测站,119.9633,31.762,2025-05-03T0900,21,72,0.8,12,11,95,77,61,颗粒物(PM10)
常州市,武进监测站,119.9468,31.7069,2025-05-03T0900,18,60,0.8,18,12,107,78,55,颗粒物(PM10)
常州市,安家,119.9255,31.9087,2025-05-03T0900,22,74,0.4,18,12,102,57,62,颗粒物(PM10)
常州市,行政中心,119.9805,31.8174,2025-05-03T0900,20,56,0.5,16,17,103,84,53,颗粒物(PM10)
常州市,经开区,120.0522,31.7748,2025-05-03T0900,19,65,0.6,14,12,111,94,58,颗粒物(PM10)
常州市,钟楼,119.9025,31.7964,2025-05-03T0900,23,56,0.5,15,8,104,79,53,颗粒物(PM10)
常州市,武进经发区,119.8598,31.7066,2025-05-03T0900,22,52,0.8,10,10,104,78,51,颗粒物(PM10)
常州市,金坛城区,119.5826,31.7245,2025-05-03T0900,24,56,0.7,12,10,114,88,53,颗粒物(PM10)
朝阳市,西梁,120.4318,41.5881,2025-05-03T0900,22,45,0.3,7,8,83,69,45,
朝阳市,河畔小区,120.4521,41.5646,2025-05-03T0900,7,52,0.2,5,5,84,73,51,颗粒物(PM10)
朝阳市,八里堡,120.4176,41.5648,2025-05-03T0900,7,41,0.2,8,5,79,70,41,
朝阳市,农业园区,120.3806,41.5969,2025-05-03T0900,7,37,0.2,4,6,85,73,37,
潮州市,西园路,116.6367,23.6719,2025-05-03T0900,24,51,0.6,7,4,65,62,51,颗粒物(PM10)
潮州市,市政府,116.6183,23.6608,2025-05-03T0900,33,53,0.9,18,10,61,70,52,颗粒物(PM10)
潮州市,金山,116.6461,23.6761,2025-05-03T0900,25,37,0.8,12,7,48,52,37,
郴州市,马头岭,113.0073,25.9061,2025-05-03T0900,15,50,0.4,16,9,84,66,50,
郴州市,市职中,113.0116,25.8226,2025-05-03T0900,33,54,0.6,11,7,110,75,52,颗粒物(PM10)
郴州市,市审计局,113.0383,25.8071,2025-05-03T0900,29,46,0.5,12,3,109,104,46,
郴州市,市环保局,113.0348,25.7759,2025-05-03T0900,31,56,0.5,10,4,116,122,53,颗粒物(PM10)
郴州市,好美居路49号,113.0138,25.8011,2025-05-03T0900,28,43,0.6,10,8,122,119,43,
成都市,金泉两河,103.9728,30.7236,2025-05-03T0900,44,80,0.9,28,8,56,40,65,颗粒物(PM10)
成都市,十里店,104.176,30.6872,2025-05-03T0900,27,84,0.5,29,9,81,56,67,颗粒物(PM10)
成都市,三瓦窑,104.079,30.5706,2025-05-03T0900,61,110,0.9,64,8,35,6,83,细颗粒物(PM2.5)
成都市,沙河铺,104.1114,30.63,2025-05-03T0900,27,63,1.0,28,8,42,33,57,颗粒物(PM10)
成都市,君平街,104.0786,30.6531,2025-05-03T0900,34,79,,,,,40,,
成都市,灵岩寺,103.613,31.0283,2025-05-03T0900,,,,,,,,,
成都市,大石西路,104.0239,30.65639,2025-05-03T0900,44,78,0.5,33,10,69,44,64,颗粒物(PM10)
成都市,龙泉驿区区政府,104.2725,30.5589,2025-05-03T0900,48,97,0.7,32,6,47,80,74,颗粒物(PM10)
成都市,金博路,104.0106,30.6931,2025-05-03T0900,26,63,0.5,30,11,46,38,57,颗粒物(PM10)
成都市,华阳,104.0578,30.5225,2025-05-03T0900,73,122,1.1,55,8,30,7,98,细颗粒物(PM2.5)
成都市,青白江技师分院,104.3853,30.7453,2025-05-03T0900,41,96,0.5,50,8,32,43,73,颗粒物(PM10)
成都市,科学城,104.0789,30.4072,2025-05-03T0900,67,109,0.7,36,5,33,23,90,细颗粒物(PM2.5)
成都市,光华大道三段,103.8506,30.6947,2025-05-03T0900,34,71,0.8,30,4,62,86,61,颗粒物(PM10)
成都市,鲸龙路1057号,104.2433,30.5353,2025-05-03T0900,70,121,0.8,54,7,31,43,94,细颗粒物(PM2.5)
承德市,铁路,117.9531,40.9081,2025-05-03T0900,3,23,0.2,7,2,81,24,26,
承德市,中国银行,117.9392,40.9763,2025-05-03T0900,3,8,0.2,2,4,82,18,26,
承德市,开发区,117.9503,40.928,2025-05-03T0900,10,17,0.2,6,4,85,22,27,
承德市,文化中心,117.8051,40.9655,2025-05-03T0900,3,10,0.2,7,3,81,28,26,
承德市,离宫,117.9268,41.0026,2025-05-03T0900,8,,0.2,3,3,88,30,28,
池州市,池州学院,117.47,30.6618,2025-05-03T0900,29,57,0.5,18,8,95,77,54,颗粒物(PM10)
池州市,展览馆,117.4918,30.6617,2025-05-03T0900,28,65,0.5,16,7,97,78,58,颗粒物(PM10)
池州市,第八中学,117.5627,30.695,2025-05-03T0900,28,66,0.4,15,7,100,67,58,颗粒物(PM10)
池州市,第十二中学,117.5038,30.6243,2025-05-03T0900,28,61,0.6,14,6,102,80,56,颗粒物(PM10)
赤峰市,松山一中,118.9233,42.2816,2025-05-03T0900,6,19,0.4,11,10,83,72,26,
赤峰市,哈达街,118.9576,42.2728,2025-05-03T0900,6,20,0.3,14,9,81,74,26,
赤峰市,天义路,118.8788,42.2554,2025-05-03T0900,3,32,0.3,8,7,85,74,32,
赤峰市,银河街,119.2658,42.0353,2025-05-03T0900,12,35,0.4,7,16,74,72,35,
赤峰市,桥北物流园区,118.9359,42.3147,2025-05-03T0900,9,27,0.3,13,7,79,63,27,
崇左市,市环保局江州分局,107.3476,22.4136,2025-05-03T0900,26,52,0.5,13,13,56,68,51,颗粒物(PM10)
崇左市,石景林东路7号,107.3750,22.3736,2025-05-03T0900,17,38,0.5,10,13,62,69,38,
滁州市,老年大学,118.3093,32.3153,2025-05-03T0900,36,83,0.4,7,3,142,111,67,颗粒物(PM10)
滁州市,人大宾馆,118.3244,32.2786,2025-05-03T0900,51,82,0.4,11,10,146,117,70,细颗粒物(PM2.5)
滁州市,市政府原办公楼,118.3118,32.3038,2025-05-03T0900,36,78,0.4,8,5,141,113,64,颗粒物(PM10)
滁州市,图书馆,118.3267,32.2634,2025-05-03T0900,49,85,0.5,6,9,136,109,68,"颗粒物(PM10),细颗粒物(PM2.5)"
楚雄彝族自治州,州环境监测站,101.5482,25.0441,2025-05-03T0900,18,23,0.6,20,8,42,42,26,
楚雄彝族自治州,市经济开发区,101.538,25.0492,2025-05-03T0900,14,17,0.6,14,11,48,42,20,
达州市,达州职业技术学院,107.5277,31.2827,2025-05-03T0900,36,79,0.6,19,16,54,27,65,颗粒物(PM10)
达州市,市环境监测站,107.5086,31.2186,2025-05-03T0900,29,71,0.3,35,15,46,36,61,颗粒物(PM10)
达州市,凤凰小区,107.4988,31.2132,2025-05-03T0900,31,85,0.4,31,17,53,44,68,颗粒物(PM10)
达州市,达县机关宾馆,107.5082,31.1986,2025-05-03T0900,29,80,,28,,41,29,,
达州市,市政中心,107.4644,31.2124,2025-05-03T0900,34,72,0.5,32,11,42,28,61,颗粒物(PM10)
大理白族自治州,大理市环境监测站,100.1542,25.7054,2025-05-03T0900,27,,0.3,10,7,63,71,39,
大理白族自治州,大理古城,100.2171,25.5811,2025-05-03T0900,15,15,0.4,10,8,,49,,
大连市,甘井子,121.612,38.9741,2025-05-03T0900,11,22,0.3,17,4,89,87,28,
大连市,周水子,121.565,38.9511,2025-05-03T0900,9,23,0.3,10,6,88,84,28,
大连市,星海三站,121.5637,38.8845,2025-05-03T0900,8,16,0.2,10,4,92,93,29,
大连市,青泥洼桥,121.6302,38.9117,2025-05-03T0900,10,23,0.2,10,6,95,91,30,
大连市,傅家庄,121.6251,38.8638,2025-05-03T0900,10,15,0.2,10,5,94,99,30,
大连市,七贤岭,121.5213,38.8661,2025-05-03T0900,7,16,0.4,9,5,96,94,30,
大连市,旅顺,121.2529,38.8061,2025-05-03T0900,10,19,0.2,20,4,73,70,23,
大连市,金州,121.7485,39.1311,2025-05-03T0900,11,19,0.3,16,6,90,88,29,
大连市,开发区,121.7811,39.0496,2025-05-03T0900,13,32,0.4,21,5,78,78,32,
大连市,双D港,121.9762,39.0631,2025-05-03T0900,8,14,0.2,10,7,96,95,30,
大庆市,大同区,124.81117,46.03138,2025-05-03T0900,17,,0.4,6,4,78,68,25,
大庆市,龙凤区,125.129,46.533,2025-05-03T0900,18,,0.3,10,4,94,80,30,
大庆市,红岗区,124.902,46.408,2025-05-03T0900,10,15,0.3,5,6,93,72,30,
大庆市,萨尔图区,125.153,46.586,2025-05-03T0900,16,23,0.3,7,6,89,81,28,
大庆市,让胡路区,124.9042,46.6215,2025-05-03T0900,18,21,0.3,9,6,87,76,28,
大庆市,萨区政府监测点,125.141,46.634,2025-05-03T0900,12,23,0.4,4,5,98,87,31,
大同市,果树场,113.3819,40.1097,2025-05-03T0900,35,,0.6,13,19,63,36,50,
大同市,云冈宾馆,113.2994,40.0758,2025-05-03T0900,8,27,1.2,17,16,62,48,27,
大同市,大同大学,113.3444,40.0917,2025-05-03T0900,13,29,1.1,28,22,48,38,29,
大同市,安家小村,113.2661,40.1269,2025-05-03T0900,14,64,1.6,18,30,57,52,57,颗粒物(PM10)
大同市,教育学院,113.2711,40.0844,2025-05-03T0900,3,35,1.3,17,15,60,51,35,
大同市,大同市卫生学校,113.3397,40.0597,2025-05-03T0900,17,25,1.0,21,15,51,48,25,
大同市,云冈站,113.1367,40.1122,2025-05-03T0900,14,35,0.4,10,14,66,49,35,
大同市,图书馆,113.1186,40.2556,2025-05-03T0900,26,29,0.9,17,21,56,35,38,
大同市,区一中,113.5931,40.0461,2025-05-03T0900,6,33,0.6,8,21,77,56,33,
大同市,魏都大道141号,113.2798,40.0997,2025-05-03T0900,14,47,1.4,18,22,64,54,47,
大兴安岭地区,科技局,124.1069,50.4097,2025-05-03T0900,10,18,0.3,3,4,76,71,24,
大兴安岭地区,红旗社区,124.1164,50.4278,2025-05-03T0900,3,6,0.3,1,4,75,65,24,
丹东市,江湾东路,124.3303,40.0625,2025-05-03T0900,22,27,0.6,14,8,74,77,32,
丹东市,临江后街,124.4256,40.1503,2025-05-03T0900,22,32,0.8,12,6,76,75,32,
丹东市,元宝山,124.3933,40.1461,2025-05-03T0900,15,30,0.7,16,9,67,76,30,
丹东市,民主桥,124.3633,40.1092,2025-05-03T0900,,,,13,,72,80,,
儋州市,第一中学子站,109.5726,19.5167,2025-05-03T0900,13,24,0.7,4,5,45,31,24,
儋州市,东坡学校子站,109.5567,19.5187,2025-05-03T0900,12,24,0.6,5,4,42,30,24,
德宏傣族景颇族自治州,德宏州监测站,98.5842,24.428,2025-05-03T0900,19,36,0.7,21,12,9,21,36,
德宏傣族景颇族自治州,芒市人民政府综合楼,98.5881,24.4368,2025-05-03T0900,16,42,0.7,17,5,17,26,42,
德阳市,东山公园,104.4239,31.1208,2025-05-03T0900,29,62,0.8,14,5,100,99,56,颗粒物(PM10)
德阳市,西小区,104.3826,31.1317,2025-05-03T0900,28,72,1.0,43,6,65,72,61,颗粒物(PM10)
德阳市,耐火材料厂,104.3553,31.1091,2025-05-03T0900,30,101,0.7,40,10,72,77,76,颗粒物(PM10)
德阳市,市教育局,104.4019,31.1244,2025-05-03T0900,32,68,0.8,35,6,79,64,59,颗粒物(PM10)
德州市,儿童乐园,116.3032,37.4674,2025-05-03T0900,22,92,0.3,5,5,,60,,
德州市,监理站,116.2991,37.4451,2025-05-03T0900,7,29,0.3,6,,79,64,,
德州市,九衢泉纯净水厂,116.2721,37.4379,2025-05-03T0900,22,39,0.5,4,8,74,54,39,
德州市,开发区人民医院,116.3728,37.4403,2025-05-03T0900,19,80,0.5,6,4,75,60,65,颗粒物(PM10)
德州市,太阳城中学,116.3572,37.4094,2025-05-03T0900,17,66,0.5,8,3,92,80,58,颗粒物(PM10)
德州市,陵城艺术中心,116.5652,37.3319,2025-05-03T0900,17,166,0,11,4,76,69,108,颗粒物(PM10)
迪庆藏族自治州,迪庆州站,99.7056,27.8317,2025-05-03T0900,23,42,0.5,14,8,31,36,42,
迪庆藏族自治州,质量技术监督局,99.7136,27.8094,2025-05-03T0900,20,26,0.7,18,5,31,40,29,
定西市,将台街,104.6092,35.5962,2025-05-03T0900,44,128,0.0,21,6,62,80,89,颗粒物(PM10)
定西市,正龙路62号,104.6159,35.5701,2025-05-03T0900,36,105,0.3,7,9,73,84,78,颗粒物(PM10)
东莞市,莞城梨川,113.7547,23.0494,2025-05-03T0900,50,68,0.7,14,5,142,128,69,细颗粒物(PM2.5)
东莞市,东城石井,113.7944,23.0128,2025-05-03T0900,40,61,0.8,15,4,139,94,57,细颗粒物(PM2.5)
东莞市,南城西平,113.7383,22.9658,2025-05-03T0900,48,66,0.6,19,3,138,110,67,细颗粒物(PM2.5)
东莞市,万江金泰,113.7338,23.0381,2025-05-03T0900,45,61,0.7,11,5,135,120,63,细颗粒物(PM2.5)
东莞市,南城元岭,113.7533,23.0202,2025-05-03T0900,42,67,0.7,10,3,137,119,59,"颗粒物(PM10),细颗粒物(PM2.5)"
东莞市,东城主山,113.7875,23.0457,2025-05-03T0900,42,62,0.5,18,4,127,120,59,细颗粒物(PM2.5)
东营市,市环保局,118.6614,37.4309,2025-05-03T0900,14,41,0.4,26,9,74,76,41,
东营市,开发区管委会,118.6904,37.4338,2025-05-03T0900,17,57,0.4,22,9,73,73,54,颗粒物(PM10)
东营市,垦利区民丰路,118.5719,37.565,2025-05-03T0900,12,53,0.8,,6,67,68,,
东营市,河口城区,118.5055,37.8612,2025-05-03T0900,7,31,1.0,22,7,74,68,31,
东营市,胜利站,118.4978,37.4623,2025-05-03T0900,24,56,0.8,23,12,60,58,53,颗粒物(PM10)
东营市,理想之城,118.35,37.26,2025-05-03T0900,17,56,0.6,24,10,68,68,53,颗粒物(PM10)
鄂尔多斯市,综合楼,110.0023,39.8129,2025-05-03T0900,7,34,0.4,26,10,56,63,34,
鄂尔多斯市,巴音孟克林场办事处,109.9486,39.8261,2025-05-03T0900,7,19,0.3,14,9,73,56,23,
鄂尔多斯市,康泽苑,109.7736,39.5986,2025-05-03T0900,9,19,0.3,7,6,73,55,23,
鄂尔多斯市,华泰汽车城,109.8119,39.5989,2025-05-03T0900,7,27,0.3,12,7,67,46,27,
鄂尔多斯市,奥林花园,109.9734,39.7884,2025-05-03T0900,9,24,0.4,27,8,57,55,24,
鄂州市,市政府,114.8938,30.3994,2025-05-03T0900,30,89,0.4,15,7,92,69,70,颗粒物(PM10)
鄂州市,赵家坝,114.8989,30.3714,2025-05-03T0900,25,78,0.7,10,5,98,87,64,颗粒物(PM10)
鄂州市,精准医疗中心,114.8094,30.4089,2025-05-03T0900,32,76,0.5,16,3,110,80,63,颗粒物(PM10)
恩施土家族苗族自治州,湖北民院,109.4978,30.2981,2025-05-03T0900,24,62,0.5,16,6,35,36,56,颗粒物(PM10)
恩施土家族苗族自治州,州电力总公司,109.4707,30.2798,2025-05-03T0900,27,58,0.4,22,5,22,14,54,颗粒物(PM10)
恩施土家族苗族自治州,龙凤新区,109.5061,30.3772,2025-05-03T0900,27,50,0.5,13,6,55,48,50,
防城港市,沙万,108.3411,21.6158,2025-05-03T0900,13,29,0.6,5,1,56,69,29,
防城港市,防城档案局,108.3514,21.7731,2025-05-03T0900,14,30,0.6,5,5,58,58,30,
防城港市,大海花园,108.3506,21.6414,2025-05-03T0900,9,14,0.4,2,2,65,87,21,
佛山市,湾梁,113.1294,23.0067,2025-05-03T0900,25,41,0.7,18,7,94,102,41,
佛山市,华材职中,113.1083,23.0478,2025-05-03T0900,32,41,0.6,17,8,94,111,46,
佛山市,南海气象局,113.144,23.0453,2025-05-03T0900,28,55,0.6,18,1,87,88,53,颗粒物(PM10)
佛山市,顺德苏岗,113.2881,22.8094,2025-05-03T0900,29,38,0.6,12,6,102,98,42,
佛山市,高明孔堂,112.8383,22.8678,2025-05-03T0900,23,,0.6,7,6,72,90,33,
佛山市,三水监测站,112.8836,23.1588,2025-05-03T0900,27,41,0.6,34,4,64,73,41,
佛山市,三水云东海,112.867,23.185,2025-05-03T0900,36,51,0.6,26,4,84,90,52,细颗粒物(PM2.5)
佛山市,容桂街道办,113.2544,22.7642,2025-05-03T0900,31,41,0.8,16,7,98,96,45,
福州市,鼓山,119.3903,26.0543,2025-05-03T0900,,,,,,,127,,
福州市,师大,119.2681,26.0504,2025-05-03T0900,29,65,0.5,20,10,88,95,58,颗粒物(PM10)
福州市,五四北路,119.2984,26.1028,2025-05-03T0900,29,63,0.5,12,4,102,92,57,颗粒物(PM10)
福州市,杨桥西路,119.2648,26.0768,2025-05-03T0900,29,80,0.4,16,9,94,85,65,颗粒物(PM10)
福州市,紫阳,119.317,26.0746,2025-05-03T0900,27,70,0.4,33,6,81,97,60,颗粒物(PM10)
福州市,九龙,119.5799,26.0936,2025-05-03T0900,22,55,0.4,21,5,86,70,53,颗粒物(PM10)
福州市,吴航,119.5189,25.9664,2025-05-03T0900,27,50,,19,6,96,72,,
抚顺市,望花区,123.7977,41.8491,2025-05-03T0900,9,46,0.4,12,9,67,57,46,
抚顺市,顺城区,123.9161,41.8822,2025-05-03T0900,8,17,0.4,15,8,65,63,21,
抚顺市,东洲区,124.0436,41.8611,2025-05-03T0900,11,37,0.5,15,9,63,62,37,
抚顺市,新抚区,123.9247,41.8642,2025-05-03T0900,7,38,0.4,10,8,61,59,38,
抚顺市,大伙房水库,124.0972,41.8961,2025-05-03T0900,10,32,0.5,8,10,64,65,32,
抚顺市,沈抚新城,123.7086,41.8391,2025-05-03T0900,7,,,12,,64,56,,
抚州市,桐源党溪,116.2127,28.0814,2025-05-03T0900,28,47,0.4,3,11,57,36,47,
抚州市,市站,116.3544,27.9831,2025-05-03T0900,18,46,0.6,9,7,65,57,46,
抚州市,血防站,116.3565,27.963,2025-05-03T0900,17,46,0.5,10,3,63,56,46,
抚州市,采茶剧团,116.3564,28.0007,2025-05-03T0900,18,49,0.6,12,12,52,44,49,
抚州市,医学分院,116.385,27.9647,2025-05-03T0900,16,52,0.8,4,28,63,54,51,颗粒物(PM10)
阜新市,工业园区,121.6094,41.998,2025-05-03T0900,10,56,0.3,6,8,82,62,53,颗粒物(PM10)
阜新市,长青街,121.6697,42.0279,2025-05-03T0900,6,12,0.3,7,6,81,61,26,
阜新市,农业园区,121.6673,42.0705,2025-05-03T0900,3,11,0.4,5,6,75,61,24,
阜新市,东苑,121.6717,42.0224,2025-05-03T0900,3,45,0.4,6,9,79,62,45,
阜新市,玉龙新城,121.6506,42.0498,2025-05-03T0900,3,23,0.4,4,8,80,60,25,
阜阳市,市监测站,115.8277,32.8929,2025-05-03T0900,19,59,0.2,10,9,102,110,55,颗粒物(PM10)
阜阳市,开发区,115.8554,32.8605,2025-05-03T0900,18,61,0.2,12,8,106,113,56,颗粒物(PM10)
阜阳市,阜阳职业技术学院,115.784,32.8892,2025-05-03T0900,43,,0.3,7,6,110,121,60,细颗粒物(PM2.5)
阜阳市,市规划展馆,115.7901,32.8613,2025-05-03T0900,36,44,0.3,7,8,111,122,52,细颗粒物(PM2.5)
阜阳市,枣园社区,115.836,32.9183,2025-05-03T0900,17,62,0.4,8,8,103,111,56,颗粒物(PM10)
甘南藏族自治州,州政府,102.9099,34.9841,2025-05-03T0900,105,350,0.5,22,8,24,29,200,颗粒物(PM10)
甘南藏族自治州,甘肃民族师范学院,102.8914,34.9617,2025-05-03T0900,108,398,0.5,26,8,19,21,269,颗粒物(PM10)
甘孜藏族自治州,水桥子,101.9603,30.0475,2025-05-03T0900,11,15,0.3,32,4,18,30,16,
甘孜藏族自治州,州环保局,101.9533,29.9972,2025-05-03T0900,3,24,0.1,25,1,26,18,24,
赣江新区,桑海产业园,115.8347,28.932,2025-05-03T0900,26,78,0.4,19,7,48,40,64,颗粒物(PM10)
赣州市,通天岩,114.9017,25.9149,2025-05-03T0900,7,55,1.0,5,3,112,112,53,颗粒物(PM10)
赣州市,地委,114.9367,25.8664,2025-05-03T0900,25,52,1.0,10,9,113,103,51,颗粒物(PM10)
赣州市,气象台,114.9461,25.8481,2025-05-03T0900,19,44,0.3,10,9,112,104,44,
赣州市,市图书馆,114.9322,25.8333,2025-05-03T0900,22,46,0.5,10,5,97,89,46,
赣州市,华坚鞋城,114.8905,25.8471,2025-05-03T0900,26,52,0.5,8,8,109,98,51,颗粒物(PM10)
赣州市,赣县区卫计委,115.0093,25.8613,2025-05-03T0900,28,57,1.0,4,4,102,58,54,颗粒物(PM10)
固原市,马园,106.2319,36.1417,2025-05-03T0900,10,70,0.6,9,5,78,61,60,颗粒物(PM10)
固原市,监测站,106.2792,36.0022,2025-05-03T0900,29,85,0.3,4,5,77,67,68,颗粒物(PM10)
固原市,新区,106.2375,36.0211,2025-05-03T0900,38,91,0.5,4,5,75,68,71,颗粒物(PM10)
固原市,原州区十五小,106.2177,35.9959,2025-05-03T0900,,,0.3,6,8,78,68,,
广安市,小平旧居,106.6308,30.5278,2025-05-03T0900,,,,,,,,,
广安市,市委,106.6303,30.4576,2025-05-03T0900,30,92,0.5,16,5,64,56,71,颗粒物(PM10)
广安市,友谊中学,106.6271,30.4663,2025-05-03T0900,27,65,0.7,19,3,65,54,58,颗粒物(PM10)
广安市,广电花园,106.6388,30.4551,2025-05-03T0900,31,,0.5,18,7,65,54,45,
广安市,北辰小学,106.6351,30.4865,2025-05-03T0900,38,86,0.6,22,7,46,52,68,颗粒物(PM10)
广元市,黑石坡,105.8945,32.4535,2025-05-03T0900,24,159,0.2,6,3,88,82,105,颗粒物(PM10)
广元市,老城,105.821,32.4444,2025-05-03T0900,22,130,0.4,10,3,87,61,90,颗粒物(PM10)
广元市,监测站,105.8628,32.4287,2025-05-03T0900,23,111,0.3,8,3,89,73,81,颗粒物(PM10)
广元市,经开区,105.8047,32.4166,2025-05-03T0900,46,138,0.5,12,4,91,52,94,颗粒物(PM10)
广州市,广雅中学,113.2347,23.1423,2025-05-03T0900,36,51,0.8,11,4,104,105,52,细颗粒物(PM2.5)
广州市,市五中,113.2612,23.105,2025-05-03T0900,41,56,1.0,12,1,95,100,58,细颗粒物(PM2.5)
广州市,广东商学院,113.3478,23.0916,2025-05-03T0900,36,57,0.8,40,4,70,112,54,颗粒物(PM10)
广州市,市八十六中,113.4332,23.1047,2025-05-03T0900,36,62,1.0,39,3,88,105,56,颗粒物(PM10)
广州市,番禺中学,113.3505,22.9483,2025-05-03T0900,42,51,0.8,25,5,95,115,59,细颗粒物(PM2.5)
广州市,花都师范,113.2146,23.3916,2025-05-03T0900,37,66,0.9,39,6,56,96,58,颗粒物(PM10)
广州市,市监测站,113.2597,23.1331,2025-05-03T0900,40,54,0.5,19,5,84,89,57,细颗粒物(PM2.5)
广州市,九龙镇镇龙,113.5618,23.312,2025-05-03T0900,40,,,25,6,,81,,
广州市,麓湖,113.2765,23.1544,2025-05-03T0900,39,52,0.7,22,5,96,106,55,细颗粒物(PM2.5)
广州市,帽峰山森林公园,113.443,23.3035,2025-05-03T0900,3,45,0.8,13,7,81,90,45,
广州市,体育西,113.3221,23.1322,2025-05-03T0900,42,56,0.7,31,4,82,105,59,细颗粒物(PM2.5)
广州市,从化街口,113.5717,23.5491,2025-05-03T0900,33,54,0.6,11,8,120,111,52,颗粒物(PM10)
广州市,白云竹料,113.3472,23.3692,2025-05-03T0900,40,57,0.8,24,4,93,101,57,细颗粒物(PM2.5)
广州市,白云嘉禾,113.2981,23.237,2025-05-03T0900,49,60,0.9,36,7,75,103,68,细颗粒物(PM2.5)
广州市,黄埔科学城,113.4256,23.1716,2025-05-03T0900,41,50,0.7,18,3,71,93,58,细颗粒物(PM2.5)
广州市,番禺大学城,113.3942,23.0483,2025-05-03T0900,35,47,0.8,34,7,87,123,50,
广州市,南沙黄阁,113.4922,22.8168,2025-05-03T0900,32,40,0.9,16,6,101,116,46,
广州市,南沙街,113.5342,22.7896,2025-05-03T0900,32,39,0.8,12,6,122,119,46,
广州市,花都梯面,113.2902,23.5544,2025-05-03T0900,32,54,0.7,16,5,66,92,52,颗粒物(PM10)
广州市,从化良口,113.7858,23.7478,2025-05-03T0900,23,38,0.7,8,7,89,68,38,
广州市,增城荔城,113.8051,23.2614,2025-05-03T0900,36,52,0.4,12,8,82,118,52,细颗粒物(PM2.5)
贵港市,德智高中,109.568,23.1478,2025-05-03T0900,,,,,,,,,
贵港市,江南子站,109.6047,23.0666,2025-05-03T0900,18,29,0.6,7,3,61,57,29,
贵港市,荷城子站,109.5669,23.1065,2025-05-03T0900,17,28,0.3,8,5,63,59,28,
贵港市,新世纪学校,109.5886,23.1172,2025-05-03T0900,24,29,0.9,11,4,63,64,35,
贵港市,中山路155-3号,109.5933,23.0951,2025-05-03T0900,21,24,0.6,8,3,65,63,30,
贵阳市,马鞍山,106.6899,26.5998,2025-05-03T0900,14,39,0.7,10,4,42,32,39,
贵阳市,鉴湖路,106.6243,26.6266,2025-05-03T0900,24,44,0.4,10,7,96,96,44,
贵阳市,燕子冲,106.7487,26.6343,2025-05-03T0900,34,51,0.5,32,3,30,54,51,颗粒物(PM10)
贵阳市,碧云窝,106.6555,26.4365,2025-05-03T0900,22,48,0.4,11,9,83,74,48,
贵阳市,红边门,106.7109,26.6027,2025-05-03T0900,29,51,0.4,20,12,83,53,51,颗粒物(PM10)
贵阳市,新华路,106.7164,26.5699,2025-05-03T0900,27,58,0.6,28,17,73,54,54,颗粒物(PM10)
贵阳市,太慈桥,106.674,26.5424,2025-05-03T0900,17,39,0.2,16,7,67,45,39,
贵阳市,桐木岭,106.805,26.3003,2025-05-03T0900,,,,,,,116,,
贵阳市,花果园大街66号,106.6882,26.5695,2025-05-03T0900,24,48,,22,12,85,86,,
贵阳市,漓江路57号,106.6873,26.5169,2025-05-03T0900,22,44,0.4,15,18,82,70,44,
桂林市,电子科大尧山校区,110.4144,25.3167,2025-05-03T0900,,,,,,,,,
桂林市,龙隐路小学,110.3089,25.2708,2025-05-03T0900,62,90,0.8,20,50,47,27,84,细颗粒物(PM2.5)
桂林市,八中,110.2869,25.2178,2025-05-03T0900,46,82,0.8,27,11,39,18,66,颗粒物(PM10)
桂林市,旅游学院,110.296,25.1253,2025-05-03T0900,36,53,0.7,15,8,45,28,52,"颗粒物(PM10),细颗粒物(PM2.5)"
桂林市,环湖路276号,110.1835,25.2444,2025-05-03T0900,46,95,0.6,34,35,21,24,73,颗粒物(PM10)
桂林市,信义路13号,110.2803,25.2773,2025-05-03T0900,71,112,0.7,30,56,41,28,95,细颗粒物(PM2.5)
果洛藏族自治州,玛沁县大武镇,100.2561,34.4714,2025-05-03T0900,15,51,0.5,12,25,39,42,51,颗粒物(PM10)
哈尔滨市,岭北,126.5422,45.755,2025-05-03T0900,13,19,0.7,13,12,95,59,30,
哈尔滨市,松北商大,126.561,45.8167,2025-05-03T0900,18,33,0.4,10,6,78,33,33,
哈尔滨市,阿城会宁,126.979,45.5419,2025-05-03T0900,31,51,1.0,32,14,54,29,51,颗粒物(PM10)
哈尔滨市,南岗学府路,126.599,45.7222,2025-05-03T0900,12,33,0.3,13,8,84,48,33,
哈尔滨市,太平宏伟公园,126.689,45.7733,2025-05-03T0900,16,28,0.5,15,5,83,32,28,
哈尔滨市,道外承德广场,126.635,45.7667,2025-05-03T0900,22,24,0.6,14,6,80,43,32,
哈尔滨市,香坊红旗大街,126.685,45.7319,2025-05-03T0900,13,24,0.4,17,10,86,34,27,
哈尔滨市,动力和平路,126.6411,45.7258,2025-05-03T0900,13,36,0.4,16,6,83,42,36,
哈尔滨市,道里建国路,126.593,45.7478,2025-05-03T0900,15,24,0.6,16,6,86,43,27,
哈尔滨市,平房东轻厂,126.615,45.61,2025-05-03T0900,18,23,0.4,14,8,90,39,29,
哈尔滨市,呼兰师专,126.595,45.9855,2025-05-03T0900,16,31,0.3,18,7,80,39,31,
哈尔滨市,省农科院,126.6206,45.6842,2025-05-03T0900,18,34,0.6,16,8,80,,34,
哈密市,地区监测站,93.5128,42.8172,2025-05-03T0900,,,,,,,97,,
哈密市,哈密师范学校,93.4961,42.8328,2025-05-03T0900,20,46,0.4,23,7,51,69,46,
海北藏族自治州,海晏县西海镇,100.9048,36.9639,2025-05-03T0900,113,349,0.5,10,12,57,53,200,颗粒物(PM10)
海东市,平安区公安北苑,102.0738,36.5056,2025-05-03T0900,130,320,0.7,18,11,40,65,185,颗粒物(PM10)
海口市,东寨港,110.576,19.9507,2025-05-03T0900,13,21,0.7,4,3,44,27,21,
海口市,海南大学,110.3232,20.0574,2025-05-03T0900,14,28,0.5,12,2,39,43,28,
海口市,秀英海南医院,110.283,20.0053,2025-05-03T0900,16,28,0.4,9,4,45,37,28,
海口市,海南师范大学,110.338,19.9969,2025-05-03T0900,16,60,0.4,5,4,48,35,55,颗粒物(PM10)
海口市,龙华路环保局宿舍,110.33,20.0356,2025-05-03T0900,13,24,0.3,8,4,51,42,24,
海口市,桂林洋子站,110.5111,19.9736,2025-05-03T0900,13,25,0.3,8,4,52,36,25,
海南藏族自治州,共和县恰卜恰镇,100.6188,36.2866,2025-05-03T0900,68,261,0.5,17,14,63,68,156,颗粒物(PM10)
海西蒙古族藏族自治州,德令哈市,97.3731,37.3753,2025-05-03T0900,19,56,0.4,10,13,87,95,53,颗粒物(PM10)
邯郸市,东污水处理厂,114.5302,36.6116,2025-05-03T0900,3,41,0.4,9,4,77,79,41,
邯郸市,矿院,114.4918,36.5713,2025-05-03T0900,19,31,0.3,5,4,75,69,31,
邯郸市,丛台公园,114.484,36.6133,2025-05-03T0900,10,54,0.4,8,3,85,82,52,颗粒物(PM10)
邯郸市,香泉濮院小区,114.7895,36.5593,2025-05-03T0900,3,74,0.2,5,4,67,61,62,颗粒物(PM10)
邯郸市,永年区实验高中,114.50634,36.77178,2025-05-03T0900,30,69,0.3,9,5,70,75,60,颗粒物(PM10)
邯郸市,峰峰矿区临水派出所,114.20016,36.44293,2025-05-03T0900,3,26,0.3,3,7,83,89,26,
汉中市,汉川机床厂子校,106.9893,33.1842,2025-05-03T0900,35,151,0.5,6,7,95,90,101,颗粒物(PM10)
汉中市,市监测站,107.0154,33.0706,2025-05-03T0900,22,71,0.6,14,5,68,79,61,颗粒物(PM10)
汉中市,鑫源开发区,107.0089,33.1138,2025-05-03T0900,23,96,0.4,13,6,70,69,73,颗粒物(PM10)
汉中市,南郑大河坎水厂,107.007,33.0323,2025-05-03T0900,28,69,0.6,21,4,56,74,60,颗粒物(PM10)
杭州市,滨江,120.2072,30.2111,2025-05-03T0900,26,56,0.7,25,7,92,91,53,颗粒物(PM10)
杭州市,西溪,120.0633,30.2747,2025-05-03T0900,33,56,0.5,21,6,79,48,53,颗粒物(PM10)
杭州市,下沙,120.3417,30.3150,2025-05-03T0900,27,62,0.5,22,10,100,98,56,颗粒物(PM10)
杭州市,卧龙桥,120.1269,30.2456,2025-05-03T0900,28,51,0.7,24,7,78,39,51,颗粒物(PM10)
杭州市,浙江农大,120.1903,30.2692,2025-05-03T0900,25,49,0.4,36,11,76,74,49,
杭州市,和睦小学,120.1197,30.3119,2025-05-03T0900,34,50,0.6,25,8,82,68,50,
杭州市,临平镇,120.3019,30.4183,2025-05-03T0900,25,75,0.6,26,7,92,88,63,颗粒物(PM10)
杭州市,城厢镇,120.2753,30.1839,2025-05-03T0900,34,69,0.6,14,7,99,94,60,颗粒物(PM10)
杭州市,云栖,120.0883,30.1808,2025-05-03T0900,22,45,0.8,49,7,61,28,45,
杭州市,镇二中,119.9464,30.0494,2025-05-03T0900,37,61,0.8,27,5,82,82,56,颗粒物(PM10)
杭州市,市府大楼,119.7183,30.2367,2025-05-03T0900,27,49,0.6,21,9,71,57,49,
杭州市,消防大队,120.1556,30.2864,2025-05-03T0900,30,59,0.7,24,5,91,81,55,颗粒物(PM10)
合肥市,明珠广场,117.1959,31.7848,2025-05-03T0900,39,85,0.5,15,7,102,86,68,颗粒物(PM10)
合肥市,三里街,117.3072,31.8764,2025-05-03T0900,41,90,0.7,13,6,97,87,70,颗粒物(PM10)
合肥市,琥珀山庄,117.2588,31.8707,2025-05-03T0900,,,,,,,132,,
合肥市,董铺水库,117.1604,31.9052,2025-05-03T0900,48,92,0.5,11,1,95,92,71,颗粒物(PM10)
合肥市,长江中路,117.25,31.8571,2025-05-03T0900,42,105,0.7,12,9,102,95,78,颗粒物(PM10)
合肥市,庐阳区,117.266,31.9436,2025-05-03T0900,41,97,0.5,11,8,100,104,74,颗粒物(PM10)
合肥市,瑶海区,117.3453,31.8616,2025-05-03T0900,51,112,0.5,13,7,101,82,81,颗粒物(PM10)
合肥市,包河区,117.3027,31.7964,2025-05-03T0900,39,112,0.6,17,7,100,81,81,颗粒物(PM10)
合肥市,滨湖新区,117.2776,31.7385,2025-05-03T0900,51,95,0.7,14,8,105,80,73,颗粒物(PM10)
合肥市,高新区,117.1318,31.8403,2025-05-03T0900,38,95,0.6,13,3,99,94,73,颗粒物(PM10)
合肥市,高教基地,117.3803,31.9147,2025-05-03T0900,53,97,0.5,5,6,101,84,74,颗粒物(PM10)
和田地区,地区环保局,79.924,37.0877,2025-05-03T0900,195,1050,0.2,4,1,83,76,500,颗粒物(PM10)
和田地区,市环保局,79.9131,37.113,2025-05-03T0900,233,873,0.1,2,3,73,63,500,颗粒物(PM10)
河池市,东仁乐园,108.2011,24.715,2025-05-03T0900,,,,,,,,,
河池市,市环保站,108.0497,24.6947,2025-05-03T0900,40,61,0.7,10,9,86,63,57,细颗粒物(PM2.5)
河池市,市疾控中心,108.0983,24.6989,2025-05-03T0900,39,49,0.8,14,12,86,64,55,细颗粒物(PM2.5)
河源市,源西,114.6778,23.7569,2025-05-03T0900,30,44,0.8,7,5,130,116,44,
河源市,东埔,114.6944,23.7586,2025-05-03T0900,35,64,0.9,9,5,138,123,57,颗粒物(PM10)
河源市,老城,114.6892,23.7233,2025-05-03T0900,26,48,0.6,8,6,123,116,48,
菏泽市,气象局,115.4208,35.2464,2025-05-03T0900,19,50,0.3,11,3,79,89,50,
菏泽市,定陶老年大学,115.5564,35.0891,2025-05-03T0900,12,36,0.4,12,4,78,92,36,
菏泽市,永昌路1号,115.4797,35.24401,2025-05-03T0900,17,51,0.3,9,5,76,88,51,颗粒物(PM10)
菏泽市,长城路999号,115.4715,35.2800,2025-05-03T0900,29,62,0.2,11,7,75,83,56,颗粒物(PM10)
贺州市,环保小区,111.5264,24.4172,2025-05-03T0900,21,39,0.9,16,3,59,73,39,
贺州市,政协大楼,111.5608,24.4078,2025-05-03T0900,26,42,0.7,19,10,58,74,42,
贺州市,西湾,111.4744,24.4553,2025-05-03T0900,28,,0.7,24,9,44,70,40,
鹤壁市,市监测站,114.17,35.9019,2025-05-03T0900,35,98,0.7,15,8,103,85,74,颗粒物(PM10)
鹤壁市,市交警支队,114.2956,35.7511,2025-05-03T0900,14,77,0.6,12,8,93,88,64,颗粒物(PM10)
鹤壁市,迎宾馆,114.2878,35.7306,2025-05-03T0900,18,81,0.5,4,3,96,91,66,颗粒物(PM10)
鹤壁市,大新区,114.2617,35.6822,2025-05-03T0900,,74,0.4,7,9,94,90,,
鹤壁市,南山宾馆,114.1572,35.9603,2025-05-03T0900,39,79,0.8,8,11,110,88,65,颗粒物(PM10)
鹤岗市,哈啤分公司,130.2537,47.3416,2025-05-03T0900,6,7,0.2,2,14,76,71,24,
鹤岗市,斯达机电,130.2684,47.3086,2025-05-03T0900,6,7,0.1,2,11,78,71,25,
鹤岗市,东山纸板厂,130.3114,47.3388,2025-05-03T0900,13,28,0.0,4,12,74,58,28,
鹤岗市,五号水库,130.1097,47.3382,2025-05-03T0900,,,,,,,,,
黑河市,交通局,127.4833,50.2524,2025-05-03T0900,9,26,0.3,4,6,62,60,26,
黑河市,环保局,127.5144,50.2341,2025-05-03T0900,8,14,0.2,5,6,65,65,21,
黑河市,大黑河岛,127.5291,50.2472,2025-05-03T0900,3,6,0.2,13,1,30,44,10,
衡水市,电机北厂,115.6838,37.7541,2025-05-03T0900,22,43,0.3,9,6,65,60,43,
衡水市,市监测站,115.6303,37.7316,2025-05-03T0900,12,38,0.2,8,8,69,61,38,
衡水市,市城管局,115.6683,37.7217,2025-05-03T0900,9,34,0.3,8,6,67,66,34,
衡水市,地表水厂,115.5989,37.5491,2025-05-03T0900,7,45,0.3,6,8,74,62,45,
衡阳市,原169医院,112.5003,26.9167,2025-05-03T0900,38,82,0.7,15,7,49,44,66,颗粒物(PM10)
衡阳市,衡阳化工总厂,112.6194,26.9258,2025-05-03T0900,41,82,0.5,10,8,61,34,66,颗粒物(PM10)
衡阳市,珠晖区环保局,112.6211,26.8956,2025-05-03T0900,35,55,0.7,9,17,88,31,53,颗粒物(PM10)
衡阳市,市委党校,112.6197,26.8733,2025-05-03T0900,34,78,0.5,10,4,72,36,64,颗粒物(PM10)
衡阳市,市监测站,112.6006,26.8919,2025-05-03T0900,39,78,0.7,12,25,72,32,64,颗粒物(PM10)
衡阳市,真空机电公司,112.5664,26.9056,2025-05-03T0900,44,84,1.3,22,12,59,30,67,颗粒物(PM10)
衡阳市,师范学院,112.6703,26.882,2025-05-03T0900,33,87,0.7,8,8,74,37,69,颗粒物(PM10)
红河哈尼族彝族自治州,污水处理厂,103.3772,23.3993,2025-05-03T0900,11,31,0.4,12,8,52,52,31,
红河哈尼族彝族自治州,监测站,103.3861,23.35,2025-05-03T0900,14,37,0.3,8,7,70,72,37,
红河哈尼族彝族自治州,州图书馆,103.3758,23.368,2025-05-03T0900,8,18,0.3,9,2,54,58,18,
呼和浩特市,呼市一监,111.6507,40.7517,2025-05-03T0900,14,29,0.4,10,6,54,49,29,
呼和浩特市,小召,111.6572,40.8033,2025-05-03T0900,13,27,0.7,18,10,51,51,27,
呼和浩特市,如意水处理厂,111.7516,40.8369,2025-05-03T0900,9,21,0.3,9,5,57,51,21,
呼和浩特市,二十九中,111.7276,40.8062,2025-05-03T0900,11,23,0.4,9,4,56,57,23,
呼和浩特市,工大金川校区,111.5512,40.7866,2025-05-03T0900,16,32,0.4,18,7,49,55,32,
呼和浩特市,化肥厂生活区,111.717,40.7612,2025-05-03T0900,13,32,0.3,22,11,47,48,32,
呼和浩特市,红旗小学,111.5968,40.8178,2025-05-03T0900,13,31,0.4,19,5,50,64,31,
呼和浩特市,海东办,111.6518,40.8389,2025-05-03T0900,13,22,0.4,14,7,49,54,22,
呼伦贝尔市,区环保局,119.7594,49.2261,2025-05-03T0900,26,,0.4,8,6,75,62,38,
呼伦贝尔市,国华电力东,119.7512,49.1577,2025-05-03T0900,10,27,0.3,5,6,78,65,27,
湖州市,城西水厂,120.0751,30.8669,2025-05-03T0900,24,53,0.5,41,8,75,48,52,颗粒物(PM10)
湖州市,仁皇山新区,120.0830,30.8929,2025-05-03T0900,21,47,0.7,25,6,102,58,47,
湖州市,吴兴区站,120.1844,30.8596,2025-05-03T0900,24,50,0.5,31,8,77,48,50,
湖州市,南浔区站,120.4148,30.8538,2025-05-03T0900,31,60,0.6,26,5,86,75,55,颗粒物(PM10)
葫芦岛市,龙港区,120.9049,40.7211,2025-05-03T0900,3,59,0.3,11,8,77,65,55,颗粒物(PM10)
葫芦岛市,化工街,120.8392,40.7514,2025-05-03T0900,3,19,0.3,8,7,80,59,25,
葫芦岛市,新区,120.8341,40.7073,2025-05-03T0900,3,19,0.3,7,7,82,70,26,
葫芦岛市,东城区,120.8695,40.7677,2025-05-03T0900,3,36,0.4,10,4,77,57,36,
怀化市,林科所,109.5981,27.5721,2025-05-03T0900,41,80,0.8,22,18,24,15,65,颗粒物(PM10)
怀化市,河西地税局,109.9453,27.5444,2025-05-03T0900,35,58,0.5,14,14,26,11,54,颗粒物(PM10)
怀化市,市四医院,109.9781,27.5342,2025-05-03T0900,41,61,0.7,16,19,45,24,58,细颗粒物(PM2.5)
怀化市,监测楼,109.9972,27.5578,2025-05-03T0900,43,72,0.4,16,8,38,18,61,颗粒物(PM10)
怀化市,市委党校,110.0394,27.583,2025-05-03T0900,44,80,0.6,13,12,39,8,65,颗粒物(PM10)
淮安市,钵池山,119.036,33.5981,2025-05-03T0900,27,58,0.4,10,8,108,105,54,颗粒物(PM10)
淮安市,北京南路,119.007,33.575,2025-05-03T0900,25,70,0.5,6,11,112,109,60,颗粒物(PM10)
淮安市,市监测站,118.989,33.6067,2025-05-03T0900,22,66,0.5,9,9,110,107,58,颗粒物(PM10)
淮安市,楚州区监测站,119.135,33.5039,2025-05-03T0900,33,125,0.5,8,9,108,103,88,颗粒物(PM10)
淮安市,新华书店,118.8755,33.2894,2025-05-03T0900,33,58,0.5,9,10,114,108,54,颗粒物(PM10)
淮安市,承德北路606号,119.0288,33.6319,2025-05-03T0900,30,70,0.5,7,8,107,106,60,颗粒物(PM10)
淮北市,监测站,116.8004,33.975,2025-05-03T0900,24,55,0.6,14,8,95,95,53,颗粒物(PM10)
淮北市,烈山区政府,116.8091,33.9007,2025-05-03T0900,22,45,0.6,10,5,99,99,45,
淮北市,杜集区检察院,116.8873,33.9836,2025-05-03T0900,68,,0.6,13,9,96,88,92,细颗粒物(PM2.5)
淮北市,市博物馆,116.7923,33.9535,2025-05-03T0900,46,57,0.6,12,7,99,96,64,细颗粒物(PM2.5)
淮南市,潘集区政府,116.8305,32.7727,2025-05-03T0900,38,81,0.4,9,4,94,92,66,颗粒物(PM10)
淮南市,谢家集区政府,116.8569,32.5951,2025-05-03T0900,36,70,0.4,12,7,94,92,60,颗粒物(PM10)
淮南市,八公山区政府,116.8281,32.633,2025-05-03T0900,35,85,0.4,10,7,92,93,68,颗粒物(PM10)
淮南市,焦岗湖风景区管理处,116.6325,32.6201,2025-05-03T0900,,,,,,,,,
淮南市,经济技术开发区消防队,117.0566,32.6531,2025-05-03T0900,56,81,0.4,12,8,89,85,77,细颗粒物(PM2.5)
淮南市,山南新区,117.0108,32.5893,2025-05-03T0900,32,94,0.5,12,10,95,97,72,颗粒物(PM10)
淮南市,国庆中路369号,117.0031,32.6445,2025-05-03T0900,45,85,0.5,8,10,86,86,68,颗粒物(PM10)
黄冈市,职工中心,114.9028,30.4742,2025-05-03T0900,,,,,,,,,
黄冈市,红卫路,114.8858,30.4519,2025-05-03T0900,29,91,0.6,8,6,110,95,71,颗粒物(PM10)
黄冈市,市林业局,114.9136,30.4445,2025-05-03T0900,27,94,0.6,9,9,102,88,72,颗粒物(PM10)
黄南藏族自治州,同仁县隆务镇,102.0199,35.5102,2025-05-03T0900,126,328,0.2,6,5,53,54,189,颗粒物(PM10)
黄山市,延安路89号,118.2903,29.6963,2025-05-03T0900,36,48,0.5,14,7,28,24,52,细颗粒物(PM2.5)
黄山市,黄山区政府5号楼,118.1371,30.2756,2025-05-03T0900,24,44,0.7,12,4,51,48,44,
黄山市,滨江东路7-2号,118.3354,29.7203,2025-05-03T0900,20,49,0.6,12,6,40,23,49,
黄石市,沈家营,115.0601,30.2313,2025-05-03T0900,27,64,0.7,14,6,106,68,57,颗粒物(PM10)
黄石市,铁山,114.8988,30.2019,2025-05-03T0900,32,73,0.2,13,12,96,73,62,颗粒物(PM10)
黄石市,团城山,115.0307,30.2092,2025-05-03T0900,25,62,0.5,17,11,99,60,56,颗粒物(PM10)
黄石市,笔架山北路,115.0235,30.1578,2025-05-03T0900,22,55,0.7,13,14,104,70,53,颗粒物(PM10)
黄石市,磁湖东路29号,115.0780,30.21118,2025-05-03T0900,29,65,0.5,19,7,99,46,58,颗粒物(PM10)
惠州市,河南岸金山湖子站,114.4183,23.0528,2025-05-03T0900,,,,,,,94,,
惠州市,下埔横江三路子站,114.4053,23.0822,2025-05-03T0900,40,59,0.7,14,10,142,145,57,细颗粒物(PM2.5)
惠州市,江北云山西路子站,114.4103,23.1142,2025-05-03T0900,44,56,0.7,14,12,133,152,62,细颗粒物(PM2.5)
惠州市,惠阳区承修路船湖子站,114.4645,22.7833,2025-05-03T0900,37,57,0.5,16,8,130,149,54,颗粒物(PM10)
惠州市,大亚湾管委会子站,114.5317,22.7422,2025-05-03T0900,28,40,0.7,14,10,146,164,46,
惠州市,惠阳秋长,114.4338,22.8134,2025-05-03T0900,34,53,0.7,16,10,147,161,52,颗粒物(PM10)
惠州市,大亚湾霞涌,114.6517,22.775,2025-05-03T0900,31,48,0.7,11,8,144,146,48,
鸡西市,环保局,130.9762,45.3001,2025-05-03T0900,14,29,0.4,9,6,82,,29,
鸡西市,第一中学,130.9429,45.3039,2025-05-03T0900,18,22,0.3,6,6,82,72,26,
鸡西市,欧美日汽修厂,131.0207,45.3073,2025-05-03T0900,12,28,0.5,10,7,79,63,28,
鸡西市,市政设施管理处,130.9967,45.3106,2025-05-03T0900,27,45,0.5,10,9,77,58,45,
吉安市,红声器材厂,114.9754,27.0803,2025-05-03T0900,38,74,0.6,9,15,72,51,62,颗粒物(PM10)
吉安市,市森林工业局,114.9658,27.0999,2025-05-03T0900,33,69,0.6,10,13,74,54,60,颗粒物(PM10)
吉安市,市环境监测站,114.99,27.1312,2025-05-03T0900,35,60,0.5,5,17,78,52,55,颗粒物(PM10)
吉安市,青原区法院,115.0093,27.0968,2025-05-03T0900,34,67,0.5,7,17,83,48,59,颗粒物(PM10)
吉林市,哈达湾,126.54,43.8622,2025-05-03T0900,16,23,0.4,12,6,68,57,23,
吉林市,东局子,126.5844,43.8358,2025-05-03T0900,16,22,0.5,19,6,61,55,23,
吉林市,电力学院,126.5052,43.8245,2025-05-03T0900,11,18,0.6,15,5,70,49,22,
吉林市,江北,126.6133,43.8972,2025-05-03T0900,10,21,0.3,17,5,74,49,24,
吉林市,江南公园,126.555,43.8306,2025-05-03T0900,16,25,0.4,15,5,62,55,25,
吉林市,丰满,126.7061,43.7133,2025-05-03T0900,,,,,,,,,
吉林市,九站,126.4739,43.953,2025-05-03T0900,14,20,0.4,13,8,64,51,20,
济南市,科干所,116.9862,36.6114,2025-05-03T0900,20,61,0.3,11,4,69,69,56,颗粒物(PM10)
济南市,农科所,116.9376,36.665,2025-05-03T0900,10,93,0.3,11,8,71,60,72,颗粒物(PM10)
济南市,开发区,117.1265,36.6734,2025-05-03T0900,22,42,0.4,12,8,70,73,42,
济南市,省种子仓库,117.0624,36.6868,2025-05-03T0900,17,36,0.2,9,5,71,71,36,
济南市,机床二厂,116.9489,36.6447,2025-05-03T0900,20,81,0.3,13,9,72,68,66,颗粒物(PM10)
济南市,市监测站,117.0495,36.663,2025-05-03T0900,,68,0.4,14,8,67,69,,
济南市,长清党校,116.7675,36.5484,2025-05-03T0900,17,49,0.5,14,6,70,70,49,
济南市,技术学院,117.6795,36.229,2025-05-03T0900,12,31,0.5,16,12,83,82,31,
济南市,东山小学,117.532,36.6868,2025-05-03T0900,12,73,0.3,12,11,69,68,62,颗粒物(PM10)
济南市,泰兴公司,117.7161,36.2049,2025-05-03T0900,14,39,0.1,13,6,87,91,39,
济南市,莱芜战役纪念馆,117.6867,36.2171,2025-05-03T0900,7,29,0.6,18,7,82,81,29,
济南市,济阳区政府,117.1673,36.9782,2025-05-03T0900,32,61,0.3,9,7,70,60,56,颗粒物(PM10)
济南市,锦屏中学,117.1171,36.63,2025-05-03T0900,7,61,0.4,13,6,72,67,56,颗粒物(PM10)
济南市,济南四建,116.9814,36.6819,2025-05-03T0900,20,68,0.3,10,6,72,70,59,颗粒物(PM10)
济宁市,火炬城,116.6251,35.4302,2025-05-03T0900,9,60,0.4,6,8,73,81,55,颗粒物(PM10)
济宁市,电化厂,116.5491,35.4042,2025-05-03T0900,12,39,0.4,6,3,75,84,39,
济宁市,北湖一中,116.5814,35.3707,2025-05-03T0900,7,35,0.3,8,4,,87,,
济宁市,服务中心,116.8249,35.5593,2025-05-03T0900,15,37,0.1,11,3,81,84,37,
济宁市,市第七中学,116.5907,35.4054,2025-05-03T0900,7,60,0.4,9,5,77,86,55,颗粒物(PM10)
佳木斯市,佳纺,130.2751,46.8028,2025-05-03T0900,16,128,0.4,9,6,80,40,89,颗粒物(PM10)
佳木斯市,发电厂,130.3995,46.8307,2025-05-03T0900,12,22,0.3,6,4,81,50,26,
佳木斯市,环保局,130.3258,46.7975,2025-05-03T0900,23,30,0.4,10,6,84,42,33,
佳木斯市,十一中,130.3648,46.8032,2025-05-03T0900,17,29,0.3,10,5,82,49,29,
佳木斯市,四丰,130.3794,46.7588,2025-05-03T0900,12,21,0.2,8,1,77,54,25,
嘉兴市,清河小学,120.7436,30.778,2025-05-03T0900,26,65,1.0,23,7,91,93,58,颗粒物(PM10)
嘉兴市,嘉兴学院,120.726,30.7478,2025-05-03T0900,31,62,0.7,22,7,94,92,56,颗粒物(PM10)
嘉兴市,南湖区残联,120.7846,30.7525,2025-05-03T0900,30,60,0.7,12,7,107,105,55,颗粒物(PM10)
嘉兴市,秀洲住建,120.6916,30.7739,2025-05-03T0900,30,51,0.6,12,8,103,87,51,颗粒物(PM10)
嘉峪关市,气象局,98.2908,39.7711,2025-05-03T0900,24,53,0.9,12,2,76,71,52,颗粒物(PM10)
嘉峪关市,酒钢宾馆,98.2672,39.7978,2025-05-03T0900,48,75,1.7,26,74,70,65,67,细颗粒物(PM2.5)
嘉峪关市,雄关区,98.2643,39.7724,2025-05-03T0900,18,38,1.6,25,16,64,58,38,
江门市,北街,113.1064,22.6058,2025-05-03T0900,29,35,0.6,5,1,97,107,42,
江门市,西区,113.0731,22.5835,2025-05-03T0900,18,49,0.6,8,6,113,120,49,
江门市,圭峰西,113.0219,22.5311,2025-05-03T0900,26,31,0.6,11,4,100,116,38,
江门市,东湖,113.0828,22.5947,2025-05-03T0900,23,34,0.6,12,8,102,110,34,
江门市,江海富民,113.1075,22.5647,2025-05-03T0900,44,61,0.5,10,7,107,110,62,细颗粒物(PM2.5)
江门市,新会银湖,113.05,22.4667,2025-05-03T0900,24,,0.6,7,1,113,106,36,
焦作市,影视城,113.1992,35.2590,2025-05-03T0900,,,,,,,,,
焦作市,太极体育中心,113.2725,35.2067,2025-05-03T0900,24,114,0.3,12,9,110,112,82,颗粒物(PM10)
焦作市,马村街道办,113.3137,35.2641,2025-05-03T0900,39,70,0.4,13,10,105,100,60,颗粒物(PM10)
焦作市,焦作技师学院,113.2465,35.2373,2025-05-03T0900,24,124,0.7,11,11,102,101,87,颗粒物(PM10)
焦作市,中站许衡医院,113.1656,35.2539,2025-05-03T0900,31,105,0.7,16,15,104,92,78,颗粒物(PM10)
焦作市,原李万街道办,113.2449,35.1803,2025-05-03T0900,19,87,0.5,15,12,97,103,69,颗粒物(PM10)
焦作市,新安路1731号,113.2340,35.2190,2025-05-03T0900,23,86,0.8,11,10,104,102,68,颗粒物(PM10)
揭阳市,新兴,116.3701,23.5345,2025-05-03T0900,47,47,0.8,15,10,101,93,65,细颗粒物(PM2.5)
揭阳市,西马,116.3264,23.5443,2025-05-03T0900,34,65,1.1,13,11,95,93,58,颗粒物(PM10)
揭阳市,东兴,116.3611,23.5626,2025-05-03T0900,45,70,0.8,21,10,88,96,63,细颗粒物(PM2.5)
揭阳市,渔湖,116.4151,23.5294,2025-05-03T0900,41,81,1.0,35,11,77,96,66,颗粒物(PM10)
揭阳市,曲溪,116.403,23.5699,2025-05-03T0900,32,70,0.9,20,19,108,81,60,颗粒物(PM10)
金昌市,天庆家园,102.1692,38.5167,2025-05-03T0900,34,92,0.7,9,12,81,82,71,颗粒物(PM10)
金昌市,金川区人防中心,102.1647,38.5371,2025-05-03T0900,38,92,0.6,12,26,80,81,71,颗粒物(PM10)
金昌市,长春路96号,102.1930,38.5319,2025-05-03T0900,44,93,0.9,9,39,68,77,72,颗粒物(PM10)
金华市,十五中,119.647,29.077,2025-05-03T0900,22,49,0.5,16,4,100,108,49,
金华市,监测站,119.686,29.1029,2025-05-03T0900,27,56,0.4,15,5,94,93,53,颗粒物(PM10)
金华市,气象局,119.656,29.1131,2025-05-03T0900,24,50,0.6,14,2,100,104,50,
锦州市,南山,121.1115,41.0879,2025-05-03T0900,6,24,0.5,7,8,77,69,25,
锦州市,开发区,121.0604,40.8428,2025-05-03T0900,3,34,0.4,7,5,79,50,34,
锦州市,百股街道,121.1836,41.1119,2025-05-03T0900,3,27,0.4,6,6,78,70,27,
锦州市,天安街道,121.1178,41.1222,2025-05-03T0900,9,13,0.5,8,6,78,76,25,
锦州市,北湖公园,121.1303,41.1386,2025-05-03T0900,3,18,0.4,5,8,78,72,25,
晋城市,自来水公司,112.85,35.5051,2025-05-03T0900,7,84,0.5,7,8,88,99,67,颗粒物(PM10)
晋城市,白云商贸,112.8318,35.4936,2025-05-03T0900,3,41,0.6,11,8,90,104,41,
晋城市,市环保局,112.8508,35.4887,2025-05-03T0900,7,51,0,5,7,86,95,51,颗粒物(PM10)
晋城市,技术学院,112.8676,35.4897,2025-05-03T0900,7,48,0.4,10,6,82,94,48,
晋城市,白马寺,112.8453,35.546,2025-05-03T0900,21,42,0.7,6,8,92,106,42,
晋城市,泽州一中,112.8271,35.4828,2025-05-03T0900,7,47,0.7,9,6,88,103,47,
晋中市,南都小区,112.7249,37.7067,2025-05-03T0900,7,28,0.3,8,4,75,65,28,
晋中市,榆次区政府,112.6991,37.6982,2025-05-03T0900,3,22,0.2,7,5,80,64,25,
晋中市,榆次三中,112.7195,37.6828,2025-05-03T0900,3,19,0.3,5,4,79,70,25,
晋中市,迎宾街26号,112.7478,37.6954,2025-05-03T0900,7,29,0.3,9,5,74,61,29,
荆门市,竹园小学,112.2014,31.0481,2025-05-03T0900,33,136,0.3,13,8,132,103,93,颗粒物(PM10)
荆门市,掇刀,112.1969,30.9891,2025-05-03T0900,33,119,0.3,12,6,133,102,85,颗粒物(PM10)
荆门市,石化一小,112.2213,31.0386,2025-05-03T0900,62,174,0.2,11,7,127,94,112,颗粒物(PM10)
荆门市,西山林语,112.1849,31.0362,2025-05-03T0900,30,122,0.5,7,9,132,101,86,颗粒物(PM10)
荆门市,龙泉中学南校,112.1632,31.0138,2025-05-03T0900,43,135,0.4,8,3,133,102,93,颗粒物(PM10)
荆州市,市图书馆,112.2494,30.3197,2025-05-03T0900,36,147,0.6,10,6,120,84,99,颗粒物(PM10)
荆州市,市委党校,112.2008,30.3544,2025-05-03T0900,37,112,0.6,11,8,120,80,81,颗粒物(PM10)
荆州市,管委会,112.2747,30.3122,2025-05-03T0900,46,117,0.7,10,8,118,79,84,颗粒物(PM10)
荆州市,学苑路85号,112.1722,30.3366,2025-05-03T0900,39,104,0.6,19,4,117,77,77,颗粒物(PM10)
景德镇市,王港中学,117.3102,29.3867,2025-05-03T0900,,,,,,,,,
景德镇市,老干部活动中心,117.2117,29.2933,2025-05-03T0900,18,40,0.4,14,7,48,37,40,
景德镇市,兽医站,117.1894,29.2789,2025-05-03T0900,28,64,0.5,12,3,46,36,57,颗粒物(PM10)
景德镇市,台达陶瓷,117.1547,29.2617,2025-05-03T0900,26,62,0.4,13,7,47,37,56,颗粒物(PM10)
景德镇市,陶研所,117.2461,29.2956,2025-05-03T0900,30,49,0.4,12,4,54,35,49,
九江市,十里,115.9872,29.6815,2025-05-03T0900,28,51,0.6,18,5,71,54,51,颗粒物(PM10)
九江市,茅山头,115.9584,29.7046,2025-05-03T0900,34,65,0.6,34,8,52,68,58,颗粒物(PM10)
九江市,西园,115.9877,29.7295,2025-05-03T0900,32,51,0.9,86,14,37,48,51,颗粒物(PM10)
九江市,综合工业园,115.9114,29.6038,2025-05-03T0900,30,65,0.9,28,11,70,77,58,颗粒物(PM10)
九江市,石化总厂,116.0721,29.7535,2025-05-03T0900,30,53,0.7,22,14,63,85,52,颗粒物(PM10)
九江市,庐山气象台,115.9773,29.5698,2025-05-03T0900,21,52,0.7,4,7,105,114,51,颗粒物(PM10)
九江市,外国语学校,116.0254,29.6994,2025-05-03T0900,27,58,0.8,31,10,48,72,54,颗粒物(PM10)
九江市,莲花大道8号,116.0102,29.6594,2025-05-03T0900,27,40,0.6,22,5,54,72,40,
酒泉市,玉门东路5号,98.4958,39.7339,2025-05-03T0900,25,51,0.3,7,8,73,76,51,颗粒物(PM10)
酒泉市,北大街108号,98.5099,39.7506,2025-05-03T0900,21,58,0.1,10,10,70,72,54,颗粒物(PM10)
喀什地区,巡警大队,76.0072,39.4467,2025-05-03T0900,14,38,0.3,8,3,102,106,38,
喀什地区,吾办,75.9755,39.4694,2025-05-03T0900,36,,0.2,13,5,100,102,52,细颗粒物(PM2.5)
喀什地区,老干局,75.9483,39.4689,2025-05-03T0900,20,26,0.4,6,4,104,108,33,
开封市,肿瘤医院,114.3389,34.7781,2025-05-03T0900,12,73,0.4,6,8,82,88,62,颗粒物(PM10)
开封市,世纪星幼儿园,114.2885,34.7965,2025-05-03T0900,,,,,,,133,,
开封市,龙亭公园,114.3438,34.8106,2025-05-03T0900,21,51,0.7,12,3,83,89,51,颗粒物(PM10)
开封市,汴京公园,114.3644,34.7964,2025-05-03T0900,22,60,0.7,9,5,90,97,55,颗粒物(PM10)
开封市,技师学院,114.2485,34.8306,2025-05-03T0900,24,115,0.6,10,6,80,87,83,颗粒物(PM10)
开封市,祥符区生态环境局,114.4644,34.7556,2025-05-03T0900,13,53,0.5,8,7,84,88,52,颗粒物(PM10)
克拉玛依市,长征新村,84.895,45.6094,2025-05-03T0900,3,18,0.2,9,7,78,79,25,
克拉玛依市,南林小区,84.8988,45.5893,2025-05-03T0900,14,,0.1,1,5,82,82,26,
克拉玛依市,独山子区,84.905,44.3396,2025-05-03T0900,,16,0.3,2,7,88,86,,
克拉玛依市,乌尔禾区商贸楼,85.6979,46.098,2025-05-03T0900,22,39,0.2,3,6,79,61,39,
克拉玛依市,白碱滩区新站,85.1045,45.6899,2025-05-03T0900,12,19,0.2,2,10,78,75,25,
克孜勒苏柯尔克孜自治州,市人民政府,76.1454,39.7142,2025-05-03T0900,24,47,0.2,2,13,108,111,47,
克孜勒苏柯尔克孜自治州,克州文化中心,76.1658,39.7157,2025-05-03T0900,24,39,0.3,2,7,113,113,39,
昆明市,呈贡新区,102.8204,24.8886,2025-05-03T0900,21,29,0.6,13,8,68,67,30,
昆明市,西山森林公园,102.6251,24.9608,2025-05-03T0900,,,,,,,,,
昆明市,龙泉镇,102.7252,25.0902,2025-05-03T0900,13,14,0.3,7,9,76,54,24,
昆明市,东风东路,102.7266,25.0375,2025-05-03T0900,17,22,0.5,16,9,72,74,25,
昆明市,金鼎山,102.6742,25.0669,2025-05-03T0900,11,,0.4,12,2,75,78,24,
昆明市,碧鸡广场,102.6644,25.0401,2025-05-03T0900,14,24,0.5,15,7,67,62,24,
昆明市,官渡区博物馆,102.7494,25.0119,2025-05-03T0900,11,,0.5,9,9,80,74,25,
昆明市,青年创业园,102.8017,24.8336,2025-05-03T0900,16,27,0.5,17,12,53,50,27,
昆明市,昆明学院,102.7997,24.9786,2025-05-03T0900,13,21,0.7,10,10,81,76,26,
昆明市,晋宁区生态环境分局,102.5967,24.6736,2025-05-03T0900,9,14,0.3,11,5,62,56,20,
昆明市,云天化总部,102.6678,24.9856,2025-05-03T0900,15,22,0.5,14,14,74,72,24,
拉萨市,八廓街,91.1319,29.6514,2025-05-03T0900,6,12,0.3,26,6,98,116,31,
拉萨市,市环保局,91.1221,29.6747,2025-05-03T0900,6,10,0.5,17,4,83,104,26,
拉萨市,区监测站,91.0874,29.6475,2025-05-03T0900,10,,0.4,25,6,81,110,26,
拉萨市,西藏大学,91.1774,29.6541,2025-05-03T0900,3,6,0.4,13,16,88,105,28,
拉萨市,区辐射站,90.9798,29.6588,2025-05-03T0900,9,16,0.3,35,9,68,110,22,
拉萨市,拉萨火车站,91.0834,29.6292,2025-05-03T0900,7,,0.5,21,4,89,114,28,
来宾市,来宾技工学校,109.2203,23.7256,2025-05-03T0900,17,44,0.6,12,7,67,74,44,
来宾市,兴宾区政府,109.1781,23.7297,2025-05-03T0900,23,29,0.6,10,6,66,65,33,
来宾市,中南小学,109.2416,23.7461,2025-05-03T0900,36,,0.7,10,5,65,73,52,细颗粒物(PM2.5)
兰州市,榆中兰大校区,104.1373,35.9454,2025-05-03T0900,,,,,,,,,
兰州市,铁路设计院,103.831,36.0464,2025-05-03T0900,51,147,0.5,35,17,49,74,99,颗粒物(PM10)
兰州市,百合公园,103.7439,36.0842,2025-05-03T0900,41,131,0.5,21,13,54,62,91,颗粒物(PM10)
兰州市,和平,103.9611,35.998,2025-05-03T0900,125,229,0.5,16,12,60,68,165,细颗粒物(PM2.5)
兰州市,庄浪东路808号,103.6293,36.0938,2025-05-03T0900,127,141,0.3,14,21,74,69,168,细颗粒物(PM2.5)
兰州市,安宁西路88号,103.7251,36.1043,2025-05-03T0900,50,142,0.3,11,24,82,80,96,颗粒物(PM10)
兰州市,北滨河东路1号,103.8470,36.0676,2025-05-03T0900,46,133,0.6,22,22,64,78,92,颗粒物(PM10)
兰州新区,新区管委会,103.6633,36.533,2025-05-03T0900,49,107,0.4,19,17,68,82,79,颗粒物(PM10)
兰州新区,舟曲中学,103.6975,36.4789,2025-05-03T0900,49,130,0.6,11,45,94,89,90,颗粒物(PM10)
廊坊市,药材公司,116.6708,39.5111,2025-05-03T0900,6,26,0.2,6,1,84,55,27,
廊坊市,开发区,116.7214,39.5589,2025-05-03T0900,7,31,0.2,4,1,,41,,
廊坊市,北华航天学院,116.7244,39.5269,2025-05-03T0900,10,39,0.2,5,3,84,56,39,
廊坊市,河北工业大学,116.7022,39.5453,2025-05-03T0900,7,33,0.2,7,4,87,57,33,
乐山市,花湖湾,103.7723,29.5462,2025-05-03T0900,52,78,1.5,36,12,52,78,72,细颗粒物(PM2.5)
乐山市,牛耳桥,103.7627,29.5844,2025-05-03T0900,53,75,0.7,41,12,41,33,73,细颗粒物(PM2.5)
乐山市,市第三水厂,103.7508,29.6006,2025-05-03T0900,51,66,0.8,38,9,49,30,70,细颗粒物(PM2.5)
乐山市,市监测站,103.7571,29.5664,2025-05-03T0900,46,82,1.2,34,7,36,71,66,颗粒物(PM10)
乐山市,理工大学,103.7311,29.5628,2025-05-03T0900,53,63,1.1,45,7,22,61,73,细颗粒物(PM2.5)
丽江市,西南郊,100.2143,26.8576,2025-05-03T0900,13,21,0.5,15,5,54,50,21,
丽江市,丽江古城,100.2497,26.8802,2025-05-03T0900,,,0.7,15,9,,46,,
丽江市,市中心,100.2203,26.8906,2025-05-03T0900,15,,0.3,8,6,45,43,22,
丽水市,监测站大楼,119.914,28.4514,2025-05-03T0900,24,50,0.4,16,3,84,105,50,
丽水市,莲都小学,119.93,28.4586,2025-05-03T0900,26,53,0.5,18,4,80,84,52,颗粒物(PM10)
丽水市,余庄前,119.879,28.4231,2025-05-03T0900,34,57,0.4,19,4,69,65,54,颗粒物(PM10)
连云港市,市环境监测站,119.176,34.5885,2025-05-03T0900,12,46,0.5,11,6,103,102,46,
连云港市,德源药业,119.3581,34.6972,2025-05-03T0900,22,58,1.0,11,12,103,105,54,颗粒物(PM10)
连云港市,新城一中,119.178,34.844,2025-05-03T0900,18,47,0.5,12,7,95,93,47,
连云港市,胡沟管理处,119.3608,34.7519,2025-05-03T0900,17,36,1.3,17,19,100,104,36,
连云港市,矿山设计院,119.1478,34.5911,2025-05-03T0900,14,61,0.5,16,9,107,101,56,颗粒物(PM10)
连云港市,工贸学校,119.2413,34.6539,2025-05-03T0900,13,37,0.5,14,8,107,107,37,
连云港市,连云街道,119.4172,34.7341,2025-05-03T0900,20,34,0.7,22,11,98,99,34,
凉山彝族自治州,青龙寺,102.3431,27.8099,2025-05-03T0900,9,34,0.7,9,4,66,74,34,
凉山彝族自治州,邛海宾馆,102.2721,27.8415,2025-05-03T0900,22,31,0.7,14,11,69,68,32,
凉山彝族自治州,西昌市政府,102.2625,27.898,2025-05-03T0900,19,31,0.7,15,11,71,80,31,
凉山彝族自治州,凉山州政府,102.2685,27.8851,2025-05-03T0900,18,33,0.6,18,7,71,69,33,
凉山彝族自治州,凯乐南路30号,102.2342,27.8859,2025-05-03T0900,26,65,1.0,40,14,33,40,58,颗粒物(PM10)
辽阳市,宏伟区,123.2,41.1953,2025-05-03T0900,10,25,0.5,8,10,72,64,25,
辽阳市,新华园,123.1683,41.2495,2025-05-03T0900,13,27,0.4,8,5,65,57,27,
辽阳市,滨河路,123.2354,41.2639,2025-05-03T0900,13,23,0.4,12,10,66,57,23,
辽阳市,铁西工业园,123.149,41.2991,2025-05-03T0900,13,17,0.3,9,12,60,49,19,
辽源市,环保局,125.1358,42.8845,2025-05-03T0900,7,22,0.3,10,7,82,77,26,
辽源市,银鹰制药,125.0764,42.9078,2025-05-03T0900,8,18,0.3,6,3,85,84,27,
聊城市,区政府,115.9848,36.4372,2025-05-03T0900,12,58,0.5,10,5,74,75,54,颗粒物(PM10)
聊城市,聊大东校,116.0072,36.4343,2025-05-03T0900,20,85,0.3,8,6,72,76,68,颗粒物(PM10)
聊城市,监控中心,115.9819,36.4978,2025-05-03T0900,12,39,0.4,9,7,74,70,39,
聊城市,九州社区,116.0445,36.4361,2025-05-03T0900,9,34,0.4,9,4,76,83,34,
聊城市,星美广场,116.0567,36.4608,2025-05-03T0900,8,41,0.5,15,10,74,75,41,
林芝市,林芝监测站,94.3681,29.6376,2025-05-03T0900,3,6,0.2,8,6,56,79,18,
林芝市,林芝人民医院,94.3616,29.6616,2025-05-03T0900,8,15,0.3,7,5,49,70,16,
临沧市,市环保局,100.0781,23.8982,2025-05-03T0900,12,27,0.8,10,5,20,18,27,
临沧市,市气象局,100.0894,23.8822,2025-05-03T0900,22,27,0.7,10,8,25,23,32,
临汾市,临钢医院,111.5531,36.0783,2025-05-03T0900,16,59,0.7,12,11,68,68,55,颗粒物(PM10)
临汾市,技工学校,111.5028,36.0714,2025-05-03T0900,8,36,0.4,9,10,76,70,36,
临汾市,市委,111.5018,36.0855,2025-05-03T0900,6,32,0.4,8,11,76,71,32,
临汾市,唐尧大酒店,111.505,36.1014,2025-05-03T0900,9,52,0.4,11,8,72,69,51,颗粒物(PM10)
临汾市,启星学校,111.4879,36.0530,2025-05-03T0900,18,45,0.5,8,11,76,72,45,
临夏回族自治州,滨河东路1号,103.2464,35.6123,2025-05-03T0900,140,361,0.4,21,4,23,15,216,颗粒物(PM10)
临夏回族自治州,新华街21号,103.2093,35.5995,2025-05-03T0900,164,401,0.5,23,6,38,43,273,颗粒物(PM10)
临沂市,沂河小区,118.3429,35.0532,2025-05-03T0900,25,41,0.2,8,9,90,92,41,
临沂市,鲁南制药厂,118.295,35.0583,2025-05-03T0900,37,,0.5,14,6,96,96,53,细颗粒物(PM2.5)
临沂市,新光毛纺厂,118.2794,34.9976,2025-05-03T0900,19,27,0.3,14,7,95,96,30,
临沂市,河东保险公司,118.3956,35.0888,2025-05-03T0900,14,31,0.3,6,5,101,103,32,
临沂市,十里堡居委,118.3564,35.0215,2025-05-03T0900,17,61,0.4,14,3,94,95,56,颗粒物(PM10)
临沂市,南坊新区,118.3604,35.1084,2025-05-03T0900,14,27,0.4,8,6,97,96,31,
临沂市,皇山花园小区,118.3920,35.0300,2025-05-03T0900,16,39,0.3,12,7,101,102,39,
柳州市,柳东小学,109.4856,24.3895,2025-05-03T0900,25,34,0.8,10,11,71,76,36,
柳州市,环保监测站,109.4157,24.3277,2025-05-03T0900,27,37,0.5,10,10,69,71,39,
柳州市,河西水厂,109.389,24.341,2025-05-03T0900,3,30,0.7,9,5,63,65,30,
柳州市,市四中,109.4311,24.2921,2025-05-03T0900,25,32,0.9,12,9,64,62,36,
柳州市,市九中,109.4006,24.3631,2025-05-03T0900,20,32,0.6,9,8,77,80,32,
柳州市,古亭山,109.4958,24.3134,2025-05-03T0900,20,30,0.8,10,7,66,72,30,
柳州市,市二中,109.5422,24.3996,2025-05-03T0900,24,30,0.6,12,13,60,63,35,
六安市,监测大楼,116.5079,31.737,2025-05-03T0900,34,79,0.4,9,6,85,94,65,颗粒物(PM10)
六安市,皖西学院,116.4738,31.7643,2025-05-03T0900,29,81,0.4,12,6,106,96,66,颗粒物(PM10)
六安市,朝阳厂,116.4996,31.7905,2025-05-03T0900,34,63,0.4,14,5,101,89,57,颗粒物(PM10)
六安市,开发区,116.5567,31.7886,2025-05-03T0900,35,92,0.5,11,5,99,87,71,颗粒物(PM10)
六盘水市,窑上,104.8,26.5892,2025-05-03T0900,,,,,,,107,,
六盘水市,黄土坡,104.83,26.5917,2025-05-03T0900,28,66,1.0,28,14,47,51,58,颗粒物(PM10)
六盘水市,水钢,104.89,26.5939,2025-05-03T0900,39,90,1.5,30,22,49,70,70,颗粒物(PM10)
六盘水市,民中,104.8475,26.5894,2025-05-03T0900,31,57,0.8,27,16,47,46,54,颗粒物(PM10)
六盘水市,双水,104.9544,26.5506,2025-05-03T0900,41,68,0.7,32,11,49,77,59,颗粒物(PM10)
龙岩市,龙岩师专,117.0189,25.1181,2025-05-03T0900,,,,,,,,,
龙岩市,龙岩市监测站,117.0217,25.1033,2025-05-03T0900,16,43,0.8,12,8,107,89,43,
龙岩市,闽西职业技术学院,117.0258,25.0661,2025-05-03T0900,19,42,0.6,12,12,88,74,42,
龙岩市,龙岩学院,117.0196,25.0306,2025-05-03T0900,21,43,0.5,13,16,87,82,43,
陇南市,汉王镇固水子,105.0822,33.3261,2025-05-03T0900,,,,,,,,,
陇南市,滨江中学,104.9339,33.3826,2025-05-03T0900,24,48,0.5,20,13,56,77,48,
陇南市,市总工会,104.955,33.371,2025-05-03T0900,19,52,0.4,21,10,57,80,51,颗粒物(PM10)
娄底市,电视发射台,111.9589,27.8901,2025-05-03T0900,28,67,1.1,14,10,41,43,59,颗粒物(PM10)
娄底市,市监测站,111.9975,27.725,2025-05-03T0900,60,98,1.1,38,12,25,18,82,细颗粒物(PM2.5)
娄底市,市委党校,112.0194,27.7314,2025-05-03T0900,46,100,0.7,26,4,27,30,75,颗粒物(PM10)
娄底市,涟钢,111.9561,27.7569,2025-05-03T0900,50,91,0.8,21,16,28,22,71,颗粒物(PM10)
娄底市,市政府,111.9892,27.7044,2025-05-03T0900,57,81,0.7,15,5,23,19,78,细颗粒物(PM2.5)
泸州市,九狮山,105.4324,28.9634,2025-05-03T0900,,,,,,,,,
泸州市,小市上码头,105.4427,28.9063,2025-05-03T0900,96,146,1.0,35,10,31,26,127,细颗粒物(PM2.5)
泸州市,兰田宪桥,105.4241,28.8573,2025-05-03T0900,117,149,1.0,31,10,25,33,153,细颗粒物(PM2.5)
泸州市,市环监站,105.4379,28.8833,2025-05-03T0900,,,,,,,,,
泸州市,纳溪中医医院,105.3689,28.7783,2025-05-03T0900,128,166,1.2,44,10,10,21,169,细颗粒物(PM2.5)
吕梁市,环保局,111.1406,37.5211,2025-05-03T0900,9,44,0.2,8,3,67,56,44,
吕梁市,自来水公司,111.1297,37.5136,2025-05-03T0900,8,28,0.3,12,4,62,59,28,
吕梁市,马茂庄小学,111.1283,37.51,2025-05-03T0900,10,34,0.3,12,4,66,61,34,
洛阳市,市委党校,112.3931,34.6516,2025-05-03T0900,51,71,0.6,49,7,98,107,70,细颗粒物(PM2.5)
洛阳市,河南林校,112.494,34.6886,2025-05-03T0900,24,61,0.5,15,9,93,103,56,颗粒物(PM10)
洛阳市,开发区管委会,112.3844,34.623,2025-05-03T0900,45,72,0.6,17,11,92,103,63,细颗粒物(PM2.5)
洛阳市,市委新办公区,112.4267,34.6258,2025-05-03T0900,27,70,0.5,14,8,96,98,60,颗粒物(PM10)
洛阳市,伊滨,112.6005,34.6326,2025-05-03T0900,31,83,0.6,16,8,96,104,67,颗粒物(PM10)
洛阳市,中移产业园,112.4951,34.6332,2025-05-03T0900,40,77,0.6,15,8,96,106,64,颗粒物(PM10)
洛阳市,吉利监测站,112.5736,34.8993,2025-05-03T0900,31,86,0.6,22,10,81,95,68,颗粒物(PM10)
洛阳市,河科大西苑校区,112.3677,34.662,2025-05-03T0900,24,69,0.6,13,8,102,112,60,颗粒物(PM10)
洛阳市,英才小学,112.4388,34.6781,2025-05-03T0900,29,58,0.7,17,6,102,110,54,颗粒物(PM10)
洛阳市,春都路1号院,112.4600,34.6949,2025-05-03T0900,40,90,0.6,15,7,101,108,70,颗粒物(PM10)
漯河市,三五一五工厂,114.051,33.5699,2025-05-03T0900,19,61,0.5,8,5,83,103,56,颗粒物(PM10)
漯河市,漯河大学,114.0055,33.5698,2025-05-03T0900,17,,0.4,7,6,,104,,
漯河市,市水利局,114.0138,33.5828,2025-05-03T0900,12,51,0.7,9,5,78,101,51,颗粒物(PM10)
漯河市,市广电局,114.0261,33.5698,2025-05-03T0900,15,46,0.4,7,4,82,102,46,
漯河市,市图书馆,113.9749,33.5664,2025-05-03T0900,11,63,0.5,11,4,82,100,57,颗粒物(PM10)
漯河市,韶山路11号,114.0892,33.5882,2025-05-03T0900,15,62,0.5,11,5,74,95,56,颗粒物(PM10)
马鞍山市,湖东路四小,118.5092,31.6837,2025-05-03T0900,28,74,0.6,7,8,126,102,62,颗粒物(PM10)
马鞍山市,开发区,118.5024,31.6449,2025-05-03T0900,24,65,0.5,13,8,123,88,58,颗粒物(PM10)
马鞍山市,濮塘,118.6245,31.7241,2025-05-03T0900,20,69,0.7,7,8,131,104,60,颗粒物(PM10)
马鞍山市,雨山,118.4918,31.6809,2025-05-03T0900,25,76,0.6,8,10,123,97,63,颗粒物(PM10)
马鞍山市,慈湖高新区,118.5274,31.72227,2025-05-03T0900,27,88,0.6,9,9,122,92,69,颗粒物(PM10)
茂名市,电白南海,111.0286,21.4688,2025-05-03T0900,17,34,0.9,8,1,54,51,34,
茂名市,茂石化七小,110.9294,21.6533,2025-05-03T0900,17,41,0.9,11,2,37,31,41,
茂名市,健康路,110.9107,21.6687,2025-05-03T0900,17,31,0.9,8,2,48,41,31,
茂名市,高岭,110.8592,21.6828,2025-05-03T0900,17,56,0.7,6,3,50,43,53,颗粒物(PM10)
茂名市,电白水东,111.01,21.5165,2025-05-03T0900,12,24,0.9,8,,49,45,,
眉山市,黑龙滩水库,104.0308,30.0478,2025-05-03T0900,33,53,0.7,36,3,36,39,52,颗粒物(PM10)
眉山市,气象局,103.8416,30.0874,2025-05-03T0900,48,92,0.5,78,18,28,12,71,颗粒物(PM10)
眉山市,市委党校,103.8578,30.0744,2025-05-03T0900,41,83,0.6,61,12,54,20,67,颗粒物(PM10)
眉山市,区人社局,103.8291,30.0564,2025-05-03T0900,39,58,0.7,84,12,28,20,55,细颗粒物(PM2.5)
梅州市,梅江月梅,116.1231,24.3284,2025-05-03T0900,30,42,0.8,12,13,79,56,43,
梅州市,梅县新城,116.0797,24.2719,2025-05-03T0900,33,46,0.9,21,7,56,58,48,
梅州市,环境监控中心,116.1248,24.2654,2025-05-03T0900,31,56,0.8,18,23,73,48,53,颗粒物(PM10)
梅州市,梅龙,116.1233,24.2991,2025-05-03T0900,31,51,0.9,12,28,85,72,51,颗粒物(PM10)
绵阳市,富乐山,104.7778,31.4741,2025-05-03T0900,34,58,0.5,18,8,88,62,54,颗粒物(PM10)
绵阳市,高新区自来水公司,104.6697,31.4668,2025-05-03T0900,29,45,0.6,27,4,91,89,45,
绵阳市,三水厂,104.7287,31.5075,2025-05-03T0900,46,88,0.6,37,8,70,48,69,颗粒物(PM10)
绵阳市,西科大附属小学,104.69,31.5322,2025-05-03T0900,37,89,0.6,39,8,62,72,70,颗粒物(PM10)
绵阳市,安州区旅游局,104.5648,31.5343,2025-05-03T0900,27,54,0.5,22,10,73,69,52,颗粒物(PM10)
绵阳市,绵阳市气象局,104.7651,31.4531,2025-05-03T0900,26,62,0.5,34,7,69,57,56,颗粒物(PM10)
牡丹江市,环保大楼,129.61,44.561,2025-05-03T0900,13,15,0.3,8,6,78,53,25,
牡丹江市,文化广场,129.6115,44.5782,2025-05-03T0900,12,21,0.4,12,10,74,54,24,
牡丹江市,第一医院,129.5904,44.5963,2025-05-03T0900,12,21,0.4,6,,77,55,,
牡丹江市,机车工厂,129.6364,44.6075,2025-05-03T0900,11,25,0.4,10,6,71,40,25,
牡丹江市,第一中学,129.6386,44.5462,2025-05-03T0900,11,26,0.6,8,7,,45,,
内江市,市监测站,105.0703,29.61,2025-05-03T0900,51,79,0.7,22,14,72,80,70,细颗粒物(PM2.5)
内江市,东兴区政府,105.0717,29.5947,2025-05-03T0900,38,82,0.5,28,16,75,82,66,颗粒物(PM10)
内江市,内江二中,105.0653,29.5817,2025-05-03T0900,51,80,0.6,30,9,76,70,70,细颗粒物(PM2.5)
内江市,内江日报社,105.0406,29.5822,2025-05-03T0900,55,69,0.6,19,14,81,86,75,细颗粒物(PM2.5)
那曲市,那曲监测站,92.0657,31.4846,2025-05-03T0900,22,30,0.7,30,7,67,62,32,
那曲市,那曲市委宣传部,92.0515,31.4787,2025-05-03T0900,21,34,0.5,17,6,74,82,34,
南昌市,省外办,115.8931,28.6843,2025-05-03T0900,34,62,0.6,38,17,46,20,56,颗粒物(PM10)
南昌市,省林业公司,115.8886,28.7003,2025-05-03T0900,36,80,0.8,45,13,20,10,65,颗粒物(PM10)
南昌市,林科所,115.8126,28.7442,2025-05-03T0900,29,75,0.6,39,12,52,55,63,颗粒物(PM10)
南昌市,建工学校,115.8518,28.687,2025-05-03T0900,32,70,0.8,49,10,35,18,60,颗粒物(PM10)
南昌市,象湖,115.8921,28.6424,2025-05-03T0900,29,67,0.7,29,16,54,30,59,颗粒物(PM10)
南昌市,武术学校,115.7423,28.7996,2025-05-03T0900,7,26,0.6,6,5,28,18,26,
南昌市,机电学校,115.9084,28.6062,2025-05-03T0900,31,82,0.6,24,11,55,39,66,颗粒物(PM10)
南昌市,外国语学校,115.9721,28.7031,2025-05-03T0900,31,77,0.6,25,17,60,41,64,颗粒物(PM10)
南昌市,南京东路235号,115.9316,28.68677,2025-05-03T0900,36,93,0.9,34,21,62,36,72,颗粒物(PM10)
南充市,西山风景区,106.056,30.8064,2025-05-03T0900,,,,,,,,,
南充市,南充市委,106.0789,30.8023,2025-05-03T0900,39,82,0.6,21,8,64,44,66,颗粒物(PM10)
南充市,南充炼油厂,106.1031,30.8217,2025-05-03T0900,38,73,0.5,17,8,65,47,62,颗粒物(PM10)
南充市,梨树横街98号,106.1083,30.7884,2025-05-03T0900,37,73,0.4,22,5,57,32,62,颗粒物(PM10)
南充市,清泉寺北路188号,106.1172,30.843,2025-05-03T0900,38,83,0.2,16,7,55,66,67,颗粒物(PM10)
南充市,同庆路1号,106.067,30.7616,2025-05-03T0900,44,75,0.3,26,7,65,48,63,颗粒物(PM10)
南京市,迈皋桥,118.8086,32.1065,2025-05-03T0900,27,61,0.6,7,4,124,93,56,颗粒物(PM10)
南京市,草场门,118.7538,32.0551,2025-05-03T0900,31,102,0.4,14,3,133,97,76,颗粒物(PM10)
南京市,山西路,118.7794,32.0745,2025-05-03T0900,29,107,0.5,21,5,136,102,79,颗粒物(PM10)
南京市,中华门,118.7752,32.0023,2025-05-03T0900,34,102,0.4,11,8,126,86,76,颗粒物(PM10)
南京市,瑞金路,118.8109,32.0309,2025-05-03T0900,31,90,0.5,9,6,135,94,70,颗粒物(PM10)
南京市,玄武湖,118.7997,32.0754,2025-05-03T0900,27,63,0.6,3,7,122,94,57,颗粒物(PM10)
南京市,浦口,118.6414,32.0931,2025-05-03T0900,33,65,0.6,12,7,,106,,
南京市,奥体中心,118.7356,31.9996,2025-05-03T0900,31,86,0.5,13,7,143,96,68,颗粒物(PM10)
南京市,仙林大学城,118.9125,32.1028,2025-05-03T0900,34,92,0.7,12,10,130,102,71,颗粒物(PM10)
南京市,江宁彩虹桥,118.8436,31.9198,2025-05-03T0900,27,87,0.6,11,4,138,93,69,颗粒物(PM10)
南京市,六合雄州,118.8554,32.3578,2025-05-03T0900,39,95,0.6,19,7,125,104,73,颗粒物(PM10)
南京市,汶溪路181号,118.8708,31.3402,2025-05-03T0900,22,46,0.4,22,6,107,96,46,
南京市,中山西路1号,119.019,31.6512,2025-05-03T0900,22,63,0.6,11,8,131,88,57,颗粒物(PM10)
南宁市,二十一中,108.3103,22.7881,2025-05-03T0900,20,31,0.9,8,6,72,70,31,
南宁市,北湖,108.3141,22.8528,2025-05-03T0900,30,,0.9,8,7,78,74,43,
南宁市,市监测站,108.3206,22.8225,2025-05-03T0900,26,36,0.7,7,6,67,66,38,
南宁市,大自然花园,108.3829,22.8037,2025-05-03T0900,28,39,0.8,6,5,73,74,40,
南宁市,仙葫,108.4394,22.7904,2025-05-03T0900,33,41,1.0,8,7,64,63,48,
南宁市,区农职院,108.2397,22.8467,2025-05-03T0900,21,30,0.9,10,4,70,66,30,
南宁市,英华嘉园,108.3275,22.735,2025-05-03T0900,30,43,0.6,13,15,65,62,43,
南宁市,红星社区,108.4834,22.7618,2025-05-03T0900,31,53,0.8,6,10,70,57,52,颗粒物(PM10)
南宁市,乐贤路16号,108.2177,22.7774,2025-05-03T0900,25,35,0.6,8,5,60,44,36,
南平市,茫荡山,118.0966,26.6761,2025-05-03T0900,,,,,,,,,
南平市,南平市监测站,118.1681,26.6369,2025-05-03T0900,20,39,0.7,12,8,91,90,39,
南平市,南平铝业有限公司,118.1825,26.6489,2025-05-03T0900,20,46,0.7,10,11,88,77,46,
南平市,南平七中,118.1756,26.6272,2025-05-03T0900,23,53,,,6,88,101,,
南通市,狼山街道,120.9098,31.9663,2025-05-03T0900,25,90,0.6,16,4,136,71,70,颗粒物(PM10)
南通市,虹桥,120.86,32.0005,2025-05-03T0900,32,69,0.8,13,3,131,72,60,颗粒物(PM10)
南通市,城中,120.87,32.02,2025-05-03T0900,26,99,0.5,13,5,134,82,75,颗粒物(PM10)
南通市,星湖花园,120.94,31.93,2025-05-03T0900,27,96,0.6,12,5,133,82,73,颗粒物(PM10)
南通市,紫琅学院,120.81,32.0417,2025-05-03T0900,26,84,0.8,13,5,115,65,67,颗粒物(PM10)
南通市,通州监测站,121.067,32.062,2025-05-03T0900,27,88,0.6,6,6,136,87,69,颗粒物(PM10)
南通市,环境教育馆,120.9348,31.9883,2025-05-03T0900,33,105,0.3,6,4,145,83,78,颗粒物(PM10)
南阳市,瓦房庄,112.5224,33.0122,2025-05-03T0900,19,50,0.5,10,5,90,119,50,
南阳市,汉画馆,112.5003,32.9735,2025-05-03T0900,12,44,0.3,10,6,87,114,44,
南阳市,气象站,112.5573,33.027,2025-05-03T0900,12,45,0.2,8,5,90,119,45,
南阳市,理工学院,112.5481,32.9689,2025-05-03T0900,16,44,0.4,10,4,87,116,44,
南阳市,卧龙区政府,112.5234,32.9922,2025-05-03T0900,17,59,0.5,12,5,90,120,55,颗粒物(PM10)
宁波市,区环保大楼,121.8358,29.911,2025-05-03T0900,23,48,0.4,18,8,128,142,48,
宁波市,万里学院,121.56,29.82,2025-05-03T0900,24,52,0.5,10,6,138,145,51,颗粒物(PM10)
宁波市,龙赛医院,121.713,29.9572,2025-05-03T0900,20,137,0.6,7,7,138,145,94,颗粒物(PM10)
宁波市,钱湖水厂,121.633,29.7733,2025-05-03T0900,20,46,0.4,9,9,135,138,46,
宁波市,太古小学,121.5856,29.8635,2025-05-03T0900,22,52,0.8,7,6,132,138,51,颗粒物(PM10)
宁波市,市环境监测中心,121.524,29.8674,2025-05-03T0900,19,51,0.6,18,10,116,126,51,颗粒物(PM10)
宁波市,万里国际学校,121.6147,29.9017,2025-05-03T0900,21,42,0.5,7,8,140,148,44,
宁波市,白沙活动中心,121.5594,29.8975,2025-05-03T0900,19,39,0.6,8,7,123,134,39,
宁德市,金涵水库,119.5001,26.6946,2025-05-03T0900,,,,,,,,,
宁德市,宁德市监测站,119.5388,26.6612,2025-05-03T0900,24,49,0.6,19,5,94,84,49,
宁德市,宁德一中,119.5231,26.6562,2025-05-03T0900,22,32,0.4,14,7,93,83,32,
怒江傈僳族自治州,州监测站,98.8601,25.8567,2025-05-03T0900,13,35,0.3,11,6,28,41,35,
怒江傈僳族自治州,泸水一中,98.8546,25.8417,2025-05-03T0900,15,19,0.4,13,6,13,22,22,
攀枝花市,弄弄坪,101.6891,26.571,2025-05-03T0900,13,53,0.7,36,11,36,66,52,颗粒物(PM10)
攀枝花市,河门口,101.5769,26.5928,2025-05-03T0900,21,42,1.1,33,28,37,37,42,
攀枝花市,炳草岗,101.7169,26.585,2025-05-03T0900,32,71,0.8,38,24,34,46,61,颗粒物(PM10)
攀枝花市,仁和,101.7369,26.5008,2025-05-03T0900,15,30,0.6,19,9,50,49,30,
攀枝花市,四十中小,101.7227,26.567,2025-05-03T0900,15,30,0.8,32,17,47,49,30,
盘锦市,开发区,122.0303,41.1489,2025-05-03T0900,,4,0.3,6,11,84,60,,
盘锦市,兴隆台,122.0485,41.0883,2025-05-03T0900,3,15,0.4,14,13,70,50,22,
盘锦市,新生街道,121.8297,41.1028,2025-05-03T0900,3,14,0.4,11,15,80,57,25,
平顶山市,新华旅馆,113.3257,33.742,2025-05-03T0900,25,61,0.4,11,6,86,108,56,颗粒物(PM10)
平顶山市,规划设计院,113.2919,33.737,2025-05-03T0900,12,34,0.5,10,4,85,110,34,
平顶山市,平顶山工学院,113.182,33.774,2025-05-03T0900,9,35,0.2,8,5,88,111,35,
平顶山市,规划局,113.3025,33.73,2025-05-03T0900,16,46,0.4,6,6,85,109,46,
平顶山市,石龙区,112.8867,33.9116,2025-05-03T0900,11,50,0.1,8,8,93,110,50,
平凉市,聚贤嘉苑,106.6692,35.5461,2025-05-03T0900,,,,,,,76,,
平凉市,博物馆,106.7021,35.5307,2025-05-03T0900,25,93,0.4,6,9,,83,,
萍乡市,武功山,114.0997,27.5002,2025-05-03T0900,26,42,0.4,9,14,65,53,42,
萍乡市,中医院,113.8385,27.6434,2025-05-03T0900,37,84,1.6,24,32,44,26,67,颗粒物(PM10)
萍乡市,市政府车库,113.8493,27.6253,2025-05-03T0900,47,100,4.9,45,40,36,29,75,颗粒物(PM10)
萍乡市,市环保局,113.8676,27.6435,2025-05-03T0900,39,94,1.0,26,29,46,24,72,颗粒物(PM10)
萍乡市,安源区政府,113.866,27.6198,2025-05-03T0900,43,99,4.2,40,25,28,21,75,颗粒物(PM10)
莆田市,荔城区仓后路,119.0141,25.4325,2025-05-03T0900,33,52,0.7,16,6,96,81,51,颗粒物(PM10)
莆田市,莆田市监测站,119.0015,25.4553,2025-05-03T0900,30,49,0.6,16,6,98,85,49,
莆田市,涵江区六中,119.1119,25.4561,2025-05-03T0900,24,51,0.5,16,4,106,90,51,颗粒物(PM10)
莆田市,秀屿区政府,119.1013,25.3215,2025-05-03T0900,49,87,0.8,26,7,76,62,69,颗粒物(PM10)
莆田市,东圳水库,118.981,25.4792,2025-05-03T0900,,,,,,,,,
濮阳市,环保局,115.0312,35.7636,2025-05-03T0900,13,76,0.6,11,7,80,88,63,颗粒物(PM10)
濮阳市,油田运输公司,115.0574,35.7609,2025-05-03T0900,14,60,0.5,9,6,87,94,55,颗粒物(PM10)
濮阳市,濮水河管理处,115,35.7668,2025-05-03T0900,10,38,0.6,11,6,86,86,38,
濮阳市,任丘路479号,115.0924,35.7686,2025-05-03T0900,17,48,0.4,11,6,82,86,48,
普洱市,市环保局,100.98,22.7633,2025-05-03T0900,7,31,0.7,8,6,16,14,31,
普洱市,普洱第二中学,100.9817,22.8322,2025-05-03T0900,10,22,0.6,10,5,19,10,22,
七台河市,新一中,131.0518,45.8751,2025-05-03T0900,11,,0.7,10,12,93,63,30,
七台河市,中波台,131.0577,45.7879,2025-05-03T0900,13,25,3.9,13,9,78,51,39,
七台河市,人民广场,131.0176,45.7761,2025-05-03T0900,14,61,0.5,16,12,83,62,56,颗粒物(PM10)
七台河市,新建矿广场,130.8781,45.8222,2025-05-03T0900,8,48,0.5,16,12,76,43,48,
齐齐哈尔市,安居小区,123.9305,47.3636,2025-05-03T0900,10,36,0.3,8,4,69,48,36,
齐齐哈尔市,中心广场,123.9488,47.3386,2025-05-03T0900,9,28,0.3,8,8,69,55,28,
齐齐哈尔市,农牧车辆厂,123.9483,47.3227,2025-05-03T0900,21,27,0.3,9,4,70,54,30,
齐齐哈尔市,市环境监测站,123.945,47.2988,2025-05-03T0900,14,26,0.4,6,3,71,56,26,
齐齐哈尔市,富区青少年活动中心,123.6333,47.2075,2025-05-03T0900,7,21,,,,,46,,
黔东南苗族侗族自治州,市环境监测站,107.9783,26.5747,2025-05-03T0900,28,45,0.4,14,6,84,79,45,
黔东南苗族侗族自治州,凯里学院,107.8908,26.5311,2025-05-03T0900,24,46,0.5,14,5,89,84,46,
黔南布依族苗族自治州,小围寨,107.5228,26.2403,2025-05-03T0900,22,31,0.3,11,4,,54,,
黔南布依族苗族自治州,沙坝,107.5175,26.2978,2025-05-03T0900,22,36,0.4,16,4,29,31,36,
黔西南布依族苗族自治州,场坝街,104.9022,25.0925,2025-05-03T0900,62,113,0.6,29,81,40,67,84,细颗粒物(PM2.5)
黔西南布依族苗族自治州,坪东大道,104.8811,25.0992,2025-05-03T0900,24,36,0.4,21,9,61,60,36,
钦州市,市环保站,108.6236,21.9667,2025-05-03T0900,12,19,0.9,16,8,60,58,19,
钦州市,沙埠小学,108.6549,21.9481,2025-05-03T0900,14,21,0.7,12,10,61,50,21,
钦州市,港区一小,108.5989,21.7431,2025-05-03T0900,15,,0.6,8,7,71,75,23,
钦州市,北职校,108.5959,21.9633,2025-05-03T0900,14,29,0.8,11,12,63,58,29,
秦皇岛市,第一关,119.7493,40.0116,2025-05-03T0900,11,18,0.2,7,4,78,47,25,
秦皇岛市,监测站,119.5897,39.9499,2025-05-03T0900,10,27,0.2,7,3,78,37,27,
秦皇岛市,建设大厦,119.5251,39.9041,2025-05-03T0900,14,45,0.2,16,2,73,38,45,
秦皇岛市,文明里,119.610547,39.943889,2025-05-03T0900,9,24,0.2,11,2,74,43,24,
秦皇岛市,北戴河轮滑馆,119.5090,39.8253,2025-05-03T0900,12,18,0.2,9,4,73,52,23,
青岛市,仰口,120.6659,36.2403,2025-05-03T0900,17,35,0.5,8,7,105,97,35,
青岛市,市南区东部子站,120.4134,36.0658,2025-05-03T0900,12,61,0.4,15,8,91,91,56,颗粒物(PM10)
青岛市,四方区子站,120.3664,36.1032,2025-05-03T0900,14,53,0.6,22,1,102,96,52,颗粒物(PM10)
青岛市,市南区西部子站,120.2994,36.054,2025-05-03T0900,15,46,0.6,24,8,81,89,46,
青岛市,崂山区子站,120.4581,36.0858,2025-05-03T0900,9,36,0.5,12,9,100,101,36,
青岛市,城阳区子站,120.3999,36.3083,2025-05-03T0900,12,31,0.5,13,6,96,87,31,
青岛市,黄岛区4号,120.0405,35.8735,2025-05-03T0900,12,61,0.5,13,9,92,82,56,颗粒物(PM10)
青岛市,即墨2号,120.5014,36.4034,2025-05-03T0900,19,36,0.6,10,9,94,86,36,
青岛市,市北区南部,120.3503,36.0736,2025-05-03T0900,14,36,0.7,12,8,80,80,36,
青岛市,李沧区北部,120.3948,36.1805,2025-05-03T0900,14,58,0.6,13,9,92,82,54,颗粒物(PM10)
青岛市,珠江路669号,120.1969,35.9546,2025-05-03T0900,15,46,0.6,19,7,85,75,46,
清远市,环保大楼,113.0426,23.691,2025-05-03T0900,35,68,0.9,23,6,55,86,59,颗粒物(PM10)
清远市,凤城街办,113.0208,23.7106,2025-05-03T0900,33,57,0.7,20,7,59,76,54,颗粒物(PM10)
清远市,技师学院,113.0477,23.6344,2025-05-03T0900,46,62,0.6,23,8,52,70,64,细颗粒物(PM2.5)
清远市,清新太和,112.9903,23.7403,2025-05-03T0900,34,48,0.7,15,7,65,88,49,
清远市,清城东城,113.076,23.7198,2025-05-03T0900,36,63,0.7,18,8,61,74,57,颗粒物(PM10)
庆阳市,庆阳五中,107.6325,35.7357,2025-05-03T0900,20,47,0.5,6,4,81,81,47,
庆阳市,市环保局,107.6364,35.7067,2025-05-03T0900,19,49,0.3,6,7,82,84,49,
曲靖市,环境监测站,103.7897,25.5035,2025-05-03T0900,14,18,0.5,14,7,69,72,22,
曲靖市,烟厂办公区,103.8,25.5364,2025-05-03T0900,9,23,0.6,13,5,69,77,23,
曲靖市,南苑二区,103.7947,25.462,2025-05-03T0900,16,25,0.5,12,6,71,72,25,
曲靖市,曲靖师范学院,103.7444,25.5261,2025-05-03T0900,30,49,0.8,17,26,62,55,49,
衢州市,环保大楼,118.8692,28.9398,2025-05-03T0900,24,51,0.5,26,4,37,31,51,颗粒物(PM10)
衢州市,实验学校,118.8709,28.9666,2025-05-03T0900,36,57,0.5,34,6,40,34,54,颗粒物(PM10)
衢州市,衢州学院,118.8621,28.9808,2025-05-03T0900,39,69,0.5,41,6,25,28,60,颗粒物(PM10)
泉州市,涂山街,118.5819,24.9117,2025-05-03T0900,34,87,0.7,18,6,91,76,69,颗粒物(PM10)
泉州市,津头埔,118.5972,24.8978,2025-05-03T0900,34,80,0.8,22,4,89,80,65,颗粒物(PM10)
泉州市,万安,118.6663,24.9424,2025-05-03T0900,33,77,0.6,20,5,98,77,64,颗粒物(PM10)
泉州市,清源山,118.6117,24.9604,2025-05-03T0900,,,,,,,,,
泉州市,城华南路,118.6333,24.9264,2025-05-03T0900,37,72,0.6,21,4,82,78,61,颗粒物(PM10)
日喀则市,日喀则监测站,88.8876,29.2718,2025-05-03T0900,7,24,0.4,15,5,78,108,25,
日喀则市,林业技术推广中心,88.8781,29.2426,2025-05-03T0900,7,33,0.3,10,7,81,107,33,
日照市,监测站,119.471,35.4209,2025-05-03T0900,23,88,0.6,14,6,100,106,69,颗粒物(PM10)
日照市,市政府广场,119.523,35.4216,2025-05-03T0900,10,53,0.5,13,5,94,93,52,颗粒物(PM10)
日照市,港务局,119.5587,35.4044,2025-05-03T0900,21,41,0.7,15,5,98,102,41,
日照市,职业技术学院,119.5328,35.4625,2025-05-03T0900,12,46,0.6,10,6,98,98,46,
日照市,岚山环保分局,119.3266,35.1044,2025-05-03T0900,20,73,0.6,14,5,106,107,62,颗粒物(PM10)
三门峡市,市政府,111.1922,34.7752,2025-05-03T0900,57,86,0.9,16,8,115,121,78,细颗粒物(PM2.5)
三门峡市,开发区,111.1587,34.7942,2025-05-03T0900,55,107,1.0,16,10,106,112,79,颗粒物(PM10)
三门峡市,风景区,111.143,34.7955,2025-05-03T0900,44,106,0.8,13,11,106,110,78,颗粒物(PM10)
三门峡市,三门峡市第一小学,111.1911,34.7829,2025-05-03T0900,41,98,0.8,12,11,118,123,74,颗粒物(PM10)
三门峡市,富达温泉假日酒店,111.1,34.7167,2025-05-03T0900,44,100,1.0,14,10,91,106,75,颗粒物(PM10)
三明市,三钢,117.6211,26.2625,2025-05-03T0900,33,52,1.0,21,14,,17,,
三明市,三明二中,117.635,26.2714,2025-05-03T0900,34,59,1.2,27,17,56,28,55,颗粒物(PM10)
三明市,三元区政府,117.6028,26.2378,2025-05-03T0900,31,45,0.7,20,14,58,21,45,
三明市,洋溪,117.7275,26.3108,2025-05-03T0900,,,,,,,,,
三亚市,河东子站,109.5078,18.2489,2025-05-03T0900,14,31,0.5,6,3,47,28,31,
三亚市,河西子站,109.4964,18.2681,2025-05-03T0900,12,25,0.3,6,2,48,25,25,
三亚市,君悦子站,109.7348,18.3443,2025-05-03T0900,13,26,0.3,7,3,49,20,26,
山南市,山南监测站,91.7608,29.2313,2025-05-03T0900,8,10,0.5,14,3,98,130,31,
山南市,山南人民医院,91.7706,29.2436,2025-05-03T0900,16,43,0.4,8,4,116,138,43,
汕头市,金平子站,116.6794,23.3667,2025-05-03T0900,34,63,1.0,23,11,101,,57,颗粒物(PM10)
汕头市,龙湖子站,116.7244,23.3633,2025-05-03T0900,31,45,0.8,12,9,,119,,
汕头市,濠江子站,116.7258,23.2775,2025-05-03T0900,35,40,0.9,16,10,110,117,50,
汕头市,澄海子站,116.7519,23.4714,2025-05-03T0900,30,54,0.8,20,4,90,99,52,颗粒物(PM10)
汕头市,潮阳子站,116.6092,23.2539,2025-05-03T0900,41,,1.1,13,8,118,125,58,细颗粒物(PM2.5)
汕头市,潮南峡山,116.454,23.2684,2025-05-03T0900,35,60,0.9,6,7,111,120,55,颗粒物(PM10)
汕头市,潮南子站,116.4069,23.2533,2025-05-03T0900,49,62,1.0,10,5,116,121,68,细颗粒物(PM2.5)
汕尾市,市环保局,115.3653,22.775,2025-05-03T0900,29,37,0.7,9,7,143,163,45,
汕尾市,市政府,115.3706,22.7898,2025-05-03T0900,16,45,0.5,11,4,131,152,45,
汕尾市,新城中学,115.3622,22.7925,2025-05-03T0900,28,42,0.6,7,8,141,162,45,
商洛市,监测站,109.9154,33.8715,2025-05-03T0900,23,85,0.3,7,,,81,,
商洛市,商州区中学,109.9643,33.8471,2025-05-03T0900,34,121,0.4,10,4,83,81,86,颗粒物(PM10)
商丘市,环境监测站,115.6702,34.4285,2025-05-03T0900,8,57,0.3,11,3,80,91,54,颗粒物(PM10)
商丘市,粮食局,115.6458,34.4045,2025-05-03T0900,19,63,0.3,11,4,77,91,57,颗粒物(PM10)
商丘市,睢阳区环保局,115.6293,34.3948,2025-05-03T0900,15,48,0.3,12,2,82,96,48,
商丘市,梁园区档案局,115.6071,34.4465,2025-05-03T0900,9,48,0.3,8,3,78,89,48,
上海市,普陀,121.4,31.238,2025-05-03T0900,,,0.5,,,105,111,,
上海市,十五厂,121.478,31.2036,2025-05-03T0900,30,58,0.8,21,10,119,106,54,颗粒物(PM10)
上海市,虹口,121.467,31.3008,2025-05-03T0900,29,62,0.6,19,9,108,111,56,颗粒物(PM10)
上海市,静安监测站,121.425,31.2261,2025-05-03T0900,28,63,1.0,24,10,113,114,57,颗粒物(PM10)
上海市,浦东川沙,121.703,31.1907,2025-05-03T0900,29,64,0.6,22,7,114,124,57,颗粒物(PM10)
上海市,浦东新区监测站,121.533,31.2284,2025-05-03T0900,25,59,0.8,22,8,115,114,55,颗粒物(PM10)
上海市,浦东张江,121.577,31.2071,2025-05-03T0900,31,59,0.9,19,6,116,116,55,颗粒物(PM10)
上海市,宝山庙行,121.4316,31.3322,2025-05-03T0900,33,62,0.6,20,8,110,113,56,颗粒物(PM10)
上海市,崇明上实东滩,121.8791,31.4662,2025-05-03T0900,33,59,0.6,29,3,121,124,55,颗粒物(PM10)
上海市,嘉定南翔,121.3162,31.2838,2025-05-03T0900,32,63,0.7,15,7,91,95,57,颗粒物(PM10)
上海市,金山新城,121.3359,30.7456,2025-05-03T0900,30,54,1.0,21,5,127,122,52,颗粒物(PM10)
上海市,闵行浦江,121.4996,31.0739,2025-05-03T0900,31,57,0.8,23,7,107,108,54,颗粒物(PM10)
上海市,青浦徐泾,121.2886,31.1663,2025-05-03T0900,31,56,0.6,18,7,109,99,53,颗粒物(PM10)
上海市,松江图书馆,121.2186,31.0378,2025-05-03T0900,30,59,0.6,23,8,108,99,55,颗粒物(PM10)
上海市,长宁仙霞,121.3902,31.2059,2025-05-03T0900,30,62,0.7,25,9,108,106,56,颗粒物(PM10)
上海市,浦东惠南,121.7965,31.0507,2025-05-03T0900,22,51,0.7,8,7,122,127,51,颗粒物(PM10)
上海市,奉贤南桥新城,121.4891,30.925,2025-05-03T0900,62,,0.7,19,4,120,116,84,细颗粒物(PM2.5)
上海市,冠生园路458号,121.4174,31.16637,2025-05-03T0900,32,55,0.8,21,8,116,115,53,颗粒物(PM10)
上海市,宁武路151号,121.5419,31.2683,2025-05-03T0900,38,65,0.9,25,8,106,101,58,颗粒物(PM10)
上饶市,百草园,118.005,28.4572,2025-05-03T0900,,,,,,,,,
上饶市,市监测站,117.9756,28.4436,2025-05-03T0900,25,49,0.5,19,14,51,38,49,
上饶市,凤凰光学,117.9519,28.4628,2025-05-03T0900,24,47,0.7,17,18,51,39,47,
上饶市,双创科技城,117.897,28.4315,2025-05-03T0900,30,48,0.7,20,12,64,40,48,
上饶市,裕丰大道,118.1904,28.4448,2025-05-03T0900,27,53,0.4,8,5,90,50,52,颗粒物(PM10)
韶关市,市八中,113.5824,24.7733,2025-05-03T0900,40,70,0.7,20,13,71,81,60,颗粒物(PM10)
韶关市,园林处,113.5917,24.7972,2025-05-03T0900,42,56,0.7,15,14,68,78,59,细颗粒物(PM2.5)
韶关市,曲江监测站,113.5971,24.6863,2025-05-03T0900,36,61,0.8,19,9,73,94,56,颗粒物(PM10)
韶关市,大学路288号,113.6668,24.7756,2025-05-03T0900,40,56,0.7,10,12,81,94,57,细颗粒物(PM2.5)
韶关市,碧湖山庄,113.5556,24.8082,2025-05-03T0900,41,72,0.6,12,10,49,77,61,颗粒物(PM10)
邵阳市,市水土所,111.5239,27.3033,2025-05-03T0900,,,,,,,,,
邵阳市,市化工厂,111.5283,27.2442,2025-05-03T0900,43,76,0.5,18,8,42,23,63,颗粒物(PM10)
邵阳市,市环保局,111.4328,27.2272,2025-05-03T0900,57,87,0.6,17,30,40,21,78,细颗粒物(PM2.5)
邵阳市,北塔二期4-26地块,111.4460,27.2472,2025-05-03T0900,30,76,0.5,15,10,42,23,63,颗粒物(PM10)
邵阳市,邵水西路287号,111.4739,27.2282,2025-05-03T0900,37,71,0.6,19,6,33,23,61,颗粒物(PM10)
绍兴市,城东开发委,120.6053,29.9928,2025-05-03T0900,22,34,0.3,8,7,108,101,34,
绍兴市,树下王站,120.5483,30.0003,2025-05-03T0900,32,53,0.5,6,7,120,112,52,颗粒物(PM10)
绍兴市,绍兴中专,120.5683,29.9361,2025-05-03T0900,22,38,0.2,9,8,110,89,38,
绍兴市,柯桥区政府,120.4906,30.0861,2025-05-03T0900,25,48,0.4,7,7,114,108,48,
绍兴市,重华小学,120.8752,30.0249,2025-05-03T0900,25,50,0.6,7,9,117,122,50,
绍兴市,上虞中学,120.8369,30.0137,2025-05-03T0900,27,46,0.5,10,10,,,,
绍兴市,柯桥妇保,120.4722,30.0415,2025-05-03T0900,25,47,0.5,6,6,122,119,47,
绍兴市,袍江中学,120.6153,30.0764,2025-05-03T0900,31,53,0.6,6,3,116,107,52,颗粒物(PM10)
深圳市,通心岭子站,114.1063,22.5545,2025-05-03T0900,27,30,0.6,7,6,137,159,43,
深圳市,洪湖,114.117,22.5625,2025-05-03T0900,25,36,0.6,10,6,133,158,42,
深圳市,华侨城,113.987,22.5417,2025-05-03T0900,28,36,0.6,8,6,122,136,40,
深圳市,南海子站,113.9181,22.5171,2025-05-03T0900,35,47,0.8,19,6,129,150,50,
深圳市,盐田,114.2458,22.5689,2025-05-03T0900,43,56,0.8,30,12,122,139,60,细颗粒物(PM2.5)
深圳市,龙岗,114.2283,22.7244,2025-05-03T0900,40,55,0.8,8,6,157,175,57,细颗粒物(PM2.5)
深圳市,南澳,114.494,22.5422,2025-05-03T0900,32,42,0.7,6,7,150,117,47,
深圳市,葵涌,114.41,22.6342,2025-05-03T0900,33,38,0.7,11,7,139,144,48,
深圳市,梅沙,114.297,22.5978,2025-05-03T0900,28,47,0.7,4,8,163,150,54,臭氧1小时
深圳市,观澜,114.0678,22.738,2025-05-03T0900,38,69,0.9,13,6,130,131,60,颗粒物(PM10)
深圳市,莲花,114.0731,22.559,2025-05-03T0900,34,39,0.7,9,7,128,118,49,
深圳市,民治,114.0261,22.6198,2025-05-03T0900,24,32,0.7,9,6,123,142,39,
深圳市,横岗,114.1871,22.6451,2025-05-03T0900,24,36,0.7,7,7,138,156,44,
深圳市,坪山,114.3551,22.7151,2025-05-03T0900,35,56,1.1,10,8,148,158,53,颗粒物(PM10)
深圳市,西乡,113.8953,22.5861,2025-05-03T0900,39,57,0.9,21,5,121,126,55,细颗粒物(PM2.5)
沈阳市,森林路,123.6836,41.9339,2025-05-03T0900,,,,,,,28,,
沈阳市,浑南东路,123.505,41.7406,2025-05-03T0900,12,24,0.3,10,7,58,56,24,
沈阳市,新秀街,123.4231,41.6989,2025-05-03T0900,10,26,0.3,13,13,60,56,26,
沈阳市,东陵路,123.5903,41.8411,2025-05-03T0900,9,11,0.5,7,8,61,54,20,
沈阳市,陵东街,123.4264,41.8467,2025-05-03T0900,6,18,0.5,12,7,67,54,21,
沈阳市,文化路,123.4114,41.7653,2025-05-03T0900,11,15,0.6,9,8,66,61,21,
沈阳市,小河沿,123.4678,41.7867,2025-05-03T0900,6,20,0.5,10,9,65,62,21,
沈阳市,太原街,123.4017,41.7972,2025-05-03T0900,7,21,0.4,16,8,64,60,21,
沈阳市,京沈街,123.3783,41.9228,2025-05-03T0900,6,14,0.5,7,10,68,58,22,
沈阳市,沈辽西路,123.2444,41.7347,2025-05-03T0900,6,18,0.4,7,5,71,62,23,
沈阳市,裕农路,123.5953,41.9086,2025-05-03T0900,8,20,0.5,10,9,64,55,20,
十堰市,武当山,111.0419,32.395,2025-05-03T0900,27,65,0.7,9,10,118,121,58,颗粒物(PM10)
十堰市,滨河新村,110.78,32.6494,2025-05-03T0900,15,162,0.5,12,6,105,74,106,颗粒物(PM10)
十堰市,刘家沟,110.7258,32.6389,2025-05-03T0900,12,112,0.5,10,12,128,95,81,颗粒物(PM10)
十堰市,铁二处,110.8839,32.5714,2025-05-03T0900,29,190,0.6,10,9,127,110,120,颗粒物(PM10)
十堰市,郧阳区金沙路,110.8054,32.8401,2025-05-03T0900,17,72,0.7,5,6,116,95,61,颗粒物(PM10)
石河子市,艾青诗歌馆,86.0497,44.2967,2025-05-03T0900,7,14,0.2,2,6,91,81,29,
石河子市,南区管委会,86.047,44.2331,2025-05-03T0900,15,,0.2,1,8,97,89,31,
石河子市,世纪广场,86.0791,44.3017,2025-05-03T0900,3,9,0.1,4,6,91,84,29,
石家庄市,职工医院,114.4422,38.0444,2025-05-03T0900,15,71,0.2,2,5,81,74,61,颗粒物(PM10)
石家庄市,高新区,114.6063,38.0266,2025-05-03T0900,12,112,0.2,6,3,84,79,81,颗粒物(PM10)
石家庄市,西北水源,114.4898,38.1328,2025-05-03T0900,9,46,0.2,2,2,82,69,46,
石家庄市,西南高教,114.4586,38.0058,2025-05-03T0900,14,92,0.1,2,1,88,81,71,颗粒物(PM10)
石家庄市,世纪公园,114.5331,38.0178,2025-05-03T0900,13,31,0.2,8,3,82,77,31,
石家庄市,人民会堂,114.509,38.0457,2025-05-03T0900,3,38,0.4,6,3,82,78,38,
石家庄市,封龙山,114.3524,37.8911,2025-05-03T0900,10,27,0.3,3,2,79,97,27,
石家庄市,22中南校区,114.5481,38.0378,2025-05-03T0900,13,57,0.1,3,2,85,80,54,颗粒物(PM10)
石家庄市,鹿泉一中,114.289,38.0906,2025-05-03T0900,18,70,0.3,2,1,91,82,60,颗粒物(PM10)
石家庄市,藁城区实验学校,114.8506765,38.0322033,2025-05-03T0900,3,59,0.2,3,3,82,68,55,颗粒物(PM10)
石家庄市,栾城区星河路,114.6549,37.9020,2025-05-03T0900,10,27,0.4,4,1,85,70,27,
石家庄市,矿区区委大楼,114.0494,38.059,2025-05-03T0900,8,37,0.2,13,3,74,59,37,
石嘴山市,沙湖旅游区,106.3394,38.817,2025-05-03T0900,,,,,,,,,
石嘴山市,大武口朝阳西街,106.3668,39.0145,2025-05-03T0900,15,30,0.2,11,16,67,68,30,
石嘴山市,惠农南大街,106.7704,39.2282,2025-05-03T0900,16,26,0.2,12,9,53,56,26,
石嘴山市,红果子镇惠新街,106.7099,39.1325,2025-05-03T0900,22,35,1.1,17,12,51,57,35,
石嘴山市,妇女儿童医院,106.3495,38.9836,2025-05-03T0900,11,19,0.4,10,9,70,66,22,
石嘴山市,石大公路,106.7492,39.2069,2025-05-03T0900,3,6,0.3,9,3,59,51,19,
双鸭山市,双合村,131.1511,46.6937,2025-05-03T0900,12,,0.2,6,6,81,49,26,
双鸭山市,南小市,131.1652,46.6191,2025-05-03T0900,3,29,0.2,5,7,93,49,30,
双鸭山市,环保局,131.1524,46.6554,2025-05-03T0900,7,22,0.3,6,7,87,44,28,
双鸭山市,苗圃,131.12,46.5656,2025-05-03T0900,,,,,,,,,
朔州市,平朔,112.4397,39.3522,2025-05-03T0900,13,68,0.4,26,13,52,48,59,颗粒物(PM10)
朔州市,朔唯,112.4575,39.3617,2025-05-03T0900,14,73,0.5,44,18,36,32,62,颗粒物(PM10)
朔州市,区政府,112.4258,39.3197,2025-05-03T0900,11,56,0.4,27,10,54,54,53,颗粒物(PM10)
朔州市,市环保局,112.4072,39.3278,2025-05-03T0900,7,53,0.3,22,14,52,48,52,颗粒物(PM10)
朔州市,市二中,112.4272,39.3681,2025-05-03T0900,16,63,0.3,29,16,49,38,57,颗粒物(PM10)
朔州市,一水厂,112.2931,39.53,2025-05-03T0900,3,31,0.2,4,9,83,65,31,
四平市,一商场,124.4002,43.1713,2025-05-03T0900,11,18,0.3,11,4,56,45,18,
四平市,境园,124.388,43.193,2025-05-03T0900,8,16,0.3,7,6,54,48,17,
四平市,植物园,124.4036,43.1411,2025-05-03T0900,6,26,0.2,9,5,60,38,26,
四平市,世纪城,124.3419,43.1666,2025-05-03T0900,10,,0.3,9,3,60,50,19,
松原市,江南,124.8006,45.1214,2025-05-03T0900,15,34,0.5,10,3,73,58,34,
松原市,江北,124.7965,45.1722,2025-05-03T0900,13,13,0.4,10,6,74,59,24,
苏州市,上方山,120.561,31.2472,2025-05-03T0900,,,,,,,,,
苏州市,彩香,120.591,31.3019,2025-05-03T0900,27,51,0.6,21,8,96,71,51,颗粒物(PM10)
苏州市,轧钢厂,120.596,31.3264,2025-05-03T0900,25,45,0.6,18,5,108,68,45,
苏州市,吴中区,120.613,31.2703,2025-05-03T0900,27,50,0.6,20,8,104,65,50,
苏州市,苏州新区,120.543,31.2994,2025-05-03T0900,29,57,0.6,18,7,109,83,54,颗粒物(PM10)
苏州市,苏州工业园区,120.669,31.3097,2025-05-03T0900,32,56,0.5,36,8,90,70,53,颗粒物(PM10)
苏州市,相城区,120.641,31.3708,2025-05-03T0900,31,70,0.6,30,8,102,75,60,颗粒物(PM10)
苏州市,方洲路,120.743,31.3188,2025-05-03T0900,26,58,0.4,25,8,100,75,54,颗粒物(PM10)
苏州市,木渎中学,120.5031,31.2774,2025-05-03T0900,26,48,0.7,16,8,107,84,48,
苏州市,越秀幼儿园,120.624,31.1733,2025-05-03T0900,30,60,0.6,20,5,102,84,55,颗粒物(PM10)
苏州市,高铁新城,120.6505,31.416,2025-05-03T0900,35,75,0.8,26,8,92,64,63,颗粒物(PM10)
宿迁市,宿迁学院,118.293,33.9528,2025-05-03T0900,16,37,0.2,6,4,114,105,37,
宿迁市,宿迁中学,118.2442,33.9592,2025-05-03T0900,18,37,0.5,8,7,116,108,37,
宿迁市,市供电局,118.283,33.965,2025-05-03T0900,17,42,0.4,4,6,116,102,42,
宿迁市,宿豫区政府,118.3225,33.9447,2025-05-03T0900,16,47,0.4,5,5,112,104,47,
宿州市,远航博物馆,116.9509,33.666,2025-05-03T0900,14,63,0.3,11,4,104,98,57,颗粒物(PM10)
宿州市,社会福利中心,116.9708,33.591,2025-05-03T0900,20,54,0.3,11,8,114,106,52,颗粒物(PM10)
宿州市,宿州学院,116.9884,33.6305,2025-05-03T0900,21,75,0.4,12,8,105,99,63,颗粒物(PM10)
宿州市,皖北煤电集团,116.9648,33.6252,2025-05-03T0900,,,,,,,126,,
绥化市,人和东街,126.9785,46.6365,2025-05-03T0900,24,40,0.5,14,1,90,73,40,
绥化市,党政办公中心,126.964,46.6528,2025-05-03T0900,21,33,0.4,15,3,82,67,33,
随州市,市委党校,113.3583,31.7275,2025-05-03T0900,13,62,0.7,12,6,100,113,56,颗粒物(PM10)
随州市,市林业局,113.3833,31.6908,2025-05-03T0900,16,50,0.5,7,7,107,119,50,
随州市,市立交桥水厂,113.3983,31.7308,2025-05-03T0900,14,58,0.6,4,9,108,121,54,颗粒物(PM10)
遂宁市,石溪浩,105.5453,30.5678,2025-05-03T0900,45,97,0.4,33,5,44,45,74,颗粒物(PM10)
遂宁市,市监测站,105.5582,30.5232,2025-05-03T0900,36,84,0.5,28,6,73,59,67,颗粒物(PM10)
遂宁市,行政中心,105.5861,30.5366,2025-05-03T0900,29,83,0.3,18,7,80,76,67,颗粒物(PM10)
遂宁市,美宁食品公司,105.5918,30.4728,2025-05-03T0900,38,88,0.4,22,14,73,56,69,颗粒物(PM10)
塔城地区,东门外小游园,82.9994,46.7432,2025-05-03T0900,3,35,0.1,1,5,86,73,35,
台州市,黄岩环保大楼,121.273,28.6459,2025-05-03T0900,25,51,0.4,20,4,104,98,51,颗粒物(PM10)
台州市,台州环保大楼,121.419,28.6542,2025-05-03T0900,28,47,0.5,15,4,128,124,47,
台州市,路桥田洋王,121.377,28.5773,2025-05-03T0900,27,49,0.3,14,4,127,116,49,
台州市,台州科技职业学院,121.2568,28.6681,2025-05-03T0900,26,58,0.5,30,3,84,82,54,颗粒物(PM10)
太原市,尖草坪,112.522,37.8873,2025-05-03T0900,3,21,0.2,5,4,81,62,26,
太原市,上兰,112.434,38.0108,2025-05-03T0900,3,17,0.2,8,12,85,70,27,
太原市,晋源,112.469,37.7124,2025-05-03T0900,9,20,0.2,8,7,83,68,26,
太原市,小店,112.5583,37.7394,2025-05-03T0900,8,22,0.5,11,7,79,69,25,
太原市,桃园,112.5369,37.8692,2025-05-03T0900,53,,0.4,7,7,74,65,73,细颗粒物(PM2.5)
太原市,坞城,112.57,37.8195,2025-05-03T0900,21,37,0.4,7,5,79,70,37,
太原市,南寨,112.549,37.9854,2025-05-03T0900,9,22,0.1,9,7,81,48,26,
太原市,金胜,112.4719,37.7831,2025-05-03T0900,11,18,0.3,4,6,83,75,26,
太原市,育英中学,112.5608,37.8807,2025-05-03T0900,31,34,0.7,10,2,70,59,45,
泰安市,监测站,117.1437,36.1937,2025-05-03T0900,16,34,0.5,2,8,85,108,34,
泰安市,人口学校,117.0885,36.2017,2025-05-03T0900,13,36,0.3,6,6,78,100,36,
泰安市,电力学校,117.1089,36.1758,2025-05-03T0900,17,53,0.2,4,5,78,100,52,颗粒物(PM10)
泰安市,国网新校,117.1812,36.2275,2025-05-03T0900,3,39,0.6,6,6,64,85,39,
泰安市,交通技校,117.0313,36.2018,2025-05-03T0900,16,44,0.4,7,3,76,100,44,
泰安市,山东第一医科大学,117.0829,36.13,2025-05-03T0900,3,58,0.5,4,2,82,103,54,颗粒物(PM10)
泰州市,公园路,119.905,32.4878,2025-05-03T0900,22,66,0.6,9,8,120,83,58,颗粒物(PM10)
泰州市,莲花,119.9189,32.4625,2025-05-03T0900,24,78,0.6,10,10,127,90,64,颗粒物(PM10)
泰州市,留学生创业园,119.888,32.4639,2025-05-03T0900,29,66,0.7,11,6,115,72,58,颗粒物(PM10)
泰州市,王营,119.8767,32.3289,2025-05-03T0900,22,75,0.7,12,11,128,74,63,颗粒物(PM10)
泰州市,姜堰区政府广场,120.1259,32.5099,2025-05-03T0900,32,80,0.5,8,12,120,87,65,颗粒物(PM10)
泰州市,周山河街区,119.9192,32.4322,2025-05-03T0900,28,72,0.5,8,10,130,83,61,颗粒物(PM10)
唐山市,物资局,118.1725,39.6334,2025-05-03T0900,3,25,0.2,6,1,87,53,28,
唐山市,十二中,118.1705,39.6506,2025-05-03T0900,12,32,0.2,8,3,81,44,32,
唐山市,小山,118.1869,39.622,2025-05-03T0900,,,0.2,5,3,,50,,
唐山市,冀东油田职工医院,118.4359,39.2762,2025-05-03T0900,9,57,0.4,9,4,81,44,54,颗粒物(PM10)
唐山市,正泰大街热力站,118.09279,39.58089,2025-05-03T0900,3,35,0.2,7,2,,8,,
唐山市,丰润区政府,118.1562,39.8322,2025-05-03T0900,3,24,0.2,3,3,86,32,27,
唐山市,金山小学,118.43673,39.73809,2025-05-03T0900,20,39,0.4,4,4,85,42,39,
唐山市,政府服务中心,118.24498,39.66941,2025-05-03T0900,10,32,0.2,8,3,85,32,32,
唐山市,消防缸窑路中队,118.2059,39.6585,2025-05-03T0900,3,39,0.2,4,2,82,40,39,
唐山市,路南电大,118.1436,39.6202,2025-05-03T0900,16,36,0.3,11,2,80,42,36,
唐山市,友谊北路34号,118.1309,39.6360,2025-05-03T0900,7,39,0.3,4,2,80,40,39,
天津市,勤俭道,117.1444,39.1661,2025-05-03T0900,8,15,0.3,8,4,80,48,25,
天津市,前进道,117.202,39.0927,2025-05-03T0900,16,19,0.2,8,5,85,57,27,
天津市,淮河道,117.1837,39.2133,2025-05-03T0900,21,,0.3,12,6,82,49,30,
天津市,跃进路,117.3083,39.0884,2025-05-03T0900,20,36,0.2,7,6,89,58,36,
天津市,第四大街,117.707,39.0343,2025-05-03T0900,11,36,0.2,7,6,87,55,36,
天津市,永明路,117.457,38.8394,2025-05-03T0900,6,24,0.3,11,6,82,48,26,
天津市,汉北路,117.764,39.1587,2025-05-03T0900,11,31,0.3,8,5,87,46,31,
天津市,团泊洼,117.157,38.9194,2025-05-03T0900,,,,,,,,,
天津市,河西一经路,117.7918,39.2474,2025-05-03T0900,11,19,0.2,9,6,88,49,28,
天津市,津沽路,117.3747,38.9846,2025-05-03T0900,10,34,0.3,9,4,78,47,34,
天津市,宾水西道,117.1589,39.0845,2025-05-03T0900,9,20,0.2,11,5,76,51,24,
天津市,大理道,117.1941,39.1067,2025-05-03T0900,46,,0.3,7,4,84,55,64,细颗粒物(PM2.5)
天津市,中山北路,117.2101,39.1699,2025-05-03T0900,15,19,0.3,13,6,78,44,25,
天津市,西四道,117.3876,39.1488,2025-05-03T0900,3,20,0.2,7,6,83,46,26,
天津市,雍阳西道,117.0365,39.3828,2025-05-03T0900,10,34,0.3,10,4,69,50,34,
天津市,辛老路,117.0296,39.0605,2025-05-03T0900,8,20,0.4,9,6,78,45,25,
天津市,地纬路,116.9638,38.9375,2025-05-03T0900,8,15,0.2,8,9,74,48,24,
天津市,北环路,117.4067,40.0583,2025-05-03T0900,6,8,0.3,6,5,84,65,27,
天津市,建设路,117.3045,39.7169,2025-05-03T0900,9,24,0.3,13,10,67,57,24,
天津市,滨水东路,117.8199,39.3521,2025-05-03T0900,10,30,0.3,10,8,80,53,30,
天津市,光华路,117.2437,39.1029,2025-05-03T0900,26,32,0.3,7,6,87,57,38,
天水市,麦积山,106.0055,34.343,2025-05-03T0900,,,,,,,,,
天水市,公园小学,105.7205,34.5786,2025-05-03T0900,38,181,0.3,10,8,83,54,116,颗粒物(PM10)
天水市,麦积国土局,105.8945,34.5538,2025-05-03T0900,48,213,0.3,2,7,74,43,132,颗粒物(PM10)
铁岭市,汇工街西,123.8139,42.3022,2025-05-03T0900,14,24,0.5,12,3,62,57,24,
铁岭市,水上乐园,123.8649,42.2923,2025-05-03T0900,14,25,0.3,11,7,53,53,25,
铁岭市,银州路东段,123.8486,42.2867,2025-05-03T0900,11,27,0.3,14,9,54,57,27,
铁岭市,金沙江路北,123.7153,42.2217,2025-05-03T0900,9,13,0.4,12,10,61,53,20,
通化市,光明,125.9358,41.7173,2025-05-03T0900,16,18,0.5,10,8,80,59,25,
通化市,铁路,125.9446,41.7325,2025-05-03T0900,10,21,0.6,11,8,78,49,25,
通辽市,艺术职业学校,122.2532,43.6801,2025-05-03T0900,8,31,0.2,4,9,82,72,31,
通辽市,老干部活动中心,122.2584,43.6333,2025-05-03T0900,14,32,0.3,,4,34,60,,
通辽市,东方明珠社区,122.2922,43.6189,2025-05-03T0900,18,21,0.4,11,8,70,67,26,
铜川市,党校,109.0656,35.0994,2025-05-03T0900,,,,,,,,,
铜川市,王益区政府,109.0697,35.0697,2025-05-03T0900,27,39,0.5,8,5,84,84,39,
铜川市,新区管委会,108.9344,34.9058,2025-05-03T0900,34,59,0.5,14,6,78,86,55,颗粒物(PM10)
铜川市,大唐三路,108.9497,34.8705,2025-05-03T0900,20,36,0.4,7,6,85,88,36,
铜陵市,市第四中学,117.8177,30.9412,2025-05-03T0900,26,67,0.3,16,14,99,88,59,颗粒物(PM10)
铜陵市,市公路局,117.8059,30.9273,2025-05-03T0900,27,82,0.3,12,8,103,89,66,颗粒物(PM10)
铜陵市,市新民污水厂,117.7807,30.9413,2025-05-03T0900,30,72,0.5,14,12,92,60,61,颗粒物(PM10)
铜陵市,市第九中学,117.7439,30.8792,2025-05-03T0900,26,96,0.5,35,6,88,60,73,颗粒物(PM10)
铜陵市,车站新区,117.846,30.9413,2025-05-03T0900,33,77,0.3,19,10,94,91,64,颗粒物(PM10)
铜陵市,市职教基地,117.8483,30.97,2025-05-03T0900,24,73,0.7,15,6,103,91,62,颗粒物(PM10)
铜仁市,铜仁卫校,109.1839,27.7344,2025-05-03T0900,17,35,0.2,14,2,,13,,
铜仁市,铜仁七中,109.1753,27.6944,2025-05-03T0900,17,22,0.3,11,3,26,29,25,
吐鲁番市,市环保局,89.1904,42.9418,2025-05-03T0900,22,54,0.7,14,7,55,61,52,颗粒物(PM10)
吐鲁番市,地区环保局,89.1673,42.9559,2025-05-03T0900,31,58,0.7,27,10,31,62,54,颗粒物(PM10)
威海市,华夏技校,122.1214,37.4236,2025-05-03T0900,7,22,0.3,13,3,102,88,32,
威海市,山大分校,122.0508,37.5236,2025-05-03T0900,10,10,0.2,4,8,117,109,37,
威海市,市监测站,122.1067,37.5072,2025-05-03T0900,10,15,0.3,9,2,114,102,36,
威海市,文登开发区,122.0693,37.2174,2025-05-03T0900,7,19,0.6,10,5,90,79,29,
威海市,临港区管委会,122.1379,37.3414,2025-05-03T0900,3,14,0.4,7,6,98,88,31,
潍坊市,环保局,119.1437,36.7023,2025-05-03T0900,14,78,0.4,20,7,82,74,64,颗粒物(PM10)
潍坊市,坊子邮政,119.1641,36.6523,2025-05-03T0900,12,46,0.6,20,12,83,77,46,
潍坊市,潍坊七中,119.0587,36.721,2025-05-03T0900,27,51,0.4,20,12,,68,,
潍坊市,高新实验学校,119.1977,36.6872,2025-05-03T0900,42,61,0.5,18,10,83,76,59,细颗粒物(PM2.5)
潍坊市,潍坊学院,119.1755,36.7149,2025-05-03T0900,16,66,0.6,17,11,80,72,58,颗粒物(PM10)
潍坊市,寒亭区实验一小,119.2041,36.7699,2025-05-03T0900,14,53,0.4,16,10,82,64,52,颗粒物(PM10)
渭南市,农科所,109.5293,34.5101,2025-05-03T0900,,,,,,,,,
渭南市,体育馆,109.4636,34.493,2025-05-03T0900,12,97,0.3,14,6,83,88,74,颗粒物(PM10)
渭南市,高新一小,109.4259,34.5023,2025-05-03T0900,12,51,0.3,8,5,80,82,51,颗粒物(PM10)
渭南市,渭花路4号,109.5051,34.4921,2025-05-03T0900,16,97,0.3,11,5,76,81,74,颗粒物(PM10)
温州市,瓯海,120.634,28.0089,2025-05-03T0900,27,51,0.6,20,6,98,56,51,颗粒物(PM10)
温州市,南浦,120.6748,27.9939,2025-05-03T0900,23,44,0.5,13,5,112,78,44,
温州市,龙湾,120.76,27.9747,2025-05-03T0900,20,48,0.5,15,6,99,55,48,
温州市,市站,120.6709,28.0167,2025-05-03T0900,31,58,0.6,26,7,87,65,54,颗粒物(PM10)
温州市,茶山,120.6985,27.9251,2025-05-03T0900,35,66,0.6,33,4,90,61,58,颗粒物(PM10)
文山壮族苗族自治州,州水务局,104.2533,23.3594,2025-05-03T0900,18,38,0.3,13,11,71,71,38,
文山壮族苗族自治州,市便民服务中心,104.2319,23.3892,2025-05-03T0900,23,40,0.3,13,8,70,75,40,
乌海市,市林业局,106.8174,39.6973,2025-05-03T0900,15,25,0.4,12,16,78,77,25,
乌海市,中海勃湾学校,106.7907,39.6667,2025-05-03T0900,14,36,0.6,15,14,71,73,36,
乌海市,海北新区,106.813,39.7274,2025-05-03T0900,3,45,0.4,22,10,71,78,45,
乌海市,聚英学校,106.8288,39.6778,2025-05-03T0900,3,20,0.3,12,11,77,76,25,
乌兰察布市,集宁新区,113.1306,40.9923,2025-05-03T0900,12,20,0.1,5,7,76,68,24,
乌兰察布市,光明街小学,113.1076,41.0385,2025-05-03T0900,12,17,0.3,6,8,73,64,23,
乌兰察布市,北京八中,113.1376,40.9509,2025-05-03T0900,3,23,0.3,9,14,68,48,23,
乌兰察布市,市委党校,113.1775,40.9779,2025-05-03T0900,10,26,0.2,12,9,64,59,26,
乌鲁木齐市,监测站,87.5801,43.8303,2025-05-03T0900,10,,0.7,8,6,77,52,25,
乌鲁木齐市,收费所,87.6046,43.768,2025-05-03T0900,7,7,0.2,9,4,77,52,25,
乌鲁木齐市,新疆农科院农场,87.4754,43.9469,2025-05-03T0900,3,7,0.4,6,11,80,56,25,
乌鲁木齐市,铁路局,87.5525,43.8711,2025-05-03T0900,3,6,0.6,5,3,77,52,25,
乌鲁木齐市,三十一中学,87.6432,43.831,2025-05-03T0900,6,,0.3,3,3,84,55,27,
乌鲁木齐市,米东区环保局,87.7216,44.1747,2025-05-03T0900,10,,0.2,1,7,84,61,27,
乌鲁木齐市,培训基地,87.4651,43.4569,2025-05-03T0900,3,6,0.3,2,4,105,86,33,
乌鲁木齐市,达坂城区环保局,88.3118,43.3658,2025-05-03T0900,7,,0.1,2,6,92,73,29,
乌鲁木齐市,红光山片区,87.6162,43.8801,2025-05-03T0900,,9,0.3,8,14,67,41,,
乌鲁木齐市,新师大温泉校区,87.7024,43.8004,2025-05-03T0900,0,,0.2,4,2,90,69,,
乌鲁木齐市,大绿谷,87.4921,43.8411,2025-05-03T0900,,8,1.4,13,7,75,51,,
无锡市,雪浪,120.269,31.4867,2025-05-03T0900,29,85,0.8,19,9,103,79,68,颗粒物(PM10)
无锡市,黄巷,120.275,31.6219,2025-05-03T0900,31,98,0.9,30,10,93,70,74,颗粒物(PM10)
无锡市,曹张,120.294,31.56,2025-05-03T0900,36,70,0.8,25,8,94,40,60,颗粒物(PM10)
无锡市,漆塘,120.242,31.5031,2025-05-03T0900,31,90,0.6,24,9,89,60,70,颗粒物(PM10)
无锡市,东亭,120.3489,31.5863,2025-05-03T0900,27,95,0.9,18,9,95,73,73,颗粒物(PM10)
无锡市,旺庄,120.354,31.5475,2025-05-03T0900,31,78,0.8,23,8,99,68,64,颗粒物(PM10)
无锡市,荣巷,120.245,31.5631,2025-05-03T0900,29,80,0.8,20,8,95,70,65,颗粒物(PM10)
无锡市,堰桥,120.299,31.6817,2025-05-03T0900,46,83,0.9,15,7,99,66,67,颗粒物(PM10)
无锡市,华庄,120.3142,31.4753,2025-05-03T0900,29,61,0.9,23,11,101,73,56,颗粒物(PM10)
吴忠市,教育园区,106.1532,37.9648,2025-05-03T0900,21,29,0.2,9,4,71,65,30,
吴忠市,新区二泵站,106.1856,37.9956,2025-05-03T0900,19,43,0.3,15,6,71,72,43,
吴忠市,文卫南街,106.2112,37.9768,2025-05-03T0900,21,23,0.3,10,5,74,68,30,
芜湖市,监测站,118.3606,31.3519,2025-05-03T0900,23,74,0.5,14,9,112,42,62,颗粒物(PM10)
芜湖市,科创中心,118.3714,31.4134,2025-05-03T0900,23,69,0.4,10,7,111,65,60,颗粒物(PM10)
芜湖市,四水厂,118.3673,31.3131,2025-05-03T0900,23,61,0.5,16,6,106,52,56,颗粒物(PM10)
芜湖市,市气象局,118.4209,31.3707,2025-05-03T0900,24,,0.6,,10,104,65,,
芜湖市,清苑社区,118.4781,31.3225,2025-05-03T0900,25,84,0.9,16,12,107,55,67,颗粒物(PM10)
芜湖市,扬子职业技术学院,118.2746,31.2326,2025-05-03T0900,22,66,0.5,7,7,110,65,58,颗粒物(PM10)
梧州市,市逸夫小学,111.3014,23.4832,2025-05-03T0900,27,45,0.6,22,11,46,40,45,
梧州市,市十一中,111.3239,23.4794,2025-05-03T0900,28,40,0.5,27,9,37,20,40,
梧州市,龙新,111.2711,23.4835,2025-05-03T0900,20,44,0.3,37,11,40,41,44,
梧州市,政贤路18号,111.2419,23.4154,2025-05-03T0900,21,36,0.5,12,8,50,60,36,
五家渠市,农水大厦,87.5475,44.1756,2025-05-03T0900,8,,0.1,2,7,82,61,26,
五家渠市,经开区管委会,87.546,44.1912,2025-05-03T0900,,18,0.4,4,5,82,56,,
武汉市,东湖梨园,114.3677,30.5584,2025-05-03T0900,32,78,0.7,7,6,116,67,64,颗粒物(PM10)
武汉市,汉阳月湖,114.2529,30.558,2025-05-03T0900,34,126,0.4,9,7,128,56,88,颗粒物(PM10)
武汉市,汉口花桥,114.282,30.6189,2025-05-03T0900,32,97,0.6,8,9,124,66,74,颗粒物(PM10)
武汉市,武昌紫阳,114.3025,30.5332,2025-05-03T0900,38,134,0.7,7,10,111,63,92,颗粒物(PM10)
武汉市,青山钢花,114.3646,30.6217,2025-05-03T0900,44,96,0.8,20,7,120,49,73,颗粒物(PM10)
武汉市,沌口新区,114.1566,30.4825,2025-05-03T0900,36,93,0.7,16,9,77,53,72,颗粒物(PM10)
武汉市,汉口江滩,114.3014,30.5944,2025-05-03T0900,47,106,0.6,9,9,126,54,78,颗粒物(PM10)
武汉市,吴家山,114.135,30.6319,2025-05-03T0900,32,86,0.6,12,8,120,78,68,颗粒物(PM10)
武汉市,沉湖七壕,113.8454,30.2917,2025-05-03T0900,19,73,0.6,14,5,106,71,62,颗粒物(PM10)
武汉市,民族大道182号,114.3877,30.4908,2025-05-03T0900,32,115,1.4,13,11,121,88,83,颗粒物(PM10)
武威市,监测站,102.6201,37.9251,2025-05-03T0900,42,70,0.3,12,7,65,78,60,颗粒物(PM10)
武威市,钟楼街149号,102.6447,37.9293,2025-05-03T0900,44,78,0.2,11,5,69,74,64,颗粒物(PM10)
西安市,兴庆小区,108.993,34.2629,2025-05-03T0900,15,89,0.4,10,6,80,78,70,颗粒物(PM10)
西安市,纺织城,109.06,34.2572,2025-05-03T0900,18,96,0.4,8,6,82,76,73,颗粒物(PM10)
西安市,小寨,108.9356,34.2173,2025-05-03T0900,20,114,0.3,11,6,73,72,82,颗粒物(PM10)
西安市,市人民体育场,108.954,34.2713,2025-05-03T0900,25,113,0.5,6,4,76,75,82,颗粒物(PM10)
西安市,高新西区,108.8922,34.2322,2025-05-03T0900,20,72,0.5,12,4,78,78,61,颗粒物(PM10)
西安市,经开区,108.935,34.3474,2025-05-03T0900,24,98,0.5,9,4,82,82,74,颗粒物(PM10)
西安市,长安区,108.906,34.1546,2025-05-03T0900,26,109,0.3,20,8,80,79,80,颗粒物(PM10)
西安市,临潼区,109.2186,34.3731,2025-05-03T0900,24,72,0.5,8,8,79,84,61,颗粒物(PM10)
西安市,草滩,108.869,34.378,2025-05-03T0900,28,107,0.2,11,2,71,73,79,颗粒物(PM10)
西安市,曲江文化产业集团,108.985,34.1978,2025-05-03T0900,16,100,0.5,8,6,81,78,75,颗粒物(PM10)
西安市,广运潭,109.051,34.3213,2025-05-03T0900,29,74,0.4,10,6,79,,62,颗粒物(PM10)
西安市,无线电监控中心,109.09,34.5236,2025-05-03T0900,42,89,0.2,8,4,72,72,70,颗粒物(PM10)
西安市,行知小学,108.8869,34.2662,2025-05-03T0900,,,,,,,80,,
西安市,西苑北路977号,108.5962,34.1188,2025-05-03T0900,30,143,0.5,10,6,73,80,97,颗粒物(PM10)
西宁市,第五水厂,101.524,36.6867,2025-05-03T0900,,,,,,,,,
西宁市,城北区政府,101.7775,36.6428,2025-05-03T0900,109,280,0.3,22,9,52,68,165,颗粒物(PM10)
西宁市,世纪职校,101.8305,36.5786,2025-05-03T0900,120,292,0.4,17,9,46,64,171,颗粒物(PM10)
西宁市,师大城西校区,101.7413,36.6397,2025-05-03T0900,106,277,0.8,22,10,53,71,164,颗粒物(PM10)
西双版纳傣族自治州,景洪市江南,100.8018,21.9995,2025-05-03T0900,14,34,0.7,12,4,12,9,34,
西双版纳傣族自治州,景洪市江北,100.8017,22.0225,2025-05-03T0900,16,39,0.5,7,7,6,8,39,
西咸新区,北杜,108.7108,34.46,2025-05-03T0900,20,100,0.4,11,8,75,76,75,颗粒物(PM10)
西咸新区,同德佳苑,108.7096,34.2956,2025-05-03T0900,18,116,0.3,11,5,77,84,83,颗粒物(PM10)
西咸新区,崇文塔,108.8558,34.4978,2025-05-03T0900,19,107,0.6,12,6,71,84,79,颗粒物(PM10)
锡林郭勒盟,市环保监测站,116.1042,43.9317,2025-05-03T0900,9,19,0.2,10,1,66,50,21,
锡林郭勒盟,市政府,116.0781,43.9311,2025-05-03T0900,3,17,0.2,8,1,71,51,23,
厦门市,溪东,118.1608,24.8169,2025-05-03T0900,,,,,,,,,
厦门市,洪文,118.1514,24.4767,2025-05-03T0900,23,40,0.6,17,3,98,86,40,
厦门市,鼓浪屿,118.0661,24.4444,2025-05-03T0900,44,71,0.4,12,8,65,73,62,细颗粒物(PM2.5)
厦门市,湖里中学,118.0936,24.5058,2025-05-03T0900,31,54,0.6,53,5,50,59,52,颗粒物(PM10)
厦门市,集美中学,118.0958,24.5688,2025-05-03T0900,24,49,0.5,26,3,92,74,49,
厦门市,同安二实小,118.1493,24.7245,2025-05-03T0900,27,32,0.5,14,2,80,63,39,
咸宁市,森林公园,114.3175,29.8142,2025-05-03T0900,20,146,0.6,17,6,77,115,98,颗粒物(PM10)
咸宁市,长江产业园,114.3375,29.8683,2025-05-03T0900,33,93,0.8,14,3,79,76,72,颗粒物(PM10)
咸宁市,双鹤路18号,114.3182,29.8447,2025-05-03T0900,28,83,1.0,15,8,77,79,67,颗粒物(PM10)
咸宁市,碧桂路,114.284,29.8595,2025-05-03T0900,31,103,0.5,20,11,79,74,77,颗粒物(PM10)
咸阳市,气象站,108.7197,34.3956,2025-05-03T0900,,,,,,,,,
咸阳市,实验中学,108.673,34.3155,2025-05-03T0900,35,103,0.3,14,8,81,89,77,颗粒物(PM10)
咸阳市,师范学院,108.7233,34.3617,2025-05-03T0900,33,115,0.4,10,3,78,86,83,颗粒物(PM10)
咸阳市,两寺渡,108.6594,34.2969,2025-05-03T0900,39,127,0.4,11,7,80,88,89,颗粒物(PM10)
咸阳市,奥体中心,108.6396,34.4078,2025-05-03T0900,24,105,0.4,9,5,75,81,78,颗粒物(PM10)
湘潭市,板塘,112.9433,27.8614,2025-05-03T0900,39,78,0.7,17,7,63,59,64,颗粒物(PM10)
湘潭市,市监测站,112.9118,27.8403,2025-05-03T0900,42,78,1.2,18,12,70,68,64,颗粒物(PM10)
湘潭市,江麓,112.8937,27.8728,2025-05-03T0900,28,92,1.6,36,42,74,63,71,颗粒物(PM10)
湘潭市,岳塘,112.9227,27.8159,2025-05-03T0900,42,85,1.3,16,16,69,61,68,颗粒物(PM10)
湘潭市,科大,112.9074,27.9119,2025-05-03T0900,27,87,1.0,22,7,46,48,69,颗粒物(PM10)
湘潭市,昭山,113.0048,27.9153,2025-05-03T0900,34,75,0.5,10,14,74,65,63,颗粒物(PM10)
湘潭市,韶山,112.4876,27.9164,2025-05-03T0900,29,82,0.5,8,5,104,61,66,颗粒物(PM10)
湘西土家族苗族自治州,跃进水库,109.6414,28.2558,2025-05-03T0900,28,52,0.8,5,6,20,6,51,颗粒物(PM10)
湘西土家族苗族自治州,州政府,109.7325,28.3169,2025-05-03T0900,27,55,0.3,10,9,20,12,53,颗粒物(PM10)
湘西土家族苗族自治州,吉首市计生局,109.6958,28.2675,2025-05-03T0900,29,45,0.3,16,4,23,15,45,
襄阳市,襄城运动路,112.155,32.0197,2025-05-03T0900,21,56,0.4,9,6,97,113,53,颗粒物(PM10)
襄阳市,高新管委会,112.1825,32.1142,2025-05-03T0900,11,59,0.5,9,4,97,113,55,颗粒物(PM10)
襄阳市,襄州航空路,112.2106,32.0903,2025-05-03T0900,16,80,0.4,11,7,95,113,65,颗粒物(PM10)
襄阳市,襄城隆中路,112.0828,32.0067,2025-05-03T0900,28,71,0.3,8,6,102,116,61,颗粒物(PM10)
襄阳市,高新台子湾,112.1214,32.1008,2025-05-03T0900,23,95,0.3,11,7,94,109,73,颗粒物(PM10)
襄阳市,铁院东路4号,112.1433,32.0581,2025-05-03T0900,33,66,0.3,11,8,104,117,58,颗粒物(PM10)
孝感市,文化路,113.9153,30.9285,2025-05-03T0900,25,96,0.6,10,6,120,90,73,颗粒物(PM10)
孝感市,东城区,113.942,30.9075,2025-05-03T0900,17,98,0.5,9,9,135,105,74,颗粒物(PM10)
忻州市,开发区,112.7383,38.4519,2025-05-03T0900,13,14,0.4,8,6,76,66,24,
忻州市,会展中心,112.7003,38.4928,2025-05-03T0900,3,12,0.3,5,5,71,60,23,
忻州市,市政府,112.7283,38.4153,2025-05-03T0900,3,15,0.3,10,4,80,67,25,
新乡市,环保西院,113.836,35.311,2025-05-03T0900,19,71,0.6,16,9,98,95,61,颗粒物(PM10)
新乡市,开发区,113.884,35.272,2025-05-03T0900,29,98,1.1,17,12,101,94,74,颗粒物(PM10)
新乡市,环保东院,113.883,35.303,2025-05-03T0900,22,58,0.9,12,11,101,92,54,颗粒物(PM10)
新乡市,市委党校,113.9194,35.2847,2025-05-03T0900,20,55,0.8,16,10,107,97,53,颗粒物(PM10)
新乡市,市政府,113.9188,35.3045,2025-05-03T0900,33,74,0.6,18,13,102,92,62,颗粒物(PM10)
新乡市,行政服务中心,113.9003,35.372,2025-05-03T0900,24,57,0.6,15,10,93,87,54,颗粒物(PM10)
新乡市,建设东路46号,113.9166,35.3315,2025-05-03T0900,27,83,0.8,9,8,89,80,67,颗粒物(PM10)
新余市,北岗,115.0861,27.9317,2025-05-03T0900,,,,,,,,,
新余市,飞宇,114.9886,27.8431,2025-05-03T0900,46,61,0.6,14,12,72,45,64,细颗粒物(PM2.5)
新余市,第二水厂,114.9231,27.8246,2025-05-03T0900,29,64,0.3,21,12,64,51,57,颗粒物(PM10)
新余市,市气象局,114.9308,27.8036,2025-05-03T0900,31,105,2.3,22,18,70,50,78,颗粒物(PM10)
新余市,新钢沁园村,114.9149,27.807,2025-05-03T0900,30,63,0.9,20,14,71,55,57,颗粒物(PM10)
信阳市,平桥分局,114.1099,32.1059,2025-05-03T0900,19,49,0.3,10,6,104,114,49,
信阳市,南湾水厂,113.9956,32.1271,2025-05-03T0900,10,56,0.3,10,6,101,114,53,颗粒物(PM10)
信阳市,市酿酒公司,114.0775,32.1195,2025-05-03T0900,13,50,0.3,9,6,95,106,50,
信阳市,审计局,114.0609,32.1399,2025-05-03T0900,14,57,0.3,10,7,102,114,54,颗粒物(PM10)
兴安盟,胜华新制药厂,122.0392,46.0656,2025-05-03T0900,17,20,0.2,3,4,95,86,30,
兴安盟,科右前旗环保局,121.9504,46.0741,2025-05-03T0900,18,22,0.3,2,7,84,75,27,
兴安盟,北滨河,122.0931,46.0707,2025-05-03T0900,12,32,0.1,5,1,90,82,32,
邢台市,达活泉,114.4704,37.0886,2025-05-03T0900,19,55,0.1,7,5,80,81,53,颗粒物(PM10)
邢台市,邢师高专,114.5062,37.0349,2025-05-03T0900,12,57,0.3,8,4,84,84,54,颗粒物(PM10)
邢台市,路桥公司,114.5237,37.0851,2025-05-03T0900,69,,0.1,8,1,70,72,93,细颗粒物(PM2.5)
邢台市,市环保局,114.4725,37.0719,2025-05-03T0900,10,59,0.3,7,3,84,89,55,颗粒物(PM10)
雄安新区,容城县环境保护局,115.8844,39.0341,2025-05-03T0900,7,53,0.1,10,7,89,67,52,颗粒物(PM10)
雄安新区,河北容城中学,115.8665,39.0645,2025-05-03T0900,3,28,0.2,8,5,83,59,28,
雄安新区,安新县民政局,115.923,38.9405,2025-05-03T0900,3,56,0.2,12,4,80,61,53,颗粒物(PM10)
雄安新区,安新县电力局,115.9324,38.9338,2025-05-03T0900,17,39,0.1,10,5,80,65,39,
雄安新区,雄县环境保护局,116.0901,38.9816,2025-05-03T0900,55,110,0.3,8,10,85,52,80,颗粒物(PM10)
雄安新区,雄县国土资源局,116.1105,39.0046,2025-05-03T0900,7,79,0.4,5,4,83,58,65,颗粒物(PM10)
徐州市,黄河新村,117.179,34.2761,2025-05-03T0900,12,36,0.3,16,8,95,90,36,
徐州市,新城区,117.256,34.2153,2025-05-03T0900,15,29,0.6,10,7,102,96,32,
徐州市,农科院,117.2933,34.2778,2025-05-03T0900,24,27,0.4,13,6,94,93,35,
徐州市,鼓楼区政府,117.1814,34.29,2025-05-03T0900,22,27,0.5,9,9,94,89,32,
徐州市,铜山区招生办,117.1694,34.1781,2025-05-03T0900,26,34,0.3,13,6,99,96,38,
徐州市,大泉街道,117.4754,34.4422,2025-05-03T0900,19,50,0.5,12,10,87,83,50,
徐州市,解放南路202号,117.1942,34.22935,2025-05-03T0900,10,41,0.3,17,7,98,95,41,
徐州市,龙潭环路5号,117.2456,34.2908,2025-05-03T0900,7,27,0.4,8,8,93,88,30,
许昌市,开发区,113.7906,33.9953,2025-05-03T0900,13,66,0.4,9,2,85,102,58,颗粒物(PM10)
许昌市,市一中,113.8172,34.0339,2025-05-03T0900,17,82,0.3,12,3,87,104,66,颗粒物(PM10)
许昌市,许昌学院,113.8614,34.0442,2025-05-03T0900,16,51,0.2,11,5,85,102,51,颗粒物(PM10)
许昌市,芙蓉广场,113.843,34.0823,2025-05-03T0900,37,81,0.3,11,7,82,98,66,颗粒物(PM10)
许昌市,新元大道996号,113.8157,34.12670,2025-05-03T0900,16,54,0.4,11,3,83,97,52,颗粒物(PM10)
许昌市,望田路111号,113.8358,34.01552,2025-05-03T0900,11,46,0.5,7,4,89,106,46,
宣城市,鳌峰子站,118.7581,30.9454,2025-05-03T0900,30,45,0.7,14,10,106,98,45,
宣城市,敬亭山子站,118.7385,30.9743,2025-05-03T0900,29,53,0.7,20,15,106,114,52,颗粒物(PM10)
宣城市,开发区子站,118.7173,30.9427,2025-05-03T0900,30,36,0.6,14,9,101,95,43,
宣城市,夏渡子站,118.7724,30.9141,2025-05-03T0900,23,46,0.7,13,9,103,86,46,
雅安市,建安厂,103.0475,30.02,2025-05-03T0900,,,,,,,,,
雅安市,市政府,103.0111,29.9833,2025-05-03T0900,17,25,0.1,8,9,57,80,25,
雅安市,川农大,102.9905,29.9775,2025-05-03T0900,9,14,0.4,5,7,68,93,22,
雅安市,康养中心,103.0456,29.9956,2025-05-03T0900,,,,,,,174,,
烟台市,开发区,121.2514,37.5639,2025-05-03T0900,14,19,0.4,14,5,98,92,31,
烟台市,西郊化工站,121.3181,37.5436,2025-05-03T0900,17,31,0.4,17,6,91,82,31,
烟台市,莱山环保局,121.4478,37.4822,2025-05-03T0900,13,31,0.4,7,4,103,94,33,
烟台市,福山环保局,121.2611,37.4967,2025-05-03T0900,19,36,0.2,11,7,111,88,36,
烟台市,牟平检察院,121.5992,37.4014,2025-05-03T0900,3,17,0.3,7,3,106,95,34,
烟台市,中国农业大学,121.5206,37.4336,2025-05-03T0900,9,24,0.1,1,4,111,95,35,
烟台市,青年南路118号,121.3642,37.5296,2025-05-03T0900,22,27,0.3,9,3,92,80,32,
延安市,枣园,109.4131,36.6275,2025-05-03T0900,20,43,0.3,19,11,56,61,43,
延安市,延大医附院,109.4761,36.6028,2025-05-03T0900,20,50,0.3,20,5,56,61,50,
延安市,百米大道,109.5056,36.6106,2025-05-03T0900,22,68,0.5,32,10,70,68,59,颗粒物(PM10)
延安市,西北局旧址,109.4809,36.5786,2025-05-03T0900,3,54,0.4,14,8,70,64,52,颗粒物(PM10)
延边朝鲜族自治州,妇幼医院,129.47,42.8883,2025-05-03T0900,13,19,0.6,7,5,89,68,28,
延边朝鲜族自治州,延边医院,129.5055,42.9108,2025-05-03T0900,15,41,0.5,11,6,88,70,41,
延边朝鲜族自治州,朝阳川镇医院,129.3964,42.8881,2025-05-03T0900,9,14,0.4,4,7,95,67,30,
盐城市,市监测站,120.156,33.3942,2025-05-03T0900,27,54,0.4,15,4,101,111,52,颗粒物(PM10)
盐城市,开发区管委会,120.2144,33.38,2025-05-03T0900,23,60,0.4,11,10,103,113,55,颗粒物(PM10)
盐城市,宝龙广场,120.1544,33.3663,2025-05-03T0900,22,41,0.5,8,6,108,118,41,
盐城市,月亮广场,120.1501,33.3367,2025-05-03T0900,22,51,0.3,11,8,97,109,51,颗粒物(PM10)
盐城市,大丰高级中学,120.4279,33.205,2025-05-03T0900,,,0.4,12,5,,116,,
盐城市,黄海中路88号,120.1221,33.3940,2025-05-03T0900,22,70,0.4,11,7,110,120,60,颗粒物(PM10)
扬州市,邗江监测站,119.389,32.3761,2025-05-03T0900,37,95,0.6,7,12,128,99,73,颗粒物(PM10)
扬州市,五台山医院,119.447,32.4155,2025-05-03T0900,37,82,0.4,2,6,137,111,66,颗粒物(PM10)
扬州市,广陵建设局,119.4686,32.3942,2025-05-03T0900,36,113,0.7,8,8,132,106,82,颗粒物(PM10)
扬州市,市体育局,119.3633,32.3972,2025-05-03T0900,41,92,0.7,6,6,136,107,71,颗粒物(PM10)
扬州市,引江管理处,119.5653,32.4222,2025-05-03T0900,39,74,0.7,2,3,128,98,62,颗粒物(PM10)
阳江市,鸳鸯湖,111.9797,21.8593,2025-05-03T0900,,,,,,,,,
阳江市,马南垌,111.9491,21.8658,2025-05-03T0900,15,37,0.6,4,2,61,55,37,
阳江市,两阳中学,111.9765,21.8947,2025-05-03T0900,11,22,0.5,2,5,58,52,22,
阳江市,阳东陶然,112.0125,21.8749,2025-05-03T0900,14,23,0.7,7,5,56,62,23,
阳泉市,市中心,113.5758,37.8572,2025-05-03T0900,9,32,0.2,6,6,89,54,32,
阳泉市,赛鱼,113.4894,37.8731,2025-05-03T0900,9,32,0.4,11,7,80,42,32,
阳泉市,南庄,113.5819,37.8486,2025-05-03T0900,11,46,0.2,6,5,82,68,46,
阳泉市,平坦,113.5614,37.8703,2025-05-03T0900,12,34,0.0,8,4,88,61,34,
阳泉市,大阳泉,113.5158,37.8392,2025-05-03T0900,7,14,0.4,10,3,84,78,27,
阳泉市,龙柱,113.617,37.8571,2025-05-03T0900,14,65,0.3,5,6,86,62,58,颗粒物(PM10)
伊春市,环保局,128.5159,47.4311,2025-05-03T0900,17,,0.5,10,7,51,28,25,
伊春市,电力嘉园,128.9102,47.7412,2025-05-03T0900,12,19,0.5,8,5,44,16,19,
伊春市,汤旺河国家公园,129.5029,48.471,2025-05-03T0900,8,,0.4,7,5,76,30,24,
伊春市,中心小学,128.4741,47.4346,2025-05-03T0900,7,15,0.4,4,2,59,34,19,
伊春市,检察院,128.6871,47.7369,2025-05-03T0900,9,17,0.3,4,3,,,,
伊春市,双子河社区,128.8431,47.8474,2025-05-03T0900,3,13,0.4,7,4,61,33,20,
伊春市,美溪镇,129.1368,47.6417,2025-05-03T0900,6,15,0.2,6,4,67,26,21,
伊犁哈萨克自治州,新政府片区,81.2996,43.9174,2025-05-03T0900,23,,0.6,22,4,16,44,33,
伊犁哈萨克自治州,第二水厂,81.3364,43.941,2025-05-03T0900,20,,0.4,24,7,29,57,29,
伊犁哈萨克自治州,安徽路800号,81.2737,43.9337,2025-05-03T0900,15,16,0.6,28,8,26,62,22,
宜宾市,石马中学,104.563,28.793,2025-05-03T0900,50,68,0.9,19,7,27,28,69,细颗粒物(PM2.5)
宜宾市,市委,104.6201,28.7728,2025-05-03T0900,28,54,0.8,36,20,46,42,52,颗粒物(PM10)
宜宾市,宜宾四中,104.6055,28.793,2025-05-03T0900,42,72,0.8,40,15,35,43,61,颗粒物(PM10)
宜宾市,市政府,104.639,28.7562,2025-05-03T0900,35,64,0.6,63,17,41,44,57,颗粒物(PM10)
宜宾市,黄金嘴,104.5742,28.7199,2025-05-03T0900,34,56,0.7,23,20,63,55,53,颗粒物(PM10)
宜宾市,白酒学院,104.68,28.8071,2025-05-03T0900,33,56,0.7,36,15,63,65,53,颗粒物(PM10)
宜昌市,白龙岗,111.2992,30.6981,2025-05-03T0900,27,112,0.6,13,9,121,49,81,颗粒物(PM10)
宜昌市,点军区,111.2628,30.6961,2025-05-03T0900,27,111,0.4,17,7,126,43,81,颗粒物(PM10)
宜昌市,夷陵区,111.3275,30.7819,2025-05-03T0900,29,118,0.4,12,8,123,57,84,颗粒物(PM10)
宜昌市,猇亭区张家湾站,111.4606,30.552,2025-05-03T0900,47,113,0.7,15,8,119,64,82,颗粒物(PM10)
宜昌市,西陵二路116号,111.3168,30.7203,2025-05-03T0900,28,108,0.4,16,6,132,61,79,颗粒物(PM10)
宜昌市,沈家店路6号,111.3526,30.6374,2025-05-03T0900,31,92,0.6,16,8,103,22,71,颗粒物(PM10)
宜春市,槟榔水业,114.3408,27.8064,2025-05-03T0900,,,,,,,,,
宜春市,市石油公司,114.3956,27.7844,2025-05-03T0900,25,56,0.7,13,4,48,41,53,颗粒物(PM10)
宜春市,市气象局,114.3703,27.7914,2025-05-03T0900,21,51,0.5,9,2,53,50,51,颗粒物(PM10)
宜春市,市广电局,114.4013,27.8074,2025-05-03T0900,16,52,0.6,16,3,49,45,51,颗粒物(PM10)
宜春市,宜春学院北校区,114.375,27.8097,2025-05-03T0900,24,54,0.3,18,6,53,39,52,颗粒物(PM10)
宜春市,万载县环保局,114.4519,28.0828,2025-05-03T0900,31,70,0.7,10,6,68,42,60,颗粒物(PM10)
益阳市,甘溪港,112.4067,28.6428,2025-05-03T0900,45,100,1.0,11,19,75,65,75,颗粒物(PM10)
益阳市,市环保局,112.3458,28.5808,2025-05-03T0900,28,48,0.9,24,9,83,73,48,
益阳市,龙洲,112.3571,28.55878,2025-05-03T0900,29,65,0.7,16,8,78,84,58,颗粒物(PM10)
益阳市,幸福渠东路223号,112.3425,28.6110,2025-05-03T0900,28,56,0.7,11,12,98,61,53,颗粒物(PM10)
益阳市,益鑫泰路85号,112.3712,28.5764,2025-05-03T0900,31,57,0.7,11,10,94,78,54,颗粒物(PM10)
银川市,贺兰山马莲口,105.9512,38.6016,2025-05-03T0900,,,,,,,,,
银川市,学院路,106.1358,38.5036,2025-05-03T0900,23,39,0.3,13,4,69,55,39,
银川市,水乡路,106.2266,38.4418,2025-05-03T0900,11,24,0.3,12,5,69,67,24,
银川市,上海东路,106.2757,38.4842,2025-05-03T0900,11,33,0.2,9,3,66,63,33,
银川市,文昌北街,106.1015,38.497,2025-05-03T0900,8,25,0.4,10,6,72,57,25,
银川市,滨河新区,106.5105,38.3856,2025-05-03T0900,18,35,0.4,10,20,63,58,35,
银川市,广场西路,106.2264,38.4920,2025-05-03T0900,11,16,0.4,7,3,83,68,26,
鹰潭市,龙虎山,116.9822,28.1136,2025-05-03T0900,,,,,,,,,
鹰潭市,新监测站,117.0564,28.2642,2025-05-03T0900,49,80,1.2,27,139,46,36,68,细颗粒物(PM2.5)
鹰潭市,财苑宾馆,117.0311,28.2475,2025-05-03T0900,38,78,,22,52,47,39,,
鹰潭市,体育馆,117.0222,28.2264,2025-05-03T0900,30,60,1.2,31,36,54,38,55,颗粒物(PM10)
鹰潭市,三川水表,117.0017,28.2131,2025-05-03T0900,23,48,0.7,11,13,54,30,48,
营口市,大庆路,122.2703,40.7094,2025-05-03T0900,8,17,0.1,8,8,78,83,25,
营口市,镜湖西路,122.2150,40.6511,2025-05-03T0900,3,21,0.2,7,6,78,83,25,
营口市,西炮台,122.1658,40.6789,2025-05-03T0900,3,18,0.3,5,5,68,72,22,
营口市,鲅鱼圈市民活动中心,122.1139,40.2278,2025-05-03T0900,8,14,0.7,15,11,64,79,20,
营口市,三高中,122.2469,40.66302,2025-05-03T0900,,,,,,,90,,
营口市,老边实验小学,122.3622,40.6762,2025-05-03T0900,3,19,0.7,15,11,,77,,
永州市,零陵南津渡,111.6217,26.2081,2025-05-03T0900,35,58,0.4,4,8,92,92,54,颗粒物(PM10)
永州市,市环境监测站,111.6156,26.4214,2025-05-03T0900,41,66,0.6,8,6,73,62,58,"颗粒物(PM10),细颗粒物(PM2.5)"
永州市,永州市环保局,111.5992,26.4364,2025-05-03T0900,32,53,0.6,8,6,76,66,52,颗粒物(PM10)
永州市,冷水滩区环保局,111.5989,26.4519,2025-05-03T0900,38,67,0.8,12,6,70,65,59,颗粒物(PM10)
永州市,徐家井路86号,111.6195,26.2253,2025-05-03T0900,34,46,0.7,9,9,82,79,49,
榆林市,红石峡森林公园,109.7414,38.3344,2025-05-03T0900,,,,,,,,,
榆林市,世纪广场,109.7456,38.2911,2025-05-03T0900,26,39,0.5,37,14,41,28,39,
榆林市,实验中学,109.7289,38.2839,2025-05-03T0900,30,49,0.4,23,19,44,37,49,
榆林市,环保监测大楼,109.7336,38.2478,2025-05-03T0900,40,,0.6,28,17,48,44,57,细颗粒物(PM2.5)
玉林市,寒山水库,110.1106,22.7019,2025-05-03T0900,25,36,0.6,5,14,44,32,36,
玉林市,南江一中,110.1433,22.6164,2025-05-03T0900,20,31,0.6,1,8,53,44,31,
玉林市,玉林师范学院东校区,110.1945,22.6831,2025-05-03T0900,17,28,0.5,8,5,47,41,28,
玉林市,福绵环保局,110.0527,22.5893,2025-05-03T0900,29,39,0.2,7,3,48,41,42,
玉林市,人民东路196号,110.1680,22.6410,2025-05-03T0900,21,35,0.7,6,17,37,38,35,
玉树藏族自治州,玉树县结古镇,97,33.0014,2025-05-03T0900,3,7,0.4,7,7,104,112,33,
玉溪市,东风水库,102.575,24.3711,2025-05-03T0900,21,,0.7,15,10,28,32,30,
玉溪市,玉溪一中,102.5389,24.3703,2025-05-03T0900,15,26,0.7,19,11,38,40,26,
玉溪市,文体中心,102.5381,24.3389,2025-05-03T0900,12,,0.6,16,9,36,41,18,
岳阳市,城陵矶,113.1493,29.4251,2025-05-03T0900,38,76,0.5,29,12,67,94,63,颗粒物(PM10)
岳阳市,开发区,113.1497,29.3575,2025-05-03T0900,24,69,0.5,17,8,86,94,60,颗粒物(PM10)
岳阳市,云溪区,113.2621,29.4758,2025-05-03T0900,21,68,0.5,22,9,82,117,59,颗粒物(PM10)
岳阳市,君山区,112.9943,29.4402,2025-05-03T0900,32,68,0.6,17,12,74,97,59,颗粒物(PM10)
岳阳市,金凤水库,113.2117,29.355,2025-05-03T0900,28,65,0.6,11,5,77,83,58,颗粒物(PM10)
岳阳市,求索西路365号,113.1088,29.3531,2025-05-03T0900,32,62,0.5,25,12,71,87,56,颗粒物(PM10)
云浮市,新市府,112.0392,22.9169,2025-05-03T0900,18,34,1.4,12,3,36,44,34,
云浮市,牧羊,112.0539,22.9539,2025-05-03T0900,19,57,0.5,27,5,24,43,54,颗粒物(PM10)
云浮市,文笔,112.0336,22.9374,2025-05-03T0900,16,29,0.7,13,2,39,50,29,
运城市,运城中学,110.9956,35.0147,2025-05-03T0900,33,60,0.6,8,8,78,82,55,颗粒物(PM10)
运城市,地区技校,110.9686,35.0303,2025-05-03T0900,10,51,0.5,12,9,74,78,51,颗粒物(PM10)
运城市,空港新区,111.0414,35.1147,2025-05-03T0900,11,74,0.6,12,10,76,77,62,颗粒物(PM10)
运城市,水利职院,111.0283,35.0547,2025-05-03T0900,19,60,0.6,12,7,74,77,55,颗粒物(PM10)
运城市,禹都公园,111.0522,35.0439,2025-05-03T0900,11,57,0.6,9,9,76,80,54,颗粒物(PM10)
枣庄市,市中区政府,117.558,34.8438,2025-05-03T0900,3,36,0.2,7,3,95,103,36,
枣庄市,薛城环保局,117.2852,34.7837,2025-05-03T0900,13,39,0.3,6,1,94,94,39,
枣庄市,峄城区政府,117.5852,34.7745,2025-05-03T0900,19,39,0.3,9,3,101,104,39,
枣庄市,台儿庄区环保局,117.7276,34.5578,2025-05-03T0900,14,36,0.4,9,9,103,99,36,
枣庄市,山亭区环保局,117.4518,35.0992,2025-05-03T0900,15,53,0.6,3,4,98,113,52,颗粒物(PM10)
枣庄市,市环保局,117.3152,34.8103,2025-05-03T0900,9,32,0.2,5,1,94,93,32,
湛江市,湛江影剧院,110.3539,21.2706,2025-05-03T0900,14,34,0.6,11,9,51,52,34,
湛江市,市环境监测站,110.3928,21.2228,2025-05-03T0900,12,19,0.6,7,9,55,54,19,
湛江市,环保局宿舍,110.4019,21.1997,2025-05-03T0900,18,,0.6,10,9,55,52,26,
湛江市,霞山游泳场,110.4111,21.2028,2025-05-03T0900,15,30,0.5,8,6,60,60,30,
湛江市,麻章区环保局,110.3316,21.2679,2025-05-03T0900,19,21,0.6,9,8,55,45,28,
湛江市,坡头区环保局,110.4558,21.2567,2025-05-03T0900,12,23,0.5,7,4,57,57,23,
张家界市,永定新区,110.5319,29.1217,2025-05-03T0900,29,64,0.4,17,5,48,41,57,颗粒物(PM10)
张家界市,电业局,110.4697,29.1242,2025-05-03T0900,35,61,0.1,14,6,40,36,56,颗粒物(PM10)
张家界市,未央路,110.5594,29.3547,2025-05-03T0900,24,70,0.1,14,4,61,43,60,颗粒物(PM10)
张家界市,袁家界,110.4417,29.315,2025-05-03T0900,,,,,,,,,
张家口市,人民公园,114.8883,40.8336,2025-05-03T0900,6,15,0.4,19,3,75,49,24,
张家口市,五金库,114.8687,40.8042,2025-05-03T0900,6,11,0.4,5,4,82,71,26,
张家口市,世纪豪园,114.8902,40.762,2025-05-03T0900,6,32,0.7,14,7,68,75,32,
张家口市,北泵房,114.8916,40.8661,2025-05-03T0900,7,12,0.3,5,3,79,49,25,
张家口市,烟厂,114.879,40.7993,2025-05-03T0900,7,26,0.4,6,3,80,73,26,
张家口市,青少年活动中心,115.2773,40.9724,2025-05-03T0900,6,15,0.4,2,6,90,70,29,
张掖市,润泉湖,100.4698,38.9524,2025-05-03T0900,39,120,0.4,12,7,65,78,85,颗粒物(PM10)
张掖市,区工会,100.4154,38.9422,2025-05-03T0900,74,106,0.4,11,4,69,83,99,细颗粒物(PM2.5)
漳州市,九湖,117.6336,24.4674,2025-05-03T0900,,,,,,,,,
漳州市,蓝田镇,117.7116,24.506,2025-05-03T0900,28,60,0.8,13,10,83,67,55,颗粒物(PM10)
漳州市,漳州党校,114.6622,24.5183,2025-05-03T0900,29,53,0.9,20,16,68,58,52,颗粒物(PM10)
漳州市,西洋坪路,117.6296,24.5314,2025-05-03T0900,30,43,0.8,18,17,66,55,43,
昭通市,监测站,103.7667,27.3736,2025-05-03T0900,28,66,0.7,28,15,36,60,58,颗粒物(PM10)
昭通市,环东路146号,103.7247,27.3415,2025-05-03T0900,30,60,0.7,30,29,53,29,55,颗粒物(PM10)
肇庆市,睦岗子站,112.4267,23.0706,2025-05-03T0900,31,41,0.6,16,10,50,68,45,
肇庆市,城中子站,112.4645,23.0475,2025-05-03T0900,30,45,0.7,15,15,46,60,45,
肇庆市,坑口子站,112.5544,23.1522,2025-05-03T0900,27,,0.4,15,10,,72,,
肇庆市,七星岩子站,112.4753,23.1,2025-05-03T0900,34,48,0.5,15,15,52,63,49,
肇庆市,高要湖西,112.4575,23.0166,2025-05-03T0900,33,58,0.5,14,13,52,62,54,颗粒物(PM10)
肇庆市,鼎湖凤凰,112.5617,23.2083,2025-05-03T0900,24,44,0.6,16,9,58,84,44,
镇江市,新区办事处,119.6707,32.1875,2025-05-03T0900,36,86,0.7,21,8,128,85,68,颗粒物(PM10)
镇江市,职教中心,119.4974,32.1968,2025-05-03T0900,30,80,0.8,14,3,124,89,65,颗粒物(PM10)
镇江市,丹徒区监测站,119.4303,32.1328,2025-05-03T0900,38,78,0.7,12,5,146,101,64,颗粒物(PM10)
镇江市,市疾控中心,119.4424,32.1873,2025-05-03T0900,31,81,0.6,15,8,142,90,66,颗粒物(PM10)
镇江市,富润路1号,119.3842,32.1976,2025-05-03T0900,45,122,0.6,10,7,142,90,86,颗粒物(PM10)
郑州市,烟厂,113.69031,34.76122,2025-05-03T0900,19,93,1.2,13,7,96,99,72,颗粒物(PM10)
郑州市,银行学校,113.67526,34.80246,2025-05-03T0900,71,,0.7,13,12,93,98,95,细颗粒物(PM2.5)
郑州市,供水公司,113.56746,34.81334,2025-05-03T0900,24,62,0.7,13,9,95,100,56,颗粒物(PM10)
郑州市,经开区管委,113.7329,34.7178,2025-05-03T0900,41,51,0.6,8,6,93,98,58,细颗粒物(PM2.5)
郑州市,四十七中,113.73961,34.77172,2025-05-03T0900,14,76,,11,,,98,,
郑州市,河医大,113.64164,34.7525,2025-05-03T0900,31,81,0.9,17,11,90,94,66,颗粒物(PM10)
郑州市,岗李水库,113.51488,34.91089,2025-05-03T0900,,,,,,,,,
郑州市,惠济区政府,113.616563,34.86783,2025-05-03T0900,24,51,0.7,15,9,96,101,51,颗粒物(PM10)
郑州市,北区建设指挥部,113.8374,34.5589,2025-05-03T0900,49,102,0.5,8,4,100,107,76,颗粒物(PM10)
郑州市,上街区政府,113.30952,34.803229,2025-05-03T0900,54,144,0.6,8,5,90,103,97,颗粒物(PM10)
郑州市,计划路2号,113.6051,34.7552,2025-05-03T0900,23,42,0.7,15,8,99,102,42,
郑州市,同乐路9号,113.6526,34.7736,2025-05-03T0900,28,54,0.8,9,11,90,93,52,颗粒物(PM10)
中山市,华柏园,113.3769,22.5211,2025-05-03T0900,24,40,0.7,7,7,106,106,40,
中山市,张溪,113.3881,22.5497,2025-05-03T0900,28,40,0.6,9,3,102,98,40,
中山市,紫马岭,113.4075,22.5111,2025-05-03T0900,25,42,0.4,6,7,101,96,42,
中山市,长江旅游区,113.4411,22.4853,2025-05-03T0900,23,31,0.6,5,4,103,84,33,
中山市,中山南区,113.3528,22.478,2025-05-03T0900,19,22,0.6,6,4,98,104,31,
中卫市,沙坡头消防站,105.0025,37.4635,2025-05-03T0900,,,,,,,,,
中卫市,环保局站,105.1971,37.5002,2025-05-03T0900,,,,,,,76,,
中卫市,沙坡头区政府站,105.1698,37.5162,2025-05-03T0900,18,56,0.3,9,10,72,74,53,颗粒物(PM10)
重庆市,缙云山,106.3787,29.8279,2025-05-03T0900,18,52,0.5,6,5,106,117,51,颗粒物(PM10)
重庆市,天生,106.4213,29.8253,2025-05-03T0900,28,84,0.8,32,11,37,49,67,颗粒物(PM10)
重庆市,两路,106.6263,29.7228,2025-05-03T0900,30,72,0.7,54,12,65,92,61,颗粒物(PM10)
重庆市,虎溪,106.2953,29.5983,2025-05-03T0900,19,71,0.7,41,7,40,38,61,颗粒物(PM10)
重庆市,南坪,106.5777,29.5102,2025-05-03T0900,32,61,0.8,35,13,63,91,56,颗粒物(PM10)
重庆市,唐家沱,106.6556,29.6277,2025-05-03T0900,29,57,0.6,35,10,44,56,54,颗粒物(PM10)
重庆市,茶园,106.6349,29.4906,2025-05-03T0900,31,96,0.8,37,12,45,42,73,颗粒物(PM10)
重庆市,白市驿,106.3754,29.4572,2025-05-03T0900,35,83,1.0,43,12,36,85,67,颗粒物(PM10)
重庆市,空港,106.6205,29.7166,2025-05-03T0900,20,69,0.6,43,9,68,98,60,颗粒物(PM10)
重庆市,礼嘉,106.5616,29.6453,2025-05-03T0900,25,56,0.6,47,9,43,53,53,颗粒物(PM10)
重庆市,蔡家,106.4522,29.7091,2025-05-03T0900,34,68,0.7,32,8,47,46,59,颗粒物(PM10)
重庆市,鱼新街,106.5093,29.3917,2025-05-03T0900,50,97,0.9,55,10,13,24,74,颗粒物(PM10)
重庆市,歇台子,106.4958,29.5346,2025-05-03T0900,26,71,1.0,56,12,28,51,61,颗粒物(PM10)
重庆市,龙井湾,106.4037,29.5728,2025-05-03T0900,22,80,0.4,11,12,107,113,65,颗粒物(PM10)
重庆市,龙洲湾,106.5507,29.4153,2025-05-03T0900,30,60,0.8,27,22,55,67,55,颗粒物(PM10)
重庆市,上清寺,106.5468,29.5654,2025-05-03T0900,24,67,1.1,79,9,9,2,59,颗粒物(PM10)
重庆市,安康,108.3872,31.1628,2025-05-03T0900,27,54,0.5,14,8,56,44,52,颗粒物(PM10)
重庆市,北山路,105.9017,29.3569,2025-05-03T0900,49,82,0.9,37,8,47,60,68,细颗粒物(PM2.5)
重庆市,滩子口,106.6479,29.0244,2025-05-03T0900,33,73,0.6,28,11,31,30,62,颗粒物(PM10)
重庆市,棠香,105.7167,29.7076,2025-05-03T0900,48,81,0.8,27,4,48,30,67,细颗粒物(PM2.5)
重庆市,桃源西路,107.0732,29.8617,2025-05-03T0900,41,55,1.2,19,17,34,42,58,细颗粒物(PM2.5)
重庆市,迎宾大道,107.3535,29.7287,2025-05-03T0900,34,55,0.7,30,13,63,54,53,颗粒物(PM10)
重庆市,舟白,108.815,29.5081,2025-05-03T0900,29,45,0.2,8,8,32,27,45,
重庆市,周家坝,108.3679,30.8426,2025-05-03T0900,42,73,0.5,37,12,26,18,62,颗粒物(PM10)
重庆市,百安坝,108.4319,30.7555,2025-05-03T0900,42,75,0.4,25,13,44,46,63,颗粒物(PM10)
重庆市,芙蓉中路,107.7541,29.3277,2025-05-03T0900,18,48,0.6,14,11,23,9,48,
重庆市,西山,108.7661,29.5368,2025-05-03T0900,24,41,0.5,15,7,26,12,41,
重庆市,行政中心,106.2628,29.32,2025-05-03T0900,39,110,0.9,35,8,43,20,80,颗粒物(PM10)
重庆市,书院路,106.2649,29.9851,2025-05-03T0900,66,,0.8,26,12,51,29,89,细颗粒物(PM2.5)
重庆市,虎峰,106.2339,29.5559,2025-05-03T0900,30,91,0.4,20,29,73,94,71,颗粒物(PM10)
重庆市,龙门街,106.0499,29.8342,2025-05-03T0900,60,80,0.7,29,32,58,40,82,细颗粒物(PM2.5)
重庆市,昌元,105.5933,29.4105,2025-05-03T0900,45,75,1.0,39,7,42,45,63,"颗粒物(PM10),细颗粒物(PM2.5)"
重庆市,双山路147号,106.4686,29.4893,2025-05-03T0900,36,81,0.9,50,10,45,76,66,颗粒物(PM10)
重庆市,桃园路24号,105.8340,30.1886,2025-05-03T0900,43,62,0.6,18,13,63,45,60,细颗粒物(PM2.5)
重庆市,钟楼街32号,107.0910,29.1540,2025-05-03T0900,38,45,0.7,40,8,23,38,54,细颗粒物(PM2.5)
重庆市,人民南路309号,107.8043,30.6735,2025-05-03T0900,34,80,0.5,12,8,78,58,65,颗粒物(PM10)
舟山市,定海檀枫,122.122,30.0203,2025-05-03T0900,18,54,0.7,17,6,130,126,52,颗粒物(PM10)
舟山市,临城新区,122.19,29.9944,2025-05-03T0900,17,44,0.7,24,4,120,130,44,
舟山市,普陀东港中学,122.3123,29.9619,2025-05-03T0900,20,45,0.8,10,6,,150,,
周口市,周口师范,114.6758,33.6347,2025-05-03T0900,13,51,0.4,7,4,81,98,51,颗粒物(PM10)
周口市,七一路,114.6701,33.6167,2025-05-03T0900,19,59,0.6,7,8,81,97,55,颗粒物(PM10)
周口市,健康路46号,114.6421,33.6417,2025-05-03T0900,19,53,0.4,7,4,83,101,52,颗粒物(PM10)
周口市,太昊路,114.649,33.596,2025-05-03T0900,14,55,0.6,7,7,80,97,53,颗粒物(PM10)
株洲市,天台山庄,113.135,27.8244,2025-05-03T0900,29,71,0.7,12,10,70,56,61,颗粒物(PM10)
株洲市,株冶医院,113.095,27.8867,2025-05-03T0900,,,,,,,97,,
株洲市,市四中,113.167,27.8667,2025-05-03T0900,,,,,,,111,,
株洲市,火车站,113.143,27.8381,2025-05-03T0900,,,,,,,107,,
株洲市,市监测站,113.13,27.8528,2025-05-03T0900,44,84,0.9,10,10,68,51,67,颗粒物(PM10)
株洲市,大京风景区,113.251,27.8336,2025-05-03T0900,33,59,0.4,5,10,59,30,55,颗粒物(PM10)
株洲市,云田中学,113.1817,27.9958,2025-05-03T0900,39,79,0.9,10,13,71,54,65,颗粒物(PM10)
珠海市,吉大,113.5814,22.2618,2025-05-03T0900,28,43,0.8,19,8,,130,,
珠海市,前山,113.4881,22.2335,2025-05-03T0900,25,33,0.6,13,7,104,117,36,
珠海市,唐家,113.628,22.4251,2025-05-03T0900,30,36,0.5,11,6,122,145,43,
珠海市,斗门,113.299,22.2281,2025-05-03T0900,20,22,0.4,9,6,82,123,29,
珠海市,金湾,113.3494,22.0569,2025-05-03T0900,24,,0.5,10,3,92,130,35,
珠海市,横琴,113.5433,22.1163,2025-05-03T0900,30,42,0.4,17,9,110,117,43,
驻马店市,市一纸厂,114.0189,32.9656,2025-05-03T0900,17,34,0.4,7,6,88,110,34,
驻马店市,市彩印厂,114.0114,33.015,2025-05-03T0900,12,50,0.3,6,4,91,112,50,
驻马店市,小管楼,114.0012,33.0412,2025-05-03T0900,9,45,0.2,10,7,90,112,45,
驻马店市,交通路1233号,113.9856,32.9802,2025-05-03T0900,15,40,0.1,10,5,92,114,40,
资阳市,莲花山,104.6617,30.1372,2025-05-03T0900,31,55,1.0,21,10,66,73,53,颗粒物(PM10)
资阳市,资阳中学,104.6356,30.1506,2025-05-03T0900,43,85,0.8,34,11,48,40,68,颗粒物(PM10)
资阳市,四三一厂,104.6295,30.1383,2025-05-03T0900,26,78,0.9,29,15,65,42,64,颗粒物(PM10)
资阳市,师范校,104.6463,30.1146,2025-05-03T0900,46,99,1.0,39,6,39,17,75,颗粒物(PM10)
资阳市,区法院,104.6296,30.1256,2025-05-03T0900,51,73,0.9,34,9,57,30,70,细颗粒物(PM2.5)
淄博市,人民公园,118.0414,36.8103,2025-05-03T0900,,,,,,,,,
淄博市,双山,117.8525,36.4847,2025-05-03T0900,16,41,0.5,10,7,77,70,41,
淄博市,气象站,117.9592,36.6331,2025-05-03T0900,29,51,0.4,20,14,76,67,51,颗粒物(PM10)
淄博市,新区,117.9883,36.8372,2025-05-03T0900,34,,0.3,17,9,,59,,
淄博市,三金集团,117.8661,36.805,2025-05-03T0900,9,79,0.7,16,22,54,62,65,颗粒物(PM10)
淄博市,东风化工厂,118.0253,36.8406,2025-05-03T0900,7,43,0.6,13,9,68,63,43,
淄博市,广场路1号,118.3039,36.8271,2025-05-03T0900,19,39,0.4,20,15,65,56,39,
自贡市,檀木林体育馆,104.776,29.3627,2025-05-03T0900,40,86,0.6,38,15,71,99,68,颗粒物(PM10)
自贡市,南湖救助站,104.7894,29.3194,2025-05-03T0900,63,100,0.8,45,9,46,79,85,细颗粒物(PM2.5)
自贡市,轻化工大学,104.7636,29.3338,2025-05-03T0900,63,144,0.8,40,10,34,54,97,颗粒物(PM10)
自贡市,贡兴路74号,104.7143,29.3386,2025-05-03T0900,63,193,0.6,31,8,34,50,122,颗粒物(PM10)
遵义市,丁字口,106.9222,27.6869,2025-05-03T0900,20,46,0.4,19,3,35,37,46,
遵义市,凤凰山,106.9242,27.7019,2025-05-03T0900,26,52,0.4,11,12,70,86,51,颗粒物(PM10)
遵义市,忠庄,106.8906,27.6486,2025-05-03T0900,31,38,0.5,19,8,32,34,45,
遵义市,舟水桥,106.9231,27.6506,2025-05-03T0900,13,58,0.8,19,3,18,13,54,颗粒物(PM10)
遵义市,干田坝,106.9178,27.72,2025-05-03T0900,20,39,0.6,18,2,32,32,39,
遵义市,遵南大道1161号,106.8609,27.5969,2025-05-03T0900,50,86,0.7,25,5,32,24,69,细颗粒物(PM2.5)
