timepoint,stationcode,longitude,latitude,area,positionname,primarypollutant,aqi,pm10,pm10_24h,pm2_5,pm2_5_24h,o3,o3_24h,o3_8h,o3_8h_24h,no2,no2_24h,so2,so2_24h,co,co_24h
2024-06-23T0600,2566A,102.1879,31.914,阿坝藏族羌族自治州,州农科所,,9,9,20,3,10,22,,,,4,11,4,4,0.1,0.3
2024-06-23T0600,2568A,102.2502,31.8896,阿坝藏族羌族自治州,马师校,,26,,13,18,12,16,,,,8,12,5,5,0.4,0.4
2024-06-23T0600,3994A,102.2165,31.9024,阿坝藏族羌族自治州,马尔康中学西区,,18,15,18,12,10,18,,,,2,4,5,5,0.3,0.3
2024-06-23T0600,2695A,80.292,41.1694,阿克苏地区,电视台,颗粒物(PM10),60,69,65,29,23,72,,,,14,19,3,4,0.4,0.4
2024-06-23T0600,2696A,80.2613,41.1551,阿克苏地区,艺术中心,颗粒物(PM10),63,75,67,32,26,68,,,,11,26,5,4,0.3,0.4
2024-06-23T0600,2204A,105.6467,38.8363,阿拉善盟,西城区西花园,,46,46,90,20,25,95,,,,8,12,8,7,0.5,0.6
2024-06-23T0600,2205A,105.6985,38.8411,阿拉善盟,蒙二幼,,42,42,93,12,27,103,,,,6,8,6,7,0.5,0.4
2024-06-23T0600,2206A,105.724,38.8516,阿拉善盟,环保局新楼,,35,31,81,11,27,112,,,,4,7,10,10,0.5,0.4
2024-06-23T0600,2708A,88.1264,47.8517,阿勒泰地区,市站,,32,32,30,6,7,69,,,,5,11,6,6,0.3,0.3
2024-06-23T0600,2630A,80.1161,32.5,阿里地区,阿里监测站,,36,,8,3,4,115,,,,5,6,8,7,0.4,0.4
2024-06-23T0600,3192A,80.0903,32.5028,阿里地区,阿里藏医院,,38,8,11,3,6,119,,,,3,3,7,7,0.4,0.4
2024-06-23T0600,2642A,109.0318,32.6537,安康市,香溪洞,,10,10,18,3,6,18,,,,3,4,6,6,0.5,0.6
2024-06-23T0600,2643A,109.0281,32.6939,安康市,安康市监测站,,26,26,30,11,8,13,,,,5,10,6,8,0.5,0.6
2024-06-23T0600,2644A,109.0072,32.6975,安康市,汉滨区检察院,,25,25,24,8,8,13,,,,5,6,6,7,0.4,0.5
2024-06-23T0600,2291A,117.0809,30.5177,安庆市,环科院,,29,16,11,11,7,90,,,,6,8,4,4,0.5,0.5
2024-06-23T0600,2292A,117.0331,30.5119,安庆市,马山宾馆,,29,,10,20,9,75,,,,18,16,6,6,0.5,0.6
2024-06-23T0600,2294A,116.9896,30.6145,安庆市,安庆大学,,23,19,13,13,8,72,,,,8,10,7,7,0.4,0.3
2024-06-23T0600,3173A,117.0598,30.5351,安庆市,市人大,,26,,10,16,8,81,,,,10,10,4,5,0.4,0.4
2024-06-23T0600,3122A,105.9606,26.2611,安顺市,伍家关,,,,,,,,,,,,,,,,
2024-06-23T0600,3123A,105.9408,26.2431,安顺市,凤凰山,,20,14,9,14,10,51,,,,10,6,7,7,0.5,0.6
2024-06-23T0600,3124A,105.9439,26.2564,安顺市,金钟山,,23,,9,16,8,58,,,,5,6,4,4,0.5,0.6
2024-06-23T0600,3125A,105.8983,26.2481,安顺市,娄家坡,,22,21,13,10,8,70,,,,4,5,5,4,0.6,0.6
2024-06-23T0600,1818A,114.4839,36.0621,安阳市,棉研所,,,,,,,,,,,,,,,,
2024-06-23T0600,1819A,114.3551,36.1017,安阳市,红庙街,颗粒物(PM10),84,118,74,43,33,33,,,,33,13,19,7,1.5,1
2024-06-23T0600,1820A,114.361,36.0681,安阳市,银杏小区,颗粒物(PM10),80,109,73,30,25,37,,,,38,20,11,8,1.1,1
2024-06-23T0600,3141A,114.3922,36.0878,安阳市,信访局,颗粒物(PM10),84,117,80,29,26,44,,,,29,11,16,10,1.9,1.3
2024-06-23T0600,3669A,114.4705,36.0637,安阳市,左辅环卫站,颗粒物(PM10),84,117,77,37,29,59,,,,32,18,5,3,1.8,0.8
2024-06-23T0600,3703A,114.2917,36.0949,安阳市,安钢职工学校,颗粒物(PM10),99,148,88,52,31,38,,,,30,15,13,4,1.1,1
2024-06-23T0600,1748A,123.044,41.1196,鞍山市,深沟寺,"颗粒物(PM10),细颗粒物(PM2.5)",82,113,42,60,26,30,,,,26,16,11,10,1.0,0.6
2024-06-23T0600,1749A,123.011,41.0931,鞍山市,太阳城,颗粒物(PM10),84,118,41,55,25,24,,,,31,13,8,7,1.8,0.9
2024-06-23T0600,1750A,123.0485,41.1442,鞍山市,太平,颗粒物(PM10),89,127,52,53,27,30,,,,25,17,12,6,1.3,0.8
2024-06-23T0600,1751A,122.9642,41.0971,鞍山市,铁西三道街,颗粒物(PM10),83,116,50,46,25,32,,,,26,19,8,5,1.3,0.7
2024-06-23T0600,1752A,122.9341,41.0833,鞍山市,铁西工业园区,颗粒物(PM10),92,134,50,55,28,39,,,,25,19,6,5,1.0,0.8
2024-06-23T0600,1753A,123.022,41.0821,鞍山市,明达新区,颗粒物(PM10),55,59,28,31,17,25,,,,25,12,8,6,1.2,0.6
2024-06-23T0600,1754A,123.1289,41.0228,鞍山市,千山,,,,,,,,,,,,,,,,
2024-06-23T0600,2195A,107.4212,40.761,巴彦淖尔市,附二中,颗粒物(PM10),53,55,154,27,44,54,,,,4,6,3,4,0.4,0.3
2024-06-23T0600,2196A,107.37,40.7372,巴彦淖尔市,市环保大楼,,46,46,147,23,38,64,,,,4,6,3,3,0.4,0.4
2024-06-23T0600,1956A,86.1472,41.7538,巴音郭楞蒙古自治州,孔雀公园,颗粒物(PM10),63,76,77,20,22,65,,,,30,33,7,5,0.4,0.4
2024-06-23T0600,1957A,86.1972,41.7166,巴音郭楞蒙古自治州,棉纺厂,,46,46,70,16,21,69,,,,34,32,7,5,0.2,0.3
2024-06-23T0600,1958A,86.2357,41.7173,巴音郭楞蒙古自治州,经济开发区,,44,44,66,14,23,105,,,,6,12,3,3,0.1,0.2
2024-06-23T0600,2914A,106.7677,31.8794,巴中市,苏山坪,,30,30,33,15,16,78,,,,8,13,4,5,0.3,0.3
2024-06-23T0600,3182A,106.7656,31.8545,巴中市,丽阳花园,,28,28,34,15,20,25,,,,19,23,5,6,0.4,0.5
2024-06-23T0600,3183A,106.7418,31.8654,巴中市,圣泉水务公司,,28,28,30,16,18,35,,,,14,21,4,4,0.4,0.5
2024-06-23T0600,3616A,106.7616,31.8344,巴中市,市中心医院,,32,32,33,19,19,11,,,,23,22,5,6,0.5,0.5
2024-06-23T0600,2235A,122.7911,45.6077,白城市,洮北区环保局,,10,8,7,3,5,30,,,,5,6,2,5,0.2,0.2
2024-06-23T0600,2236A,122.8738,45.5725,白城市,市环保局,,12,9,4,7,5,38,,,,4,6,3,5,0.1,0.2
2024-06-23T0600,2231A,126.4219,41.9171,白山市,喜丰,,28,21,29,3,14,87,,,,5,10,7,10,1.0,1
2024-06-23T0600,2232A,126.4077,41.9419,白山市,环保局,,25,21,32,3,13,78,,,,6,9,8,9,0.9,1
2024-06-23T0600,2647A,104.1724,36.5446,白银市,第三小学,,35,29,37,24,15,44,,,,32,23,11,23,0.9,0.7
2024-06-23T0600,2648A,104.1465,36.5482,白银市,动力公司,,34,34,29,18,12,34,,,,23,15,8,13,0.5,0.4
2024-06-23T0600,2512A,106.6103,23.9011,百色市,市监测站,,37,37,40,21,21,16,,,,21,13,13,13,0.9,0.8
2024-06-23T0600,2513A,106.6538,23.8859,百色市,市中心血站,,30,30,38,17,21,47,,,,12,10,20,12,0.9,0.8
2024-06-23T0600,3406A,106.6085,23.8798,百色市,祈福高中,,44,44,43,22,27,22,,,,24,14,14,13,1.0,0.9
2024-06-23T0600,2270A,117.396,32.939,蚌埠市,工人疗养院,,37,37,52,21,24,64,,,,6,6,8,7,0.6,0.6
2024-06-23T0600,2271A,117.3605,32.9427,蚌埠市,百货大楼,,38,38,48,24,33,64,,,,10,6,6,5,0.5,0.6
2024-06-23T0600,2273A,117.4185,32.8911,蚌埠市,蚌埠学院,,31,31,34,14,24,64,,,,13,6,7,6,0.7,0.7
2024-06-23T0600,2274A,117.3533,32.9673,蚌埠市,淮上区政府,,32,29,41,22,33,63,,,,5,4,5,5,0.5,0.6
2024-06-23T0600,2275A,117.3145,32.8977,蚌埠市,高新区,,25,19,39,17,30,56,,,,14,11,6,6,0.6,0.6
2024-06-23T0600,3715A,117.3092,32.9314,蚌埠市,蚌埠田家炳中学,,34,34,49,15,27,50,,,,6,8,7,6,0.4,0.5
2024-06-23T0600,1585A,109.8756,40.6532,包头市,市环境监测站,颗粒物(PM10),54,57,243,12,50,56,,,,8,7,7,6,0.4,0.3
2024-06-23T0600,1587A,109.9991,40.5842,包头市,包头八中,颗粒物(PM10),53,56,217,17,62,57,,,,8,8,9,7,0.3,0.2
2024-06-23T0600,1588A,109.8538,40.6821,包头市,青山宾馆,,38,38,196,14,51,55,,,,7,6,8,7,0.4,0.3
2024-06-23T0600,1589A,109.8642,40.6288,包头市,惠龙物流,,,49,218,,53,58,,,,8,9,10,10,0.4,0.4
2024-06-23T0600,1590A,110.0377,40.5546,包头市,东河鸿龙湾,,48,48,194,20,40,52,,,,10,7,8,8,0.4,0.3
2024-06-23T0600,3283A,109.9154,40.5685,包头市,滨河大厦,,48,48,176,16,50,43,,,,19,9,11,10,0.5,0.5
2024-06-23T0600,3419A,109.9447,40.6261,包头市,包头市委党校,,50,50,202,21,40,56,,,,9,7,14,10,0.3,0.2
2024-06-23T0600,3683A,109.8331,40.6576,包头市,昆区政府,,49,49,210,28,61,57,,,,7,9,7,7,0.4,0.3
2024-06-23T0600,1930A,107.185,34.3063,宝鸡市,庙沟村,,24,18,30,10,10,76,,,,5,6,9,9,0.3,0.2
2024-06-23T0600,1931A,107.0708,34.3017,宝鸡市,竹园沟,,30,14,24,13,11,95,,,,7,10,7,8,0.5,0.5
2024-06-23T0600,1932A,107.1906,34.3672,宝鸡市,三陆医院,,24,24,36,14,15,52,,,,22,22,9,9,0.5,0.5
2024-06-23T0600,1933A,107.1431,34.3547,宝鸡市,监测站,,31,31,31,10,14,52,,,,22,17,9,8,0.4,0.4
2024-06-23T0600,1934A,107.1186,34.3739,宝鸡市,技工学校,,26,26,30,13,11,70,,,,13,12,7,7,0.5,0.4
2024-06-23T0600,1935A,107.3906,34.3528,宝鸡市,陈仓区环保局家属楼,,38,38,35,21,15,52,,,,22,19,47,17,1.4,0.6
2024-06-23T0600,1936A,107.2058,34.3497,宝鸡市,文理学院,,31,31,32,20,9,59,,,,18,16,9,8,0.4,0.3
2024-06-23T0600,1937A,107.2386,34.3622,宝鸡市,三迪小学,,29,29,35,9,13,60,,,,20,25,9,8,0.3,0.3
2024-06-23T0600,1051A,115.493,38.8632,保定市,游泳馆,颗粒物(PM10),167,283,124,62,28,59,,,,14,9,8,8,0.1,0.1
2024-06-23T0600,1052A,115.5213,38.8959,保定市,华电二区,颗粒物(PM10),144,238,105,93,51,72,,,,9,8,2,3,0,0.2
2024-06-23T0600,1053A,115.4713,38.9108,保定市,接待中心,颗粒物(PM10),137,224,95,68,35,65,,,,9,6,1,2,0.2,0.3
2024-06-23T0600,1054A,115.4612,38.8416,保定市,地表水厂,颗粒物(PM10),179,308,127,88,40,65,,,,11,11,1,2,0.2,0.3
2024-06-23T0600,3581A,115.31981,38.95208,保定市,满城区生态环境分局,颗粒物(PM10),202,351,154,61,34,70,,,,9,5,3,2,0.2,0.2
2024-06-23T0600,3582A,115.47694,38.76408,保定市,清苑区第二中学,颗粒物(PM10),285,409,128,60,28,74,,,,11,18,5,5,0.2,0.3
2024-06-23T0600,3583A,115.62909,39.02311,保定市,徐水物探局,颗粒物(PM10),114,178,102,24,25,47,,,,20,18,2,2,0.3,0.4
2024-06-23T0600,4004A,115.4202,38.8656,保定市,双鹰农机,颗粒物(PM10),161,272,117,94,57,64,,,,13,7,3,3,0.2,0.3
2024-06-23T0600,4034A,115.5150,38.8590,保定市,植保所站,颗粒物(PM10),160,269,110,77,37,74,,,,8,8,3,3,0.2,0.3
2024-06-23T0600,2594A,99.1678,25.1081,保山市,市环境监测站,,25,25,23,13,14,33,,,,11,7,4,4,0.6,0.6
2024-06-23T0600,2595A,99.1711,25.1328,保山市,市环保局,,26,26,29,3,7,31,,,,9,6,7,6,0.5,0.4
2024-06-23T0600,1866A,109.2262,21.588,北海市,牛尾岭水库,,,,,,,,,,,,,,,,
2024-06-23T0600,1867A,109.1436,21.4086,北海市,海滩公园,,14,9,20,3,2,44,,,,3,4,3,3,0.6,0.6
2024-06-23T0600,1868A,109.0981,21.4661,北海市,新市环保局,,15,9,13,3,3,45,,,,3,4,5,5,0.6,0.5
2024-06-23T0600,1869A,109.1778,21.5233,北海市,北海工业园,,12,10,16,3,6,37,,,,4,4,4,4,0.5,0.5
2024-06-23T0600,3400A,109.1911,21.4415,北海市,龙潭自来水厂,,13,8,10,8,6,41,,,,2,3,5,5,0.5,0.4
2024-06-23T0600,1001A,116.3621,39.8784,北京市,万寿西宫,颗粒物(PM10),473,573,237,132,61,39,,,,46,22,3,3,0.3,0.4
2024-06-23T0600,1002A,116.2202,40.2915,北京市,定陵,颗粒物(PM10),500,748,320,170,74,30,,,,13,13,3,3,1.5,0.9
2024-06-23T0600,1003A,116.4174,39.9289,北京市,东四,颗粒物(PM10),471,571,243,129,62,32,,,,48,24,3,3,0.4,0.5
2024-06-23T0600,1004A,116.4072,39.8863,北京市,天坛,颗粒物(PM10),260,392,181,104,47,41,,,,37,17,3,3,0.3,0.3
2024-06-23T0600,1005A,116.462,39.9365,北京市,农展馆,颗粒物(PM10),302,421,198,91,47,8,,,,74,27,5,4,0.3,0.3
2024-06-23T0600,1006A,116.3392,39.9295,北京市,官园,颗粒物(PM10),500,695,267,156,59,33,,,,41,19,4,3,0.2,0.3
2024-06-23T0600,1007A,116.2878,39.9611,北京市,海淀万柳,颗粒物(PM10),437,537,221,137,57,33,,,,33,18,4,4,0.2,0.3
2024-06-23T0600,1008A,116.6636,40.135,北京市,顺义新城,颗粒物(PM10),153,256,213,59,53,65,,,,26,18,2,3,0.4,0.4
2024-06-23T0600,1009A,116.6275,40.3275,北京市,怀柔镇,颗粒物(PM10),451,551,280,132,69,57,,,,17,6,2,2,0.2,0.3
2024-06-23T0600,1010A,116.2296,40.217,北京市,昌平镇,颗粒物(PM10),500,667,298,174,73,8,,,,52,24,1,1,0.2,0.3
2024-06-23T0600,1011A,116.3966,39.9821,北京市,奥体中心,颗粒物(PM10),500,631,232,170,62,8,,,,60,29,1,1,0.2,0.3
2024-06-23T0600,1012A,116.184,39.9136,北京市,古城,颗粒物(PM10),500,602,232,146,50,63,,,,13,16,1,1,0.2,0.3
2024-06-23T0600,3281A,115.9718,40.4529,北京市,延庆夏都,颗粒物(PM10),194,337,364,100,87,57,,,,6,12,3,3,0.1,0.1
2024-06-23T0600,3417A,117.0709,40.1465,北京市,平谷新城,颗粒物(PM10),121,191,186,54,54,72,,,,19,17,3,3,0.4,0.4
2024-06-23T0600,3418A,116.8336,40.4095,北京市,密云新城,颗粒物(PM10),299,419,315,93,70,39,,,,24,10,3,3,0.2,0.2
2024-06-23T0600,3671A,116.088,39.9726,北京市,门头沟三家店,,,,,,,,,,,,,,,,
2024-06-23T0600,3672A,116.1541,39.8204,北京市,丰台云岗,颗粒物(PM10),312,429,184,105,48,29,,,,31,12,3,3,0.2,0.3
2024-06-23T0600,3673A,116.6804,39.9081,北京市,通州东关,颗粒物(PM10),132,213,189,51,44,62,,,,38,26,1,2,0.6,0.4
2024-06-23T0600,3674A,115.9577,39.7603,北京市,房山燕山,颗粒物(PM10),125,199,96,52,24,52,,,,11,8,3,3,0.2,0.3
2024-06-23T0600,3675A,116.4672,39.7733,北京市,大兴旧宫,颗粒物(PM10),151,252,159,46,37,20,,,,52,23,1,3,0.4,0.4
2024-06-23T0600,3694A,115.986,40.4563,北京市,延庆石河营,颗粒物(PM10),196,342,314,95,82,53,,,,7,11,3,3,0.2,0.2
2024-06-23T0600,3695A,116.6151,40.3053,北京市,怀柔新城,颗粒物(PM10),410,510,272,126,68,32,,,,30,9,3,3,0.3,0.3
2024-06-23T0600,3696A,116.2545,39.8768,北京市,丰台小屯,颗粒物(PM10),362,469,191,131,48,30,,,,30,14,3,3,0.2,0.4
2024-06-23T0600,3697A,116.84,40.3844,北京市,密云镇,颗粒物(PM10),196,342,281,75,69,30,,,,31,14,3,3,0.2,0.2
2024-06-23T0600,1761A,123.8275,41.3064,本溪市,大峪,,16,16,23,6,13,46,,,,11,14,8,9,0.4,0.5
2024-06-23T0600,1762A,123.7567,41.3325,本溪市,溪湖,,21,21,30,7,14,40,,,,17,19,9,10,0.6,1.1
2024-06-23T0600,1763A,123.7169,41.3094,本溪市,彩屯,,30,30,23,15,14,24,,,,24,19,8,9,0.6,0.9
2024-06-23T0600,1764A,123.7669,41.2864,本溪市,东明,,15,15,18,10,10,48,,,,24,14,6,6,0.6,0.6
2024-06-23T0600,1765A,123.7992,41.2664,本溪市,新立屯,,11,6,13,3,5,33,,,,13,10,4,5,0.7,0.7
2024-06-23T0600,1766A,123.8142,41.3472,本溪市,威宁,,24,24,27,10,14,42,,,,16,18,7,8,0.5,0.5
2024-06-23T0600,2587A,105.2864,27.3125,毕节市,八中,,22,,16,15,14,33,,,,8,9,5,6,0.4,0.4
2024-06-23T0600,2588A,105.31,27.2944,毕节市,师专,,23,22,21,16,15,36,,,,9,10,3,4,0.4,0.5
2024-06-23T0600,3537A,105.3631,27.3533,毕节市,长征村,,25,25,24,16,16,64,,,,7,9,7,6,0.5,0.5
2024-06-23T0600,1629A,118.0018,37.3617,滨州市,第二水厂,颗粒物(PM10),70,90,62,31,36,74,,,,24,12,4,3,0.5,0.5
2024-06-23T0600,1630A,117.9776,37.393,滨州市,北中新校,颗粒物(PM10),59,68,62,34,32,56,,,,20,10,3,2,0.5,0.5
2024-06-23T0600,3514A,117.9378,37.3956,滨州市,中海酒店,颗粒物(PM10),57,63,57,36,35,75,,,,25,12,4,4,0.4,0.4
2024-06-23T0600,3515A,117.9378,37.3553,滨州市,开发区一中,颗粒物(PM10),71,92,68,31,34,85,,,,20,12,8,7,0.6,0.7
2024-06-23T0600,3516A,118.0917,37.694,滨州市,金海六路,颗粒物(PM10),78,105,68,31,30,48,,,,72,18,10,6,0.5,0.5
2024-06-23T0600,4028A,117.9956,37.3753,滨州市,滨州市西街道办事处,颗粒物(PM10),67,83,59,39,39,74,,,,26,12,3,2,1.0,0.7
2024-06-23T0600,2311A,115.8072,33.8399,亳州市,污水处理厂,,48,36,30,33,30,68,,,,16,7,3,3,0.8,0.7
2024-06-23T0600,2312A,115.7789,33.8518,亳州市,三国揽胜宫,,38,38,35,24,24,68,,,,10,7,2,2,0.7,0.7
2024-06-23T0600,3332A,115.7633,33.8034,亳州市,亳州学院,,48,39,31,33,27,65,,,,14,8,4,4,0.6,0.6
2024-06-23T0600,2693A,82.0485,44.8556,博尔塔拉蒙古自治州,市党校,,29,29,31,14,11,68,,,,11,10,11,11,0.4,0.4
2024-06-23T0600,2694A,82.0806,44.8969,博尔塔拉蒙古自治州,市环保局,,32,32,40,14,13,79,,,,15,15,11,10,0.4,0.4
2024-06-23T0600,1071A,116.8842,38.2991,沧州市,沧县城建局,颗粒物(PM10),68,86,63,29,30,63,,,,36,21,3,2,0.5,0.6
2024-06-23T0600,1072A,116.8584,38.3254,沧州市,电视转播站,,45,45,58,17,27,24,,,,39,13,4,3,0.3,0.3
2024-06-23T0600,1073A,116.8709,38.3228,沧州市,市环保局,颗粒物(PM10),60,69,59,23,32,36,,,,45,18,1,5,0.3,0.3
2024-06-23T0600,3324A,116.8136,38.3004,沧州市,河北水利电力学院,颗粒物(PM10),60,70,57,24,35,41,,,,55,21,3,3,0.2,0.2
2024-06-23T0600,2622A,97.1806,31.1273,昌都市,昌都监测站,,17,,7,3,6,54,,,,4,5,6,8,0.3,0.4
2024-06-23T0600,3719A,97.1714,31.1406,昌都市,昌都会议中心,,20,6,9,3,5,63,,,,3,4,5,5,0.3,0.4
2024-06-23T0600,2690A,88.1236,43.8886,昌吉回族自治州,天山天池,,25,13,16,3,8,78,,,,6,7,6,6,0.5,0.5
2024-06-23T0600,2692A,87.2717,44.0297,昌吉回族自治州,新区政务中心,颗粒物(PM10),56,62,30,21,16,50,,,,36,18,11,11,0.6,0.5
2024-06-23T0600,3613A,87.3095,44.0142,昌吉回族自治州,亚心广场,颗粒物(PM10),62,73,48,19,10,45,,,,50,30,10,11,0.6,0.5
2024-06-23T0600,1119A,125.3325,43.9166,长春市,食品厂,,9,,90,6,23,26,,,,13,14,5,5,0.3,0.4
2024-06-23T0600,1120A,125.2863,43.9027,长春市,客车厂,,9,6,80,3,23,27,,,,10,10,2,2,0.2,0.3
2024-06-23T0600,1121A,125.2841,43.8463,长春市,邮电学院,,13,,87,9,21,27,,,,11,11,6,6,0.2,0.3
2024-06-23T0600,1122A,125.3716,43.8772,长春市,劳动公园,,10,9,88,3,17,32,,,,10,10,4,4,0.4,0.4
2024-06-23T0600,1123A,125.3297,43.8805,长春市,园林处,,10,6,78,6,21,29,,,,10,10,4,4,0.3,0.4
2024-06-23T0600,1124A,125.4605,43.79,长春市,净月潭,,12,9,83,8,20,29,,,,7,8,4,4,0.3,0.4
2024-06-23T0600,1125A,125.7194,43.515,长春市,甩湾子,,,,,,,,,,,,,,,,
2024-06-23T0600,1126A,125.3863,43.8447,长春市,经开区环卫处,,12,,85,8,18,33,,,,10,11,4,4,0.2,0.3
2024-06-23T0600,1127A,125.245,43.7783,长春市,高新区管委会,,12,8,88,8,21,28,,,,9,7,5,5,0.2,0.3
2024-06-23T0600,1128A,125.1761,43.8325,长春市,岱山公园,,9,,78,6,22,28,,,,10,8,3,3,0.3,0.3
2024-06-23T0600,1335A,113.0833,28.2325,长沙市,经开区环保局,细颗粒物(PM2.5),59,,21,42,20,6,,,,25,20,4,4,0.8,0.6
2024-06-23T0600,1336A,112.8872,28.2189,长沙市,高开区环保局,,18,18,25,8,13,23,,,,16,12,5,5,0.7,0.6
2024-06-23T0600,1337A,113.0792,28.2053,长沙市,马坡岭,,27,27,29,16,17,11,,,,26,18,6,7,0.7,0.7
2024-06-23T0600,1338A,112.9394,28.19,长沙市,湖南师范大学,,25,25,30,16,16,12,,,,17,13,4,5,0.8,0.8
2024-06-23T0600,1339A,113.0178,28.1322,长沙市,雨花区环保局,,21,21,26,10,11,9,,,,25,9,2,3,0.7,0.6
2024-06-23T0600,1340A,112.9792,28.2597,长沙市,伍家岭,,39,39,29,11,19,13,,,,17,18,4,5,0.5,0.5
2024-06-23T0600,1341A,113.0014,28.1944,长沙市,火车新站,,21,21,28,12,12,14,,,,25,14,2,3,0.7,0.7
2024-06-23T0600,1342A,112.9844,28.1178,长沙市,天心区环保局,,27,27,28,12,16,0,,,,20,14,3,3,0.9,1
2024-06-23T0600,1343A,112.8908,28.1308,长沙市,湖南中医药大学,,20,20,24,8,12,12,,,,16,10,7,7,0.8,0.8
2024-06-23T0600,1344A,112.9581,28.3611,长沙市,沙坪,,16,16,20,3,10,28,,,,9,11,5,5,0.4,0.5
2024-06-23T0600,1727A,113.1147,36.1547,长治市,清华站,颗粒物(PM10),57,64,62,24,25,31,,,,32,22,9,11,0.3,0.4
2024-06-23T0600,1728A,113.1031,36.1989,长治市,监测站,颗粒物(PM10),68,85,69,29,27,18,,,,45,29,6,7,0.8,0.5
2024-06-23T0600,1730A,113.0886,36.2125,长治市,审计局,颗粒物(PM10),53,56,60,14,23,53,,,,52,38,5,5,0.1,0.3
2024-06-23T0600,1731A,113.0844,36.1856,长治市,长治八中,颗粒物(PM10),66,81,80,22,26,18,,,,49,28,4,6,0.5,0.5
2024-06-23T0600,2845A,113.1569,36.1911,长治市,德盛苑,颗粒物(PM10),54,57,60,22,24,87,,,,17,15,9,12,0.4,0.6
2024-06-23T0600,3568A,113.06,36.0464,长治市,向阳小学,颗粒物(PM10),61,72,70,22,32,64,,,,24,19,7,5,0.5,0.6
2024-06-23T0600,3569A,112.8792,36.3144,长治市,屯留一中,颗粒物(PM10),52,54,51,25,25,73,,,,17,18,8,13,0.6,0.6
2024-06-23T0600,3570A,113.235,36.3489,长治市,潞城四中,颗粒物(PM10),66,82,92,31,29,29,,,,39,15,6,9,0.5,0.7
2024-06-23T0600,1854A,111.6975,28.9703,常德市,市二中,,12,11,9,3,4,38,,,,4,6,6,5,0.6,0.6
2024-06-23T0600,1857A,111.7158,29.1456,常德市,白鹤山,,,,,,,,,,,,,,,,
2024-06-23T0600,3138A,111.7153,29.0289,常德市,武陵区永安,,12,12,12,3,5,33,,,,3,6,6,6,0.4,0.4
2024-06-23T0600,3139A,111.6892,28.9881,常德市,鼎城区玉霞,,16,16,12,7,7,23,,,,10,8,3,3,0.5,0.5
2024-06-23T0600,3140A,111.6625,29.0531,常德市,武陵区长庚,,11,11,9,6,7,29,,,,5,8,6,7,0.5,0.5
2024-06-23T0600,1196A,119.9633,31.762,常州市,市监测站,,47,47,11,24,7,64,,,,13,9,6,5,1.1,0.9
2024-06-23T0600,1200A,119.9468,31.7069,常州市,武进监测站,,28,19,11,19,7,74,,,,1,3,3,4,0.8,0.8
2024-06-23T0600,1201A,119.9255,31.9087,常州市,安家,,50,50,18,32,10,60,,,,10,9,10,8,0.8,0.6
2024-06-23T0600,3002A,119.9805,31.8174,常州市,行政中心,,40,40,17,22,7,63,,,,7,8,11,9,0.8,0.6
2024-06-23T0600,3003A,120.0522,31.7748,常州市,经开区,,37,37,13,23,8,63,,,,8,7,5,3,0.5,0.4
2024-06-23T0600,3010A,119.9025,31.7964,常州市,钟楼,,43,36,13,30,7,53,,,,9,4,3,4,1.1,0.9
2024-06-23T0600,3429A,119.8598,31.7066,常州市,武进经发区,,26,26,9,18,6,71,,,,5,4,7,7,0.4,0.4
2024-06-23T0600,3430A,119.5826,31.7245,常州市,金坛城区,,24,21,10,15,7,75,,,,4,2,5,4,1.0,0.7
2024-06-23T0600,2220A,120.4318,41.5881,朝阳市,西梁,颗粒物(PM10),90,130,182,52,51,42,,,,11,12,6,7,0.4,0.7
2024-06-23T0600,2221A,120.4521,41.5646,朝阳市,河畔小区,颗粒物(PM10),91,132,176,43,48,43,,,,8,8,11,8,0.7,0.7
2024-06-23T0600,2222A,120.4176,41.5648,朝阳市,八里堡,颗粒物(PM10),91,132,183,45,45,51,,,,9,12,8,7,0.6,0.9
2024-06-23T0600,2223A,120.3806,41.5969,朝阳市,农业园区,颗粒物(PM10),102,154,209,65,61,18,,,,19,12,6,6,0.4,0.7
2024-06-23T0600,1705A,116.6367,23.6719,潮州市,西园路,,38,32,40,26,22,8,,,,11,13,4,4,0.4,0.4
2024-06-23T0600,3026A,116.6183,23.6608,潮州市,市政府,,35,35,40,23,22,17,,,,7,9,5,6,0.6,0.6
2024-06-23T0600,4036A,116.6461,23.6761,潮州市,金山,,42,42,43,24,25,3,,,,14,14,5,7,0.6,0.6
2024-06-23T0600,2472A,113.0073,25.9061,郴州市,马头岭,,30,30,34,11,10,55,,,,12,7,8,7,0.5,0.5
2024-06-23T0600,2473A,113.0116,25.8226,郴州市,市职中,,28,,17,19,13,65,,,,6,5,9,8,0.4,0.4
2024-06-23T0600,2474A,113.0161,25.8001,郴州市,兴隆步行街,,22,20,21,15,14,67,,,,4,5,8,8,0.5,0.5
2024-06-23T0600,2475A,113.0383,25.8071,郴州市,市审计局,,33,,16,23,15,65,,,,6,7,4,4,0.3,0.3
2024-06-23T0600,2476A,113.0348,25.7759,郴州市,市环保局,,32,32,21,20,18,68,,,,8,8,5,5,0.4,0.4
2024-06-23T0600,1431A,103.9728,30.7236,成都市,金泉两河,,32,32,29,16,11,10,,,,39,22,3,3,0.5,0.4
2024-06-23T0600,1432A,104.176,30.6872,成都市,十里店,,39,39,30,16,13,70,,,,23,25,5,4,0.6,0.5
2024-06-23T0600,1433A,104.079,30.5706,成都市,三瓦窑,,39,39,37,27,19,21,,,,46,29,4,4,0.5,0.4
2024-06-23T0600,1434A,104.1114,30.63,成都市,沙河铺,,31,31,32,19,14,72,,,,17,24,5,4,0.4,0.4
2024-06-23T0600,1437A,104.0786,30.6531,成都市,君平街,,34,34,41,13,16,57,,,,26,26,7,4,0.6,0.5
2024-06-23T0600,1438A,103.613,31.0283,成都市,灵岩寺,,,,,,,,,,,,,,,,
2024-06-23T0600,2880A,104.0239,30.65639,成都市,大石西路,,39,39,37,14,12,53,,,,27,24,8,5,0.7,0.6
2024-06-23T0600,3136A,104.2725,30.5589,成都市,龙泉驿区区政府,,30,14,16,9,8,96,,,,10,14,4,4,0.4,0.4
2024-06-23T0600,3357A,104.0106,30.6931,成都市,金博路,,45,38,31,31,14,42,,,,20,20,5,3,0.6,0.5
2024-06-23T0600,3359A,104.0578,30.5225,成都市,华阳,,32,29,29,22,18,75,,,,14,17,4,2,0.5,0.4
2024-06-23T0600,3487A,104.2394,30.5319,成都市,车城东七路,,29,29,25,15,11,57,,,,32,13,4,3,0.5,0.4
2024-06-23T0600,3488A,104.3853,30.7453,成都市,青白江技师分院,,28,28,21,10,6,73,,,,29,17,6,6,0.5,0.4
2024-06-23T0600,3489A,104.0789,30.4072,成都市,科学城,,29,29,24,16,11,74,,,,17,18,4,3,0.5,0.4
2024-06-23T0600,4011A,103.8506,30.6947,成都市,光华大道三段,,49,49,30,10,12,26,,,,35,14,7,4,0.7,0.5
2024-06-23T0600,1062A,117.9531,40.9081,承德市,铁路,颗粒物(PM10),189,327,180,98,47,50,,,,18,13,6,6,0.2,0.3
2024-06-23T0600,1063A,117.9392,40.9763,承德市,中国银行,颗粒物(PM10),161,271,185,76,47,34,,,,20,14,6,8,0.3,0.2
2024-06-23T0600,1064A,117.9503,40.928,承德市,开发区,颗粒物(PM10),176,301,167,69,39,59,,,,11,14,6,8,0.2,0.3
2024-06-23T0600,1065A,117.8051,40.9655,承德市,文化中心,颗粒物(PM10),156,261,215,72,48,36,,,,23,18,8,14,0.2,0.3
2024-06-23T0600,1066A,117.9268,41.0026,承德市,离宫,颗粒物(PM10),135,220,156,70,43,34,,,,6,7,3,6,0.2,0.3
2024-06-23T0600,2314A,117.47,30.6618,池州市,池州学院,,29,15,12,9,8,92,,,,6,7,5,5,0.5,0.5
2024-06-23T0600,3237A,117.4918,30.6617,池州市,展览馆,,30,13,11,12,8,95,,,,3,6,3,3,0.6,0.6
2024-06-23T0600,3333A,117.5627,30.695,池州市,第八中学,,29,11,9,6,5,92,,,,2,6,2,2,0.5,0.5
2024-06-23T0600,3334A,117.5038,30.6243,池州市,第十二中学,,27,13,8,6,5,85,,,,5,8,4,4,0.4,0.4
2024-06-23T0600,1744A,118.9233,42.2816,赤峰市,松山一中,颗粒物(PM10),84,117,223,28,51,46,,,,16,16,11,10,0.5,0.5
2024-06-23T0600,1745A,118.9576,42.2728,赤峰市,哈达街,颗粒物(PM10),80,109,261,46,69,50,,,,6,12,11,11,0.5,0.5
2024-06-23T0600,1746A,118.8788,42.2554,赤峰市,天义路,颗粒物(PM10),85,120,236,25,49,58,,,,14,17,6,6,0.2,0.3
2024-06-23T0600,3058A,119.2658,42.0353,赤峰市,银河街,颗粒物(PM10),67,83,349,20,84,53,,,,10,15,10,12,0.3,0.4
2024-06-23T0600,3286A,118.9359,42.3147,赤峰市,桥北物流园区,颗粒物(PM10),94,138,266,36,88,45,,,,8,15,5,6,0.7,0.6
2024-06-23T0600,2521A,107.3476,22.4136,崇左市,市环保局江州分局,,26,26,29,12,15,10,,,,15,10,5,5,0.8,0.8
2024-06-23T0600,2522A,107.3702,22.3707,崇左市,城南新区,,21,21,24,12,13,8,,,,15,9,2,2,0.6,0.6
2024-06-23T0600,2298A,118.3093,32.3153,滁州市,老年大学,,35,35,24,23,20,68,,,,12,6,11,12,0.6,0.6
2024-06-23T0600,2299A,118.3244,32.2786,滁州市,人大宾馆,,35,,16,24,28,67,,,,16,11,6,5,0.6,0.7
2024-06-23T0600,3207A,118.3118,32.3038,滁州市,市政府原办公楼,,,,,,,,,,,,,,,,
2024-06-23T0600,3331A,118.3267,32.2634,滁州市,图书馆,,38,29,26,26,29,54,,,,14,6,7,7,0.5,0.5
2024-06-23T0600,2605A,101.5482,25.0441,楚雄彝族自治州,州环境监测站,,15,7,12,6,9,46,,,,4,5,2,2,0.5,0.5
2024-06-23T0600,2606A,101.538,25.0492,楚雄彝族自治州,市经济开发区,,14,7,17,3,9,44,,,,4,7,4,4,0.5,0.5
2024-06-23T0600,2548A,107.5277,31.2827,达州市,达州职业技术学院,,36,36,36,9,9,2,,,,21,25,6,7,0.3,0.3
2024-06-23T0600,2549A,107.5086,31.2186,达州市,市环境监测站,,33,33,34,3,8,4,,,,24,30,9,8,0.6,0.6
2024-06-23T0600,2550A,107.4988,31.2132,达州市,凤凰小区,,34,34,34,12,13,6,,,,24,27,11,9,0.5,0.6
2024-06-23T0600,2551A,107.5082,31.1986,达州市,达县机关宾馆,,30,29,36,21,17,10,,,,24,31,10,7,0.3,0.5
2024-06-23T0600,2552A,107.4644,31.2124,达州市,市政中心,,30,30,38,7,12,8,,,,23,26,10,9,0.6,0.6
2024-06-23T0600,2614A,100.1542,25.7054,大理白族自治州,大理市环境监测站,,19,,38,13,15,55,,,,4,7,5,5,0.5,0.5
2024-06-23T0600,2615A,100.2171,25.5811,大理白族自治州,大理古城,,26,,19,18,13,42,,,,6,8,5,6,0.5,0.7
2024-06-23T0600,1109A,121.612,38.9741,大连市,甘井子,,30,23,17,21,11,64,,,,21,16,2,2,0.4,0.5
2024-06-23T0600,1110A,121.565,38.9511,大连市,周水子,,32,30,17,22,12,64,,,,37,17,2,6,0.7,0.6
2024-06-23T0600,1111A,121.5637,38.8845,大连市,星海三站,,24,22,15,9,8,76,,,,5,7,6,7,0.5,0.5
2024-06-23T0600,1112A,121.6302,38.9117,大连市,青泥洼桥,,26,26,16,16,10,55,,,,12,9,7,8,0.7,0.7
2024-06-23T0600,1113A,121.6251,38.8638,大连市,傅家庄,,23,16,12,16,11,73,,,,6,6,7,7,0.4,0.4
2024-06-23T0600,1114A,121.5213,38.8661,大连市,七贤岭,,27,27,14,18,10,68,,,,12,10,4,5,0.4,0.4
2024-06-23T0600,1115A,121.2529,38.8061,大连市,旅顺,颗粒物(PM10),54,57,12,27,10,98,,,,11,8,7,7,0.4,0.3
2024-06-23T0600,1116A,121.7485,39.1311,大连市,金州,,36,25,15,25,20,80,,,,12,9,7,7,0.5,0.5
2024-06-23T0600,1117A,121.7811,39.0496,大连市,开发区,,33,,18,23,12,62,,,,23,9,8,7,0.5,0.4
2024-06-23T0600,1118A,121.9762,39.0631,大连市,双D港,,19,9,14,8,11,60,,,,11,9,6,6,0.5,0.6
2024-06-23T0600,1789A,124.81117,46.03138,大庆市,大同区,,19,,9,13,11,34,,,,7,5,5,5,0.2,0.2
2024-06-23T0600,1790A,125.129,46.533,大庆市,龙凤区,,18,18,15,10,15,35,,,,6,6,7,6,0.2,0.2
2024-06-23T0600,1791A,124.902,46.408,大庆市,红岗区,,22,,14,15,11,34,,,,6,5,5,5,0.2,0.2
2024-06-23T0600,1792A,125.153,46.586,大庆市,萨尔图区,,17,17,10,3,6,32,,,,3,3,6,6,0.2,0.2
2024-06-23T0600,1793A,124.9042,46.6215,大庆市,让胡路区,,13,13,24,3,8,35,,,,4,6,5,5,0.2,0.2
2024-06-23T0600,3481A,125.141,46.634,大庆市,萨区政府监测点,,15,15,15,8,5,30,,,,3,3,5,5,0.0,0
2024-06-23T0600,1721A,113.3819,40.1097,大同市,果树场,,,,,,,,,,,,,,,,
2024-06-23T0600,1723A,113.2994,40.0758,大同市,云冈宾馆,颗粒物(PM10),144,237,367,48,80,69,,,,9,12,6,6,0.4,0.3
2024-06-23T0600,1724A,113.3444,40.0917,大同市,大同大学,颗粒物(PM10),109,168,297,44,106,70,,,,6,10,8,9,0.2,0.2
2024-06-23T0600,1725A,113.2661,40.1269,大同市,安家小村,颗粒物(PM10),135,220,435,43,88,67,,,,5,8,10,11,0.3,0.3
2024-06-23T0600,1726A,113.2711,40.0844,大同市,教育学院,颗粒物(PM10),140,230,408,43,81,65,,,,10,15,8,9,0.4,0.4
2024-06-23T0600,3282A,113.3397,40.0597,大同市,大同市卫生学校,颗粒物(PM10),133,216,360,72,99,70,,,,8,13,8,9,0.2,0.2
2024-06-23T0600,3565A,113.1367,40.1122,大同市,云冈站,颗粒物(PM10),129,207,372,53,85,56,,,,6,10,9,9,0.3,0.2
2024-06-23T0600,3566A,113.1186,40.2556,大同市,图书馆,颗粒物(PM10),124,198,404,57,106,64,,,,9,8,6,6,0.3,0.3
2024-06-23T0600,3567A,113.5931,40.0461,大同市,区一中,颗粒物(PM10),144,238,400,44,58,60,,,,10,14,8,8,0.6,0.4
2024-06-23T0600,3676A,113.2802,40.0995,大同市,第二人民医院,颗粒物(PM10),97,144,251,43,92,69,,,,7,10,7,9,0.3,0.3
2024-06-23T0600,2269A,124.1069,50.4097,大兴安岭地区,科技局,,15,11,15,10,11,27,,,,4,5,8,8,0.3,0.3
2024-06-23T0600,3663A,124.1164,50.4278,大兴安岭地区,红旗社区,,22,,6,15,8,20,,,,8,6,6,6,0.4,0.4
2024-06-23T0600,1600A,124.3303,40.0625,丹东市,江湾东路,,36,35,29,25,23,49,,,,16,10,4,5,0.5,0.5
2024-06-23T0600,1601A,124.4256,40.1503,丹东市,临江后街,,41,41,38,20,18,50,,,,11,8,16,9,1.0,0.7
2024-06-23T0600,1602A,124.3933,40.1461,丹东市,元宝山,,20,20,29,14,17,50,,,,9,12,6,7,1.0,1
2024-06-23T0600,1603A,124.3633,40.1092,丹东市,民主桥,,30,30,32,20,19,43,,,,19,9,5,5,0.6,0.6
2024-06-23T0600,3541A,109.5726,19.5167,儋州市,第一中学子站,,13,13,11,3,3,35,,,,2,1,4,4,0.6,0.5
2024-06-23T0600,3542A,109.5567,19.5187,儋州市,东坡学校子站,,11,10,9,3,4,35,,,,2,2,6,5,0.5,0.5
2024-06-23T0600,2616A,98.5842,24.428,德宏傣族景颇族自治州,德宏州监测站,,23,23,26,9,14,11,,,,12,12,8,12,0.8,0.7
2024-06-23T0600,3677A,98.5881,24.4368,德宏傣族景颇族自治州,芒市人民政府综合楼,,21,21,30,13,15,7,,,,9,11,5,10,0.8,0.8
2024-06-23T0600,1901A,104.4239,31.1208,德阳市,东山公园,,45,45,29,19,10,37,,,,21,10,4,4,0.5,0.4
2024-06-23T0600,1902A,104.3826,31.1317,德阳市,西小区,,45,45,28,25,14,18,,,,39,26,9,6,0.6,0.5
2024-06-23T0600,1904A,104.3553,31.1091,德阳市,耐火材料厂,,45,45,30,28,15,30,,,,25,18,12,7,0.6,0.5
2024-06-23T0600,3639A,104.4019,31.1244,德阳市,市教育局,,41,41,28,23,12,18,,,,42,26,7,6,0.6,0.5
2024-06-23T0600,1622A,116.3032,37.4674,德州市,儿童乐园,颗粒物(PM10),64,78,64,31,40,69,,,,33,14,8,8,0.7,0.7
2024-06-23T0600,1624A,116.2991,37.4451,德州市,监理站,颗粒物(PM10),60,70,63,34,39,83,,,,31,17,13,13,0.7,0.6
2024-06-23T0600,3066A,116.2721,37.4379,德州市,九衢泉纯净水厂,颗粒物(PM10),64,78,65,34,37,36,,,,61,22,5,6,0.8,0.7
2024-06-23T0600,3371A,116.3728,37.4403,德州市,开发区人民医院,颗粒物(PM10),64,78,70,24,35,91,,,,25,14,10,9,0.5,0.7
2024-06-23T0600,3372A,116.3572,37.4094,德州市,太阳城中学,颗粒物(PM10),67,83,64,34,34,77,,,,31,17,8,8,0.6,0.7
2024-06-23T0600,3511A,116.5652,37.3319,德州市,陵城艺术中心,颗粒物(PM10),64,78,64,39,36,76,,,,32,16,4,3,0.6,0.6
2024-06-23T0600,2621A,99.7056,27.8317,迪庆藏族自治州,迪庆州站,,19,15,20,13,10,36,,,,8,9,8,8,0.2,0.3
2024-06-23T0600,3180A,99.7136,27.8094,迪庆藏族自治州,质量技术监督局,,14,14,17,6,8,43,,,,7,8,8,8,0.3,0.3
2024-06-23T0600,2663A,104.6241,35.5734,定西市,东关小学,,37,37,42,15,15,47,,,,7,11,5,6,0.2,0.2
2024-06-23T0600,2664A,104.6194,35.5934,定西市,供电公司,,39,32,34,27,20,26,,,,24,16,3,3,0.2,0.2
2024-06-23T0600,1389A,113.7547,23.0494,东莞市,莞城梨川,,11,11,18,3,12,31,,,,10,15,8,8,0.6,0.6
2024-06-23T0600,1390A,113.7944,23.0128,东莞市,东城石井,,11,11,17,3,12,24,,,,8,15,2,3,0.4,0.4
2024-06-23T0600,1391A,113.7383,22.9658,东莞市,南城西平,,18,18,19,3,12,21,,,,16,13,3,3,0.6,0.6
2024-06-23T0600,3319A,113.7338,23.0381,东莞市,万江金泰,,10,10,19,3,12,28,,,,9,12,5,5,0.6,0.6
2024-06-23T0600,3626A,113.7533,23.0202,东莞市,南城元岭,,9,7,18,3,11,26,,,,10,13,6,7,0.5,0.5
2024-06-23T0600,3627A,113.7875,23.0457,东莞市,东城主山,,9,8,17,3,13,28,,,,6,11,8,8,0.5,0.6
2024-06-23T0600,1666A,118.6614,37.4309,东营市,市环保局,,48,48,46,19,30,125,,,,15,13,10,12,0.0,0.2
2024-06-23T0600,3036A,118.6904,37.4338,东营市,开发区管委会,,49,49,53,22,30,118,,,,18,15,9,10,0.2,0.3
2024-06-23T0600,3365A,118.5719,37.565,东营市,垦利区民丰路,颗粒物(PM10),59,68,58,31,37,101,,,,21,15,10,12,0.6,0.6
2024-06-23T0600,3498A,118.5055,37.8612,东营市,河口城区,颗粒物(PM10),59,68,46,37,31,94,,,,16,9,7,7,0.6,0.6
2024-06-23T0600,3646A,118.4978,37.4623,东营市,胜利站,颗粒物(PM10),63,76,54,36,35,97,,,,24,17,7,8,0.7,0.7
2024-06-23T0600,3734A,118.35,37.26,东营市,理想之城,颗粒物(PM10),54,58,59,27,34,90,,,,16,15,6,9,0.4,0.5
2024-06-23T0600,1591A,110.0023,39.8129,鄂尔多斯市,综合楼,颗粒物(PM10),68,85,203,27,54,57,,,,17,10,9,8,0.4,0.4
2024-06-23T0600,1592A,109.9486,39.8261,鄂尔多斯市,巴音孟克林场办事处,颗粒物(PM10),64,78,192,19,41,52,,,,18,11,5,5,0.4,0.3
2024-06-23T0600,1593A,109.7736,39.5986,鄂尔多斯市,康泽苑,颗粒物(PM10),56,61,154,24,43,64,,,,4,5,8,7,0.3,0.3
2024-06-23T0600,1594A,109.8119,39.5989,鄂尔多斯市,华泰汽车城,颗粒物(PM10),59,68,148,29,45,61,,,,4,6,8,8,0.4,0.3
2024-06-23T0600,1595A,109.9734,39.7884,鄂尔多斯市,奥林花园,颗粒物(PM10),62,73,187,19,42,60,,,,13,11,6,5,0.5,0.5
2024-06-23T0600,2436A,114.8938,30.3994,鄂州市,市政府,颗粒物(PM10),53,56,25,22,7,62,,,,11,10,7,4,0.6,0.6
2024-06-23T0600,2437A,114.8989,30.3714,鄂州市,赵家坝,,36,36,16,17,6,73,,,,6,7,6,6,0.6,0.6
2024-06-23T0600,3654A,114.8094,30.4089,鄂州市,精准医疗中心,,30,30,13,18,5,51,,,,11,9,6,5,0.5,0.4
2024-06-23T0600,2454A,109.4978,30.2981,恩施土家族苗族自治州,湖北民院,,31,31,24,11,9,10,,,,12,8,6,6,0.7,0.8
2024-06-23T0600,2455A,109.4707,30.2798,恩施土家族苗族自治州,州电力总公司,,26,26,19,7,11,13,,,,16,17,7,7,0.6,0.7
2024-06-23T0600,3549A,109.5061,30.3772,恩施土家族苗族自治州,龙凤新区,,26,26,19,10,9,7,,,,11,11,7,6,0.8,0.8
2024-06-23T0600,2499A,108.3411,21.6158,防城港市,沙万,,11,11,20,3,7,30,,,,13,21,6,9,0.6,0.8
2024-06-23T0600,2500A,108.3514,21.7731,防城港市,防城档案局,,17,17,21,6,10,16,,,,17,15,5,6,0.7,0.9
2024-06-23T0600,2501A,108.3506,21.6414,防城港市,大海花园,,10,9,16,3,7,31,,,,6,8,5,6,0.5,0.6
2024-06-23T0600,1371A,113.1294,23.0067,佛山市,湾梁,,13,,21,9,15,21,,,,17,13,8,8,0.6,0.6
2024-06-23T0600,1372A,113.1083,23.0478,佛山市,华材职中,,15,,19,10,16,25,,,,15,12,7,7,0.3,0.4
2024-06-23T0600,1373A,113.144,23.0453,佛山市,南海气象局,,20,20,34,8,18,24,,,,11,13,6,7,0.2,0.3
2024-06-23T0600,1374A,113.2881,22.8094,佛山市,顺德苏岗,,10,,17,3,14,23,,,,13,9,5,6,1.0,0.9
2024-06-23T0600,1376A,112.8383,22.8678,佛山市,高明孔堂,,20,20,23,3,13,13,,,,14,9,6,7,0.5,0.5
2024-06-23T0600,1377A,112.8836,23.1588,佛山市,三水监测站,,13,9,19,3,15,9,,,,25,14,6,5,0.8,0.7
2024-06-23T0600,1378A,112.867,23.185,佛山市,三水云东海,,13,7,19,7,14,3,,,,25,18,4,5,0.6,0.5
2024-06-23T0600,3625A,113.2544,22.7642,佛山市,容桂街道办,,13,,15,9,13,25,,,,17,13,6,6,0.3,0.4
2024-06-23T0600,1280A,119.3903,26.0543,福州市,鼓山,,,,,,,,,,,,,,,,
2024-06-23T0600,1282A,119.2681,26.0504,福州市,师大,,41,41,37,25,21,24,,,,19,12,5,4,0.3,0.3
2024-06-23T0600,1283A,119.2984,26.1028,福州市,五四北路,,39,36,39,27,21,30,,,,18,14,5,4,0.4,0.4
2024-06-23T0600,1284A,119.2648,26.0768,福州市,杨桥西路,,49,49,38,23,20,22,,,,20,13,4,4,0.4,0.4
2024-06-23T0600,1285A,119.317,26.0746,福州市,紫阳,,38,38,36,23,20,22,,,,13,8,3,2,0.4,0.4
2024-06-23T0600,3048A,119.5799,26.0936,福州市,九龙,,37,37,33,25,17,22,,,,18,10,8,6,0.3,0.3
2024-06-23T0600,3526A,119.5189,25.9664,福州市,吴航,,38,38,30,22,18,20,,,,12,8,6,5,0.4,0.4
2024-06-23T0600,1755A,123.7977,41.8491,抚顺市,望花区,颗粒物(PM10),93,135,51,51,22,68,,,,8,14,4,4,0.2,0.3
2024-06-23T0600,1756A,123.9161,41.8822,抚顺市,顺城区,颗粒物(PM10),99,148,48,56,22,70,,,,12,14,5,6,0.3,0.5
2024-06-23T0600,1757A,124.0436,41.8611,抚顺市,东洲区,颗粒物(PM10),91,132,52,48,18,56,,,,13,9,10,9,0.2,0.3
2024-06-23T0600,1758A,123.9247,41.8642,抚顺市,新抚区,颗粒物(PM10),94,137,43,62,23,64,,,,11,11,3,4,0.3,0.6
2024-06-23T0600,1759A,124.0972,41.8961,抚顺市,大伙房水库,颗粒物(PM10),84,117,37,50,18,44,,,,17,7,7,7,0.3,0.4
2024-06-23T0600,1760A,123.7086,41.8391,抚顺市,沈抚新城,颗粒物(PM10),88,125,40,56,22,61,,,,9,15,6,6,0.4,0.6
2024-06-23T0600,2376A,116.2127,28.0814,抚州市,桐源党溪,,32,32,28,21,17,49,,,,3,4,5,5,0.2,0.3
2024-06-23T0600,2377A,116.3544,27.9831,抚州市,市站,,28,28,25,18,15,38,,,,5,5,4,4,0.6,0.6
2024-06-23T0600,2378A,116.3565,27.963,抚州市,血防站,,32,31,29,22,17,35,,,,5,7,1,3,0.4,0.5
2024-06-23T0600,2379A,116.3564,28.0007,抚州市,采茶剧团,,35,28,26,24,15,37,,,,2,2,4,4,0.5,0.5
2024-06-23T0600,2380A,116.385,27.9647,抚州市,医学分院,,37,37,33,22,15,33,,,,7,7,6,5,0.4,0.3
2024-06-23T0600,2207A,121.6094,41.998,阜新市,工业园区,颗粒物(PM10),74,97,122,22,29,32,,,,20,13,4,6,0.6,0.8
2024-06-23T0600,2208A,121.6697,42.0279,阜新市,长青街,颗粒物(PM10),76,102,127,34,38,38,,,,8,10,5,7,0.5,0.7
2024-06-23T0600,2209A,121.6673,42.0705,阜新市,农业园区,颗粒物(PM10),80,109,138,36,51,45,,,,12,13,5,6,0.4,0.7
2024-06-23T0600,2210A,121.6717,42.0224,阜新市,东苑,颗粒物(PM10),76,101,129,26,32,48,,,,10,13,6,11,0.5,0.7
2024-06-23T0600,2211A,121.6506,42.0498,阜新市,玉龙新城,颗粒物(PM10),82,113,129,22,34,31,,,,14,12,4,4,0.6,0.7
2024-06-23T0600,2301A,115.8277,32.8929,阜阳市,市监测站,,31,24,27,17,23,97,,,,6,8,7,7,0.5,0.5
2024-06-23T0600,2303A,115.8554,32.8605,阜阳市,开发区,,31,30,30,13,17,97,,,,7,9,5,4,0.4,0.4
2024-06-23T0600,2875A,115.784,32.8892,阜阳市,阜阳职业技术学院,,32,18,25,14,18,101,,,,6,7,5,5,0.3,0.4
2024-06-23T0600,3468A,115.7901,32.8613,阜阳市,市规划展馆,,29,21,32,19,24,90,,,,7,8,2,2,0.5,0.6
2024-06-23T0600,3469A,115.836,32.9183,阜阳市,枣园社区,,30,18,33,18,23,95,,,,6,8,3,1,0.5,0.6
2024-06-23T0600,2669A,102.9099,34.9841,甘南藏族自治州,州政府,,40,40,27,18,16,38,,,,11,12,5,5,0.7,0.7
2024-06-23T0600,3380A,102.8914,34.9617,甘南藏族自治州,甘肃民族师范学院,,43,43,32,19,15,17,,,,20,19,3,3,0.6,0.6
2024-06-23T0600,2570A,101.9603,30.0475,甘孜藏族自治州,水桥子,,10,,9,7,5,10,,,,18,14,3,3,0.2,0.2
2024-06-23T0600,3065A,101.9533,29.9972,甘孜藏族自治州,州环保局,,18,18,12,3,4,5,,,,27,21,2,2,0.2,0.2
2024-06-23T0600,3414A,115.8347,28.932,赣江新区,桑海产业园,,17,17,20,3,10,23,,,,23,17,9,11,0.4,0.4
2024-06-23T0600,2362A,114.9017,25.9149,赣州市,通天岩,,,,,,,,,,,,,,,,
2024-06-23T0600,2363A,114.9367,25.8664,赣州市,地委,,28,22,28,19,18,54,,,,10,8,13,11,0.8,0.8
2024-06-23T0600,2364A,114.9461,25.8481,赣州市,气象台,,29,22,29,20,18,50,,,,10,10,7,5,0.6,0.6
2024-06-23T0600,2365A,114.9322,25.8333,赣州市,市图书馆,,22,22,26,14,18,50,,,,6,7,4,10,0.7,0.7
2024-06-23T0600,2366A,114.8905,25.8471,赣州市,华坚鞋城,,29,29,32,17,20,52,,,,7,7,12,13,0.4,0.5
2024-06-23T0600,3109A,115.0093,25.8613,赣州市,赣县区卫计委,,38,,32,26,20,59,,,,10,13,7,7,0.5,0.5
2024-06-23T0600,2683A,106.2319,36.1417,固原市,马园,,39,39,36,13,11,12,,,,55,34,9,8,0.4,0.4
2024-06-23T0600,2684A,106.2792,36.0022,固原市,监测站,,31,31,35,7,10,60,,,,20,16,6,6,0.3,0.2
2024-06-23T0600,2685A,106.2375,36.0211,固原市,新区,,27,27,33,13,11,23,,,,34,22,6,6,0.3,0.2
2024-06-23T0600,3522A,106.2177,35.9959,固原市,原州区十五小,,31,31,32,11,11,77,,,,18,13,5,6,0.3,0.3
2024-06-23T0600,2543A,106.6308,30.5278,广安市,小平旧居,,,,,,,,,,,,,,,,
2024-06-23T0600,2544A,106.6303,30.4576,广安市,市委,颗粒物(PM10),52,54,50,34,28,38,,,,16,17,9,10,0.5,0.6
2024-06-23T0600,2545A,106.6271,30.4663,广安市,友谊中学,,,,32,22,22,34,,,,16,20,7,9,0.6,0.7
2024-06-23T0600,2547A,106.6388,30.4551,广安市,广电花园,,37,37,37,23,22,27,,,,16,16,10,12,0.6,0.6
2024-06-23T0600,2902A,106.6351,30.4865,广安市,北辰小学,,43,43,40,29,24,32,,,,19,16,11,13,0.6,0.5
2024-06-23T0600,2523A,105.8945,32.4535,广元市,黑石坡,,21,14,19,10,8,65,,,,8,10,16,16,0.2,0.3
2024-06-23T0600,2524A,105.821,32.4444,广元市,老城,,34,34,28,10,9,27,,,,31,30,6,7,0.3,0.3
2024-06-23T0600,2526A,105.8628,32.4287,广元市,监测站,,33,33,24,16,10,39,,,,16,15,6,8,0.5,0.5
2024-06-23T0600,3617A,105.8047,32.4166,广元市,经开区,颗粒物(PM10),53,55,43,23,17,17,,,,32,23,7,9,0.4,0.4
2024-06-23T0600,1345A,113.2347,23.1423,广州市,广雅中学,,10,10,22,3,15,29,,,,16,17,4,4,0.7,0.7
2024-06-23T0600,1346A,113.2612,23.105,广州市,市五中,,10,10,22,3,17,29,,,,14,12,4,4,0.5,0.6
2024-06-23T0600,1348A,113.3478,23.0916,广州市,广东商学院,,14,10,23,3,15,14,,,,28,18,4,4,0.4,0.4
2024-06-23T0600,1349A,113.4332,23.1047,广州市,市八十六中,,13,7,20,3,13,26,,,,25,27,3,4,0.6,0.6
2024-06-23T0600,1350A,113.3505,22.9483,广州市,番禺中学,,13,10,22,3,13,17,,,,26,16,6,6,0.5,0.5
2024-06-23T0600,1351A,113.2146,23.3916,广州市,花都师范,,26,26,29,11,18,4,,,,36,19,7,6,0.6,0.6
2024-06-23T0600,1352A,113.2597,23.1331,广州市,市监测站,,11,11,24,3,16,27,,,,13,13,4,4,0.4,0.5
2024-06-23T0600,1353A,113.5618,23.312,广州市,九龙镇镇龙,,21,21,36,11,20,8,,,,21,22,6,7,0.5,0.5
2024-06-23T0600,1354A,113.2765,23.1544,广州市,麓湖,,10,10,23,3,15,25,,,,14,14,3,3,0.5,0.5
2024-06-23T0600,1355A,113.443,23.3035,广州市,帽峰山森林公园,,14,14,20,9,15,9,,,,25,19,4,5,0.6,0.6
2024-06-23T0600,2846A,113.3221,23.1322,广州市,体育西,,13,13,25,6,18,14,,,,16,8,4,4,0.4,0.4
2024-06-23T0600,3298A,113.5717,23.5491,广州市,从化街口,,18,18,28,9,20,5,,,,21,14,8,8,0.5,0.5
2024-06-23T0600,3299A,113.3472,23.3692,广州市,白云竹料,,27,27,30,14,18,4,,,,29,24,4,5,0.7,0.6
2024-06-23T0600,3300A,113.2981,23.237,广州市,白云嘉禾,,15,13,27,3,17,16,,,,29,24,6,6,0.6,0.6
2024-06-23T0600,3301A,113.4256,23.1716,广州市,黄埔科学城,,12,9,23,3,18,19,,,,24,22,6,6,0.6,0.6
2024-06-23T0600,3302A,113.3942,23.0483,广州市,番禺大学城,,17,17,27,3,13,20,,,,18,14,4,4,0.6,0.6
2024-06-23T0600,3303A,113.4922,22.8168,广州市,南沙黄阁,,13,6,24,3,12,41,,,,5,10,5,5,0.5,0.5
2024-06-23T0600,3304A,113.5342,22.7896,广州市,南沙街,,8,6,23,3,12,24,,,,8,13,7,7,0.5,0.5
2024-06-23T0600,3443A,113.2902,23.5544,广州市,花都梯面,,24,24,26,8,17,2,,,,18,18,4,4,0.6,0.5
2024-06-23T0600,3445A,113.7858,23.7478,广州市,从化良口,,14,14,22,9,17,11,,,,11,10,5,5,0.6,0.6
2024-06-23T0600,3446A,113.8051,23.2614,广州市,增城荔城,,17,17,30,9,20,20,,,,11,13,5,6,0.4,0.4
2024-06-23T0600,2505A,109.568,23.1478,贵港市,德智高中,,,,,,,,,,,,,,,,
2024-06-23T0600,2506A,109.6047,23.0666,贵港市,江南子站,颗粒物(PM10),63,75,27,22,15,4,,,,30,11,17,10,0.7,0.5
2024-06-23T0600,2507A,109.6014,23.0948,贵港市,贵城子站,,30,30,32,12,15,15,,,,14,12,18,12,0.8,0.6
2024-06-23T0600,2508A,109.5669,23.1065,贵港市,荷城子站,,22,22,20,3,3,23,,,,9,6,15,12,0.4,0.4
2024-06-23T0600,3405A,109.5886,23.1172,贵港市,新世纪学校,,22,22,26,8,11,20,,,,11,10,16,15,0.6,0.7
2024-06-23T0600,1439A,106.6899,26.5998,贵阳市,马鞍山,,14,14,8,3,3,17,,,,10,13,5,21,0.5,0.5
2024-06-23T0600,1440A,106.6971,26.5694,贵阳市,市环保站,,40,29,15,28,15,28,,,,17,25,4,4,0.4,0.4
2024-06-23T0600,1441A,106.6243,26.6266,贵阳市,鉴湖路,,20,14,10,14,6,29,,,,7,9,2,4,0.4,0.5
2024-06-23T0600,1442A,106.7487,26.6343,贵阳市,燕子冲,,22,22,10,12,6,14,,,,13,13,6,5,0.7,0.7
2024-06-23T0600,1443A,106.6555,26.4365,贵阳市,碧云窝,,22,22,16,7,3,24,,,,15,15,4,6,0.6,0.5
2024-06-23T0600,1444A,106.694,26.5161,贵阳市,中院村,,27,27,16,14,7,17,,,,30,26,4,4,0.7,0.6
2024-06-23T0600,1445A,106.7109,26.6027,贵阳市,红边门,,39,27,17,27,16,20,,,,19,20,5,5,0.8,0.8
2024-06-23T0600,1446A,106.7164,26.5699,贵阳市,新华路,,25,22,10,17,12,27,,,,15,21,6,5,0.6,0.6
2024-06-23T0600,1447A,106.674,26.5424,贵阳市,太慈桥,,13,12,7,9,5,12,,,,10,14,4,4,0.3,0.4
2024-06-23T0600,1552A,106.805,26.3003,贵阳市,桐木岭,,,,,,,,,,,,,,,,
2024-06-23T0600,1862A,110.4144,25.3167,桂林市,电子科大尧山校区,,33,33,24,19,15,4,,,,6,5,7,4,0.4,0.4
2024-06-23T0600,1863A,110.2819,25.2697,桂林市,监测站,细颗粒物(PM2.5),57,,30,40,57,27,,,,14,11,9,7,0.3,0.4
2024-06-23T0600,1864A,110.3089,25.2708,桂林市,龙隐路小学,,21,21,24,14,12,21,,,,10,8,5,5,0.4,0.4
2024-06-23T0600,1865A,110.2869,25.2178,桂林市,八中,,24,24,21,10,7,22,,,,12,9,5,6,0.4,0.3
2024-06-23T0600,3403A,110.1764,25.2381,桂林市,创业大厦,,24,24,16,14,11,4,,,,23,11,7,7,0.5,0.5
2024-06-23T0600,3531A,110.296,25.1253,桂林市,旅游学院,,10,9,12,7,9,21,,,,10,7,7,9,0.3,0.3
2024-06-23T0600,2674A,100.2561,34.4714,果洛藏族自治州,玛沁县大武镇,,22,,12,11,9,68,,,,10,13,6,8,0.4,0.4
2024-06-23T0600,1129A,126.5422,45.755,哈尔滨市,岭北,,15,6,2,3,2,48,,,,5,11,10,16,0.4,0.3
2024-06-23T0600,1130A,126.561,45.8167,哈尔滨市,松北商大,,10,7,6,3,2,31,,,,8,9,5,5,0.4,0.4
2024-06-23T0600,1131A,126.979,45.5419,哈尔滨市,阿城会宁,,10,6,6,3,2,30,,,,8,10,7,7,0.4,0.4
2024-06-23T0600,1132A,126.599,45.7222,哈尔滨市,南岗学府路,,13,9,10,3,2,40,,,,5,8,7,8,0.5,0.5
2024-06-23T0600,1133A,126.689,45.7733,哈尔滨市,太平宏伟公园,,11,6,6,3,3,34,,,,14,15,5,4,0.4,0.3
2024-06-23T0600,1134A,126.635,45.7667,哈尔滨市,道外承德广场,,10,,9,3,1,30,,,,17,17,7,7,0.5,0.5
2024-06-23T0600,1135A,126.685,45.7319,哈尔滨市,香坊红旗大街,,13,9,7,3,3,39,,,,7,9,2,3,0.4,0.4
2024-06-23T0600,1136A,126.6411,45.7258,哈尔滨市,动力和平路,,13,8,6,3,2,41,,,,9,11,6,6,0.3,0.4
2024-06-23T0600,1137A,126.593,45.7478,哈尔滨市,道里建国路,,12,6,8,3,3,38,,,,12,14,5,6,0.3,0.5
2024-06-23T0600,1138A,126.615,45.61,哈尔滨市,平房东轻厂,,15,6,9,3,4,47,,,,12,18,8,9,0.2,0.2
2024-06-23T0600,1139A,126.595,45.9855,哈尔滨市,呼兰师专,,12,8,10,3,2,37,,,,10,11,8,8,0.3,0.3
2024-06-23T0600,1140A,126.6206,45.6842,哈尔滨市,省农科院,,14,6,6,3,0,43,,,,11,12,6,6,0.3,0.3
2024-06-23T0600,2688A,93.5128,42.8172,哈密市,地区监测站,,32,,42,11,18,100,,,,2,22,5,4,0.1,0.2
2024-06-23T0600,2689A,93.4961,42.8328,哈密市,哈密师范学校,,36,8,49,3,16,113,,,,2,24,4,5,0.1,0.4
2024-06-23T0600,2671A,100.9048,36.9639,海北藏族自治州,海晏县西海镇,,28,,27,19,18,80,,,,9,10,15,13,0.4,0.4
2024-06-23T0600,3867A,102.0738,36.5056,海东市,平安区公安北苑,,21,21,32,11,14,58,,,,6,12,6,12,0.3,0.5
2024-06-23T0600,1409A,110.576,19.9507,海口市,东寨港,,,,,,,,,,,,,,,,
2024-06-23T0600,1410A,110.3232,20.0574,海口市,海南大学,,16,13,16,3,5,50,,,,5,6,4,4,0.4,0.4
2024-06-23T0600,1411A,110.283,20.0053,海口市,秀英海南医院,,16,11,14,3,6,49,,,,5,7,6,6,0.2,0.2
2024-06-23T0600,1412A,110.338,19.9969,海口市,海南师范大学,,16,10,14,3,6,50,,,,4,5,6,6,0.4,0.4
2024-06-23T0600,1413A,110.33,20.0356,海口市,龙华路环保局宿舍,,15,8,13,3,6,48,,,,5,6,7,6,0.3,0.2
2024-06-23T0600,3539A,110.5111,19.9736,海口市,桂林洋子站,,13,12,13,3,5,40,,,,5,3,6,6,0.3,0.2
2024-06-23T0600,2673A,100.6188,36.2866,海南藏族自治州,共和县恰卜恰镇,,23,15,17,8,7,73,,,,13,11,15,15,0.5,0.5
2024-06-23T0600,2676A,97.3731,37.3753,海西蒙古族藏族自治州,德令哈市,,39,17,17,7,11,124,,,,4,7,12,13,0.5,0.5
2024-06-23T0600,1048A,114.5302,36.6116,邯郸市,东污水处理厂,颗粒物(PM10),67,84,78,27,35,65,,,,27,17,8,3,1.1,0.6
2024-06-23T0600,1049A,114.4918,36.5713,邯郸市,矿院,颗粒物(PM10),65,80,58,29,28,40,,,,44,18,22,6,1.9,0.8
2024-06-23T0600,1050A,114.484,36.6133,邯郸市,丛台公园,颗粒物(PM10),77,104,65,33,30,38,,,,38,14,20,6,2.1,0.7
2024-06-23T0600,3458A,114.7895,36.5593,邯郸市,香泉濮院小区,颗粒物(PM10),75,100,80,32,30,68,,,,29,18,6,3,0.6,0.5
2024-06-23T0600,3579A,114.50634,36.77178,邯郸市,永年区实验高中,颗粒物(PM10),70,90,91,26,40,34,,,,37,20,10,3,1.7,0.9
2024-06-23T0600,3580A,114.20016,36.44293,邯郸市,峰峰矿区临水派出所,颗粒物(PM10),64,78,78,19,32,88,,,,6,14,11,14,0.3,1.1
2024-06-23T0600,2634A,106.9893,33.1842,汉中市,汉川机床厂子校,,15,12,21,9,11,46,,,,16,12,3,4,0.4,0.4
2024-06-23T0600,2635A,107.0154,33.0706,汉中市,市监测站,,36,36,36,19,14,44,,,,14,19,9,13,0.6,0.6
2024-06-23T0600,2636A,107.0089,33.1138,汉中市,鑫源开发区,,23,23,28,8,11,63,,,,19,17,18,12,0.6,0.5
2024-06-23T0600,2637A,107.007,33.0323,汉中市,南郑大河坎水厂,,27,27,30,12,16,37,,,,9,11,8,9,0.5,0.6
2024-06-23T0600,1223A,120.2072,30.2111,杭州市,滨江,,18,12,21,12,15,39,,,,6,11,3,3,0.5,0.6
2024-06-23T0600,1224A,120.0633,30.2747,杭州市,西溪,,14,10,20,8,11,42,,,,5,7,6,6,0.4,0.5
2024-06-23T0600,1226A,120.3461,30.3153,杭州市,下沙,,19,19,30,7,14,50,,,,2,13,4,5,0.4,0.4
2024-06-23T0600,1227A,120.1269,30.2456,杭州市,卧龙桥,,15,15,21,6,13,34,,,,3,4,4,4,0.6,0.6
2024-06-23T0600,1228A,120.1903,30.2692,杭州市,浙江农大,,12,10,19,8,12,38,,,,9,12,6,6,0.3,0.4
2024-06-23T0600,1230A,120.1197,30.3119,杭州市,和睦小学,,16,8,20,7,13,51,,,,4,9,3,4,0.4,0.5
2024-06-23T0600,1231A,120.3019,30.4183,杭州市,临平镇,,20,6,26,3,15,61,,,,4,16,4,4,0.5,0.6
2024-06-23T0600,1232A,120.2697,30.1819,杭州市,城厢镇,,23,18,25,16,17,38,,,,11,15,4,4,0.5,0.6
2024-06-23T0600,1233A,120.0883,30.1808,杭州市,云栖,,18,18,23,7,11,18,,,,6,8,6,6,0.4,0.5
2024-06-23T0600,3557A,119.9464,30.0494,杭州市,镇二中,,22,18,22,15,15,30,,,,10,12,5,6,0.7,0.7
2024-06-23T0600,3558A,119.7183,30.2367,杭州市,市府大楼,,12,7,18,3,12,37,,,,7,7,6,6,0.5,0.5
2024-06-23T0600,3656A,120.1556,30.2864,杭州市,消防大队,,14,,17,6,13,44,,,,11,11,5,6,0.8,0.8
2024-06-23T0600,1270A,117.1959,31.7848,合肥市,明珠广场,,28,27,21,19,18,48,,,,15,14,6,6,0.4,0.4
2024-06-23T0600,1271A,117.3072,31.8764,合肥市,三里街,,22,22,22,12,15,38,,,,31,18,6,5,0.5,0.5
2024-06-23T0600,1272A,117.2588,31.8707,合肥市,琥珀山庄,,29,29,26,9,14,47,,,,16,11,5,4,0.8,0.8
2024-06-23T0600,1273A,117.1604,31.9052,合肥市,董铺水库,,20,19,19,14,14,56,,,,7,6,1,1,0.3,0.4
2024-06-23T0600,1274A,117.25,31.8571,合肥市,长江中路,,29,29,27,18,19,46,,,,18,10,5,4,0.7,0.7
2024-06-23T0600,1275A,117.266,31.9436,合肥市,庐阳区,,34,34,25,17,17,51,,,,24,11,9,9,0.4,0.4
2024-06-23T0600,1276A,117.336,31.8586,合肥市,瑶海区,,29,29,23,17,16,21,,,,33,17,8,8,0.5,0.5
2024-06-23T0600,1277A,117.3027,31.7964,合肥市,包河区,,19,19,19,7,12,26,,,,31,17,5,5,0.5,0.5
2024-06-23T0600,1278A,117.2776,31.7385,合肥市,滨湖新区,,19,19,16,7,10,31,,,,26,21,7,7,0.5,0.5
2024-06-23T0600,1279A,117.1318,31.8403,合肥市,高新区,,20,19,20,14,16,56,,,,8,7,7,7,0.6,0.6
2024-06-23T0600,3464A,117.3803,31.9147,合肥市,高教基地,,22,19,23,15,15,31,,,,12,12,6,6,0.4,0.5
2024-06-23T0600,3614A,79.924,37.0877,和田地区,地区环保局,颗粒物(PM10),139,227,280,68,65,91,,,,2,3,7,6,0.4,0.4
2024-06-23T0600,3615A,79.9131,37.113,和田地区,市环保局,颗粒物(PM10),122,193,294,68,69,91,,,,1,6,6,6,0.6,0.6
2024-06-23T0600,2516A,108.2011,24.715,河池市,东仁乐园,,32,32,33,16,14,15,,,,6,6,5,7,0.7,0.7
2024-06-23T0600,2517A,108.0497,24.6947,河池市,市环保站,,19,19,24,12,13,14,,,,13,10,8,9,0.5,0.5
2024-06-23T0600,2518A,108.0983,24.6989,河池市,市疾控中心,,36,36,25,17,13,13,,,,14,14,8,8,0.5,0.5
2024-06-23T0600,1696A,114.6778,23.7569,河源市,源西,细颗粒物(PM2.5),87,,41,64,28,2,,,,21,12,4,4,0.5,0.5
2024-06-23T0600,1697A,114.6944,23.7586,河源市,东埔,,22,22,27,12,19,3,,,,22,13,7,7,0.6,0.5
2024-06-23T0600,1698A,114.6892,23.7233,河源市,老城,,29,29,32,10,16,2,,,,17,8,5,5,0.4,0.4
2024-06-23T0600,1718A,115.4208,35.2464,菏泽市,气象局,颗粒物(PM10),72,94,67,25,32,61,,,,30,17,6,5,0.3,0.4
2024-06-23T0600,1719A,115.4747,35.2375,菏泽市,市政协,颗粒物(PM10),70,90,60,30,34,55,,,,27,12,7,5,0.2,0.2
2024-06-23T0600,3374A,115.5564,35.0891,菏泽市,定陶老年大学,颗粒物(PM10),60,70,58,29,27,56,,,,25,18,3,3,0.2,0.3
2024-06-23T0600,3647A,115.4702,35.2706,菏泽市,菏泽医专,颗粒物(PM10),73,96,61,30,30,56,,,,32,14,9,4,0.5,0.5
2024-06-23T0600,2514A,111.5264,24.4172,贺州市,环保小区,,16,16,19,10,12,32,,,,7,8,9,8,0.6,0.6
2024-06-23T0600,2515A,111.5608,24.4078,贺州市,政协大楼,,26,26,24,10,12,34,,,,10,12,11,9,0.8,0.6
2024-06-23T0600,3534A,111.4744,24.4553,贺州市,西湾,,27,27,26,11,11,21,,,,15,15,9,8,0.5,0.5
2024-06-23T0600,2385A,114.17,35.9019,鹤壁市,市监测站,颗粒物(PM10),77,103,80,28,32,74,,,,19,13,8,7,0.5,0.7
2024-06-23T0600,2386A,114.2956,35.7511,鹤壁市,市交警支队,颗粒物(PM10),65,80,77,33,39,46,,,,31,16,7,8,0.4,0.8
2024-06-23T0600,2387A,114.2878,35.7306,鹤壁市,迎宾馆,颗粒物(PM10),63,76,75,35,42,60,,,,27,20,5,8,0.4,0.6
2024-06-23T0600,3474A,114.2617,35.6822,鹤壁市,大新区,颗粒物(PM10),63,76,74,19,25,46,,,,34,21,6,7,0.4,0.7
2024-06-23T0600,3596A,114.1572,35.9603,鹤壁市,南山宾馆,颗粒物(PM10),71,91,71,26,33,104,,,,6,7,11,9,0.6,0.8
2024-06-23T0600,2244A,130.2537,47.3416,鹤岗市,哈啤分公司,,18,18,16,7,7,31,,,,3,4,13,13,0.2,0.2
2024-06-23T0600,2245A,130.2684,47.3086,鹤岗市,斯达机电,,11,11,15,6,6,31,,,,5,7,12,12,0.3,0.2
2024-06-23T0600,2246A,130.3114,47.3388,鹤岗市,东山纸板厂,,13,,12,9,6,26,,,,6,5,14,15,0.3,0.3
2024-06-23T0600,2247A,130.1097,47.3382,鹤岗市,五号水库,,13,13,17,3,7,34,,,,5,4,9,9,0.4,0.4
2024-06-23T0600,2263A,127.4833,50.2524,黑河市,交通局,,30,30,21,9,11,18,,,,12,8,6,5,0.3,0.3
2024-06-23T0600,2264A,127.5144,50.2341,黑河市,环保局,,12,9,19,8,11,23,,,,11,9,5,4,0.3,0.2
2024-06-23T0600,2265A,127.5291,50.2472,黑河市,大黑河岛,,,,23,11,13,55,,,,5,10,4,4,,
2024-06-23T0600,1074A,115.6838,37.7541,衡水市,电机北厂,颗粒物(PM10),60,69,74,41,35,63,,,,31,11,4,5,0.3,0.3
2024-06-23T0600,1075A,115.6303,37.7316,衡水市,市监测站,颗粒物(PM10),60,69,73,28,30,61,,,,29,13,4,5,0.5,0.6
2024-06-23T0600,3188A,115.6683,37.7217,衡水市,市城管局,颗粒物(PM10),54,58,63,18,31,86,,,,23,11,6,4,0.4,0.3
2024-06-23T0600,3459A,115.5989,37.5491,衡水市,地表水厂,颗粒物(PM10),61,72,73,29,28,45,,,,26,17,11,8,0.4,0.3
2024-06-23T0600,2456A,112.5003,26.9167,衡阳市,原169医院,,23,23,23,10,14,25,,,,9,11,7,6,0.8,0.6
2024-06-23T0600,2457A,112.6194,26.9258,衡阳市,衡阳化工总厂,,,32,26,,,9,,,,14,9,11,14,0.5,0.5
2024-06-23T0600,2458A,112.6211,26.8956,衡阳市,珠晖区环保局,,,34,23,,,21,,,,14,8,46,16,0.7,0.5
2024-06-23T0600,2459A,112.6197,26.8733,衡阳市,市委党校,,35,35,24,12,10,20,,,,13,10,24,12,0.6,0.5
2024-06-23T0600,2460A,112.6006,26.8919,衡阳市,市监测站,,30,29,23,21,13,20,,,,14,9,42,17,0.6,0.4
2024-06-23T0600,2461A,112.5664,26.9056,衡阳市,真空机电公司,颗粒物(PM10),67,83,29,12,11,15,,,,17,9,26,14,1.1,0.7
2024-06-23T0600,3399A,112.6703,26.882,衡阳市,师范学院,,24,24,22,14,10,21,,,,7,8,8,9,0.6,0.5
2024-06-23T0600,2608A,103.3772,23.3993,红河哈尼族彝族自治州,污水处理厂,,21,21,15,11,10,36,,,,8,7,6,4,0.5,0.4
2024-06-23T0600,2609A,103.3861,23.35,红河哈尼族彝族自治州,监测站,,20,15,11,14,11,39,,,,7,7,4,6,0.4,0.5
2024-06-23T0600,3038A,103.3758,23.368,红河哈尼族彝族自治州,州图书馆,,17,17,14,3,7,46,,,,5,7,1,3,0.4,0.4
2024-06-23T0600,1090A,111.6507,40.7517,呼和浩特市,呼市一监,细颗粒物(PM2.5),289,,308,239,78,,,,,,3,5,5,0.2,0.2
2024-06-23T0600,1091A,111.6572,40.8033,呼和浩特市,小召,颗粒物(PM10),500,1011,322,192,78,66,,,,5,10,4,5,0.1,0.1
2024-06-23T0600,1094A,111.7516,40.8369,呼和浩特市,如意水处理厂,颗粒物(PM10),500,620,327,144,68,64,,,,5,5,4,4,0.2,0.1
2024-06-23T0600,1095A,111.7276,40.8062,呼和浩特市,二十九中,颗粒物(PM10),500,677,320,196,86,70,,,,5,7,2,2,0.2,0.2
2024-06-23T0600,1096A,111.5512,40.7866,呼和浩特市,工大金川校区,颗粒物(PM10),500,605,301,221,88,65,,,,5,6,5,4,0.3,0.3
2024-06-23T0600,1097A,111.717,40.7612,呼和浩特市,化肥厂生活区,颗粒物(PM10),500,648,342,185,78,74,,,,4,7,6,6,0.2,0.2
2024-06-23T0600,3698A,111.5968,40.8178,呼和浩特市,红旗小学,颗粒物(PM10),500,1147,360,225,93,60,,,,8,6,4,2,0.2,0.1
2024-06-23T0600,3699A,111.6518,40.8389,呼和浩特市,海东办,颗粒物(PM10),500,1023,379,223,103,68,,,,4,5,5,4,0.3,0.3
2024-06-23T0600,2192A,119.7594,49.2261,呼伦贝尔市,区环保局,,23,20,31,16,16,24,,,,24,11,4,4,0.4,0.4
2024-06-23T0600,3061A,119.7512,49.1577,呼伦贝尔市,国华电力东,,26,22,21,18,12,33,,,,11,6,5,4,0.3,0.3
2024-06-23T0600,1250A,120.0751,30.8669,湖州市,城西水厂,,19,19,19,10,8,48,,,,16,22,3,3,0.6,0.6
2024-06-23T0600,2873A,120.0875,30.8955,湖州市,仁皇山新区,,17,17,17,11,10,41,,,,21,25,5,5,0.7,0.6
2024-06-23T0600,2907A,120.1844,30.8596,湖州市,吴兴区站,,18,15,16,12,9,45,,,,9,12,5,5,0.6,0.6
2024-06-23T0600,3562A,120.4148,30.8538,湖州市,南浔区站,,23,20,20,16,14,50,,,,6,13,2,2,0.6,0.6
2024-06-23T0600,1607A,120.9092,40.7136,葫芦岛市,龙港区,颗粒物(PM10),106,161,88,47,35,38,,,,31,14,12,8,0.4,0.5
2024-06-23T0600,1608A,120.8392,40.7514,葫芦岛市,化工街,颗粒物(PM10),98,146,86,53,39,46,,,,26,16,11,8,0.7,1
2024-06-23T0600,1609A,120.8341,40.7073,葫芦岛市,新区,颗粒物(PM10),97,143,80,48,50,62,,,,18,12,6,4,0.5,0.7
2024-06-23T0600,1610A,120.8695,40.7677,葫芦岛市,东城区,颗粒物(PM10),95,140,73,42,44,69,,,,13,10,12,8,0.5,0.9
2024-06-23T0600,2482A,109.5981,27.5721,怀化市,林科所,,22,,14,7,7,68,,,,2,4,4,4,0.7,0.6
2024-06-23T0600,2483A,109.9453,27.5444,怀化市,河西地税局,,11,11,15,3,8,31,,,,5,5,1,6,0.5,0.6
2024-06-23T0600,2484A,109.9781,27.5342,怀化市,市四医院,,12,6,7,3,6,38,,,,9,10,3,4,0.4,0.5
2024-06-23T0600,2485A,109.9972,27.5578,怀化市,监测楼,,10,9,18,3,11,30,,,,7,7,5,6,0.6,0.6
2024-06-23T0600,2486A,110.0394,27.583,怀化市,市委党校,,10,7,14,7,12,30,,,,8,7,4,5,0.6,0.5
2024-06-23T0600,1210A,119.036,33.5981,淮安市,钵池山,细颗粒物(PM2.5),54,53,32,38,22,97,,,,15,13,10,7,1.6,0.8
2024-06-23T0600,1211A,119.007,33.575,淮安市,北京南路,细颗粒物(PM2.5),62,53,30,44,26,70,,,,23,14,13,7,2.5,0.8
2024-06-23T0600,1212A,118.989,33.6067,淮安市,市监测站,细颗粒物(PM2.5),58,48,32,41,26,87,,,,12,14,6,7,1.0,1
2024-06-23T0600,1213A,119.135,33.5039,淮安市,楚州区监测站,颗粒物(PM10),55,59,39,34,23,81,,,,14,18,4,4,0.6,0.5
2024-06-23T0600,1214A,119.0186,33.6297,淮安市,淮阴区监测站,颗粒物(PM10),53,56,32,35,25,96,,,,14,15,9,7,0.6,0.5
2024-06-23T0600,3426A,118.8755,33.2894,淮安市,新华书店,,36,27,23,25,21,85,,,,11,14,6,6,0.8,0.7
2024-06-23T0600,2282A,116.8004,33.975,淮北市,监测站,,49,49,48,23,27,74,,,,10,9,5,5,0.5,0.6
2024-06-23T0600,2283A,116.8091,33.9007,淮北市,烈山区政府,,38,38,49,19,28,58,,,,12,18,5,5,0.7,0.8
2024-06-23T0600,3330A,116.8873,33.9836,淮北市,杜集区检察院,细颗粒物(PM2.5),52,47,58,36,39,79,,,,12,12,6,6,0.5,0.6
2024-06-23T0600,4017A,116.7923,33.9535,淮北市,市博物馆,,39,39,46,24,27,76,,,,10,8,3,3,0.7,0.7
2024-06-23T0600,2277A,116.8305,32.7727,淮南市,潘集区政府,,25,25,30,16,21,68,,,,8,6,5,6,0.4,0.4
2024-06-23T0600,2278A,117.0067,32.6524,淮南市,师范学院,,,37,41,26,30,,,,,6,8,12,11,0.3,0.4
2024-06-23T0600,2279A,116.8569,32.5951,淮南市,谢家集区政府,,44,44,31,9,15,74,,,,6,7,5,5,0.3,0.3
2024-06-23T0600,2280A,116.8281,32.633,淮南市,八公山区政府,,39,39,42,24,32,78,,,,4,6,4,2,0.5,0.5
2024-06-23T0600,2281A,116.6325,32.6201,淮南市,焦岗湖风景区管理处,,29,29,37,7,12,24,,,,11,8,6,6,0.4,0.4
2024-06-23T0600,2894A,117.0566,32.6531,淮南市,经济技术开发区消防队,,25,21,25,15,17,79,,,,8,9,4,4,0.4,0.4
2024-06-23T0600,3329A,117.0108,32.5893,淮南市,山南新区,,31,31,36,8,25,66,,,,10,9,6,12,0.5,0.6
2024-06-23T0600,2446A,114.9028,30.4742,黄冈市,职工中心,,36,35,14,25,12,62,,,,10,10,7,7,0.2,0.3
2024-06-23T0600,2929A,114.8858,30.4519,黄冈市,红卫路,,44,44,17,30,13,54,,,,18,10,10,8,0.4,0.4
2024-06-23T0600,3398A,114.9136,30.4445,黄冈市,市林业局,,50,46,17,35,14,46,,,,18,9,9,6,0.4,0.5
2024-06-23T0600,2672A,102.0199,35.5102,黄南藏族自治州,同仁县隆务镇,,31,31,28,8,9,59,,,,1,2,9,8,0.2,0.4
2024-06-23T0600,2295A,118.2903,29.6963,黄山市,延安路89号,,34,34,37,7,7,29,,,,7,5,3,3,0.3,0.3
2024-06-23T0600,2296A,118.327,29.7178,黄山市,黄山东路89号,,12,10,20,8,8,33,,,,4,6,4,4,0.4,0.4
2024-06-23T0600,2297A,118.1371,30.2756,黄山市,黄山区政府5号楼,,17,17,18,8,7,51,,,,4,4,6,6,0.5,0.5
2024-06-23T0600,2423A,115.0601,30.2313,黄石市,沈家营,,44,44,26,11,7,116,,,,14,15,9,6,0.6,0.5
2024-06-23T0600,2424A,115.0817,30.2006,黄石市,陈家湾,,36,36,32,17,9,100,,,,14,10,5,4,1.1,0.5
2024-06-23T0600,2426A,114.8988,30.2019,黄石市,铁山,,40,40,19,18,6,92,,,,11,6,12,9,0.7,0.4
2024-06-23T0600,2427A,115.0307,30.2092,黄石市,团城山,,37,35,21,11,5,117,,,,6,8,8,7,0.6,0.4
2024-06-23T0600,3149A,115.0235,30.1578,黄石市,笔架山北路,,47,47,26,9,4,94,,,,8,7,6,5,1.0,0.6
2024-06-23T0600,1392A,114.4183,23.0528,惠州市,河南岸金山湖子站,,11,11,21,6,15,30,,,,3,5,4,4,0.3,0.3
2024-06-23T0600,1393A,114.4053,23.0822,惠州市,下埔横江三路子站,,12,12,23,8,16,32,,,,5,7,6,6,0.4,0.5
2024-06-23T0600,1394A,114.4103,23.1142,惠州市,江北云山西路子站,,32,,22,22,17,27,,,,4,4,8,8,0.5,0.5
2024-06-23T0600,1395A,114.4645,22.7833,惠州市,惠阳区承修路船湖子站,,12,12,17,7,13,28,,,,10,8,1,1,0.5,0.4
2024-06-23T0600,1396A,114.5317,22.7422,惠州市,大亚湾管委会子站,,16,16,18,3,11,39,,,,9,9,4,5,0.5,0.5
2024-06-23T0600,3314A,114.4338,22.8134,惠州市,惠阳秋长,,13,12,23,9,12,28,,,,8,5,4,4,0.6,0.5
2024-06-23T0600,3452A,114.6517,22.775,惠州市,大亚湾霞涌,,20,20,17,13,15,23,,,,8,4,3,3,0.4,0.4
2024-06-23T0600,2240A,130.9762,45.3001,鸡西市,环保局,,10,6,5,3,2,30,,,,1,4,6,6,0.4,0.5
2024-06-23T0600,2243A,130.9429,45.3039,鸡西市,第一中学,,8,6,5,3,3,23,,,,2,4,7,7,0.2,0.3
2024-06-23T0600,3707A,131.0207,45.3073,鸡西市,欧美日汽修厂,,9,6,6,3,3,27,,,,4,3,5,4,0.4,0.4
2024-06-23T0600,3709A,130.9967,45.3106,鸡西市,市政设施管理处,,6,6,4,3,2,19,,,,7,7,7,7,0.3,0.4
2024-06-23T0600,2367A,114.9754,27.0803,吉安市,红声器材厂,,44,44,35,30,20,48,,,,12,15,16,13,0.4,0.4
2024-06-23T0600,2368A,114.9658,27.0999,吉安市,市森林工业局,,43,42,34,30,21,45,,,,14,12,13,12,0.3,0.5
2024-06-23T0600,2369A,114.99,27.1312,吉安市,市环境监测站,,40,39,38,28,19,54,,,,8,9,14,12,0.6,0.7
2024-06-23T0600,2370A,115.0093,27.0968,吉安市,青原区法院,,41,41,34,23,19,53,,,,12,11,15,14,0.3,0.4
2024-06-23T0600,1772A,126.54,43.8622,吉林市,哈达湾,颗粒物(PM10),68,86,83,36,31,21,,,,23,15,7,7,0.6,0.6
2024-06-23T0600,1773A,126.5844,43.8358,吉林市,东局子,颗粒物(PM10),63,75,78,34,32,19,,,,20,17,5,5,0.5,0.6
2024-06-23T0600,1774A,126.5052,43.8245,吉林市,电力学院,颗粒物(PM10),62,74,79,27,30,22,,,,15,16,12,10,0.4,0.4
2024-06-23T0600,1775A,126.6133,43.8972,吉林市,江北,颗粒物(PM10),56,61,76,28,27,18,,,,19,18,7,8,0.5,0.6
2024-06-23T0600,1776A,126.555,43.8306,吉林市,江南公园,颗粒物(PM10),57,64,75,26,32,22,,,,25,19,5,5,0.6,0.7
2024-06-23T0600,1778A,126.7061,43.7133,吉林市,丰满,,,,,,,,,,,,,,,,
2024-06-23T0600,2868A,126.4739,43.953,吉林市,九站,,40,40,73,18,25,17,,,,19,19,8,9,0.5,0.6
2024-06-23T0600,1299A,116.9862,36.6114,济南市,科干所,颗粒物(PM10),62,73,56,37,34,99,,,,36,20,8,8,0.6,0.6
2024-06-23T0600,1300A,116.9376,36.665,济南市,农科所,颗粒物(PM10),66,81,57,34,27,71,,,,47,25,8,8,0.6,0.5
2024-06-23T0600,1301A,117.1265,36.6734,济南市,开发区,颗粒物(PM10),62,73,59,32,26,92,,,,48,25,9,8,0.7,0.6
2024-06-23T0600,1303A,117.0624,36.6868,济南市,省种子仓库,颗粒物(PM10),67,83,64,44,38,84,,,,44,27,8,7,0.8,0.7
2024-06-23T0600,1304A,116.9489,36.6447,济南市,机床二厂,颗粒物(PM10),58,66,59,34,26,89,,,,40,24,10,10,0.5,0.4
2024-06-23T0600,1305A,117.0495,36.663,济南市,市监测站,颗粒物(PM10),62,73,61,39,35,108,,,,34,24,15,13,0.6,0.5
2024-06-23T0600,1306A,116.7675,36.5484,济南市,长清党校,颗粒物(PM10),59,68,57,39,38,118,,,,23,13,9,9,0.7,0.7
2024-06-23T0600,1616A,117.6795,36.229,济南市,技术学院,细颗粒物(PM2.5),83,105,55,61,34,83,,,,42,19,15,9,1.5,0.9
2024-06-23T0600,1961A,117.532,36.6868,济南市,东山小学,颗粒物(PM10),56,61,57,29,35,84,,,,38,22,5,6,0.5,0.5
2024-06-23T0600,3059A,117.7161,36.2049,济南市,泰兴公司,细颗粒物(PM2.5),77,78,54,56,33,67,,,,42,31,14,9,1.2,0.8
2024-06-23T0600,3064A,117.6867,36.2171,济南市,莱芜战役纪念馆,细颗粒物(PM2.5),79,92,54,58,31,75,,,,33,18,14,9,1.4,0.8
2024-06-23T0600,3494A,117.1673,36.9782,济南市,济阳区政府,颗粒物(PM10),84,117,68,44,34,76,,,,43,17,7,10,0.4,0.4
2024-06-23T0600,3495A,117.1171,36.63,济南市,锦屏中学,"颗粒物(PM10),细颗粒物(PM2.5)",59,68,58,42,35,94,,,,30,20,10,10,0.7,0.7
2024-06-23T0600,3682A,116.9814,36.6819,济南市,济南四建,颗粒物(PM10),59,68,49,34,32,93,,,,39,17,9,8,0.8,0.7
2024-06-23T0600,1653A,116.6251,35.4302,济宁市,火炬城,细颗粒物(PM2.5),52,43,60,36,41,79,,,,19,15,12,10,0.8,0.8
2024-06-23T0600,1655A,116.5491,35.4042,济宁市,电化厂,颗粒物(PM10),66,82,65,36,44,76,,,,21,17,8,7,0.7,0.7
2024-06-23T0600,3500A,116.5814,35.3707,济宁市,北湖一中,细颗粒物(PM2.5),55,56,57,39,40,79,,,,19,14,9,7,0.7,0.7
2024-06-23T0600,3501A,116.8249,35.5593,济宁市,服务中心,"颗粒物(PM10),细颗粒物(PM2.5)",54,58,51,38,42,90,,,,18,15,6,4,0.6,0.6
2024-06-23T0600,3678A,116.5907,35.4054,济宁市,市第七中学,颗粒物(PM10),51,52,58,34,39,85,,,,22,14,7,5,0.7,0.7
2024-06-23T0600,2255A,130.2751,46.8028,佳木斯市,佳纺,,13,6,7,3,5,39,,,,5,6,5,5,0.4,0.4
2024-06-23T0600,2256A,130.3995,46.8307,佳木斯市,发电厂,,13,12,14,3,5,39,,,,3,5,7,8,0.4,0.4
2024-06-23T0600,2257A,130.3258,46.7975,佳木斯市,环保局,,11,8,10,3,6,35,,,,5,11,6,6,0.4,0.5
2024-06-23T0600,2258A,130.3648,46.8032,佳木斯市,十一中,,13,7,9,3,7,40,,,,4,8,6,6,0.3,0.4
2024-06-23T0600,2259A,130.3794,46.7588,佳木斯市,四丰,,9,8,7,3,4,26,,,,11,12,1,1,0.6,0.6
2024-06-23T0600,1252A,120.7436,30.778,嘉兴市,清河小学,,20,18,24,12,11,61,,,,11,16,4,4,0.8,0.6
2024-06-23T0600,1253A,120.726,30.7478,嘉兴市,嘉兴学院,,,,,13,12,49,,,,13,20,2,2,0.4,0.5
2024-06-23T0600,2872A,120.7846,30.7525,嘉兴市,南湖区残联,,24,18,23,13,15,74,,,,4,14,4,5,0.6,0.6
2024-06-23T0600,3407A,120.6916,30.7739,嘉兴市,秀洲住建,,23,23,32,13,16,50,,,,7,13,3,3,0.7,0.7
2024-06-23T0600,1945A,98.2908,39.7711,嘉峪关市,气象局,颗粒物(PM10),51,51,39,14,9,84,,,,6,9,4,6,0.3,0.2
2024-06-23T0600,2884A,98.2672,39.7978,嘉峪关市,酒钢宾馆,,48,48,40,14,14,94,,,,6,10,8,12,0.3,0.4
2024-06-23T0600,3248A,98.2643,39.7724,嘉峪关市,雄关区,,38,38,32,13,13,85,,,,6,10,7,8,0.4,0.4
2024-06-23T0600,1383A,113.1064,22.6058,江门市,北街,,12,12,20,6,12,30,,,,6,7,2,3,0.4,0.5
2024-06-23T0600,1384A,113.0731,22.5835,江门市,西区,,12,12,20,3,13,33,,,,7,7,6,7,0.3,0.4
2024-06-23T0600,1385A,113.0219,22.5311,江门市,圭峰西,,10,6,20,3,6,32,,,,2,3,2,3,0.5,0.5
2024-06-23T0600,1386A,113.0828,22.5947,江门市,东湖,,10,8,16,3,10,29,,,,6,8,6,7,0.3,0.4
2024-06-23T0600,3311A,113.1075,22.5647,江门市,江海富民,,25,21,34,17,18,34,,,,7,9,5,6,0.4,0.5
2024-06-23T0600,3449A,113.05,22.4667,江门市,新会银湖,,10,7,17,7,11,12,,,,16,7,3,5,0.5,0.5
2024-06-23T0600,1828A,113.227,35.2125,焦作市,市环保局,颗粒物(PM10),70,89,73,29,32,80,,,,22,15,19,10,0.4,0.4
2024-06-23T0600,1830A,113.1992,35.2590,焦作市,影视城,,,,,,,,,,,,,,,,
2024-06-23T0600,3169A,113.2725,35.2067,焦作市,太极体育中心,颗粒物(PM10),71,92,84,26,28,80,,,,21,14,46,11,0.5,0.4
2024-06-23T0600,3335A,113.3137,35.2641,焦作市,马村街道办,颗粒物(PM10),75,100,67,41,28,81,,,,21,13,23,10,1.1,0.6
2024-06-23T0600,3336A,113.2465,35.2373,焦作市,焦作技师学院,颗粒物(PM10),76,101,80,39,30,69,,,,29,18,22,9,1.2,0.8
2024-06-23T0600,3477A,113.1656,35.2539,焦作市,中站许衡医院,,,158,65,,24,72,,,,45,22,38,14,1.2,0.7
2024-06-23T0600,3981A,113.2449,35.1803,焦作市,原李万街道办,颗粒物(PM10),54,58,59,31,30,70,,,,23,16,8,8,0.6,0.5
2024-06-23T0600,1708A,116.3701,23.5345,揭阳市,新兴,颗粒物(PM10),55,59,38,27,21,10,,,,31,14,9,5,0.7,0.6
2024-06-23T0600,1709A,116.3264,23.5443,揭阳市,西马,,33,33,41,23,22,24,,,,17,14,3,3,0.7,0.6
2024-06-23T0600,1710A,116.3611,23.5626,揭阳市,东兴,,47,47,42,23,19,22,,,,14,10,4,2,0.7,0.7
2024-06-23T0600,1711A,116.4151,23.5294,揭阳市,渔湖,颗粒物(PM10),64,78,42,21,15,4,,,,31,17,4,4,0.7,0.5
2024-06-23T0600,3320A,116.403,23.5699,揭阳市,曲溪,,41,41,33,24,22,11,,,,26,14,6,4,0.6,0.5
2024-06-23T0600,1944A,102.1692,38.5167,金昌市,天庆家园,,36,36,29,17,11,60,,,,16,11,15,10,0.6,0.4
2024-06-23T0600,3170A,102.1864,38.5253,金昌市,市委党校,颗粒物(PM10),58,65,35,25,10,53,,,,19,12,13,11,0.5,0.5
2024-06-23T0600,4022A,102.1647,38.5371,金昌市,金川区人防中心,,27,27,30,14,10,74,,,,8,10,12,12,0.8,0.5
2024-06-23T0600,1262A,119.647,29.077,金华市,十五中,,34,34,34,14,16,4,,,,20,15,2,5,0.4,0.4
2024-06-23T0600,1263A,119.686,29.1029,金华市,监测站,,40,40,34,20,18,8,,,,19,15,4,5,0.4,0.5
2024-06-23T0600,3659A,119.656,29.1131,金华市,气象局,,35,34,31,24,15,5,,,,28,20,6,5,0.7,0.8
2024-06-23T0600,1767A,121.1115,41.0879,锦州市,南山,颗粒物(PM10),100,150,80,59,42,66,,,,10,11,9,7,0.5,0.8
2024-06-23T0600,1768A,121.0533,40.8434,锦州市,开发区,颗粒物(PM10),105,159,81,62,37,37,,,,23,17,33,13,1.1,0.9
2024-06-23T0600,1769A,121.1836,41.1119,锦州市,百股街道,颗粒物(PM10),99,147,79,66,45,43,,,,19,12,10,9,0.7,1
2024-06-23T0600,1770A,121.1178,41.1222,锦州市,天安街道,颗粒物(PM10),102,154,84,53,37,58,,,,13,14,5,5,0.6,0.9
2024-06-23T0600,1771A,121.1303,41.1386,锦州市,北湖公园,颗粒物(PM10),97,144,86,52,36,52,,,,15,11,12,7,0.5,0.8
2024-06-23T0600,2160A,112.85,35.5051,晋城市,自来水公司,颗粒物(PM10),60,69,69,22,28,47,,,,44,21,6,7,1.0,0.9
2024-06-23T0600,2161A,112.8318,35.4936,晋城市,白云商贸,颗粒物(PM10),53,56,62,14,22,72,,,,24,19,6,7,0.9,0.7
2024-06-23T0600,2162A,112.8508,35.4887,晋城市,市环保局,颗粒物(PM10),73,95,79,31,29,30,,,,61,25,5,6,0.9,0.8
2024-06-23T0600,2163A,112.8676,35.4897,晋城市,技术学院,颗粒物(PM10),55,59,75,29,32,46,,,,46,29,5,6,1.0,1
2024-06-23T0600,2165A,112.8453,35.546,晋城市,白马寺,,,,,,,,,,,,,,,,
2024-06-23T0600,3620A,112.8271,35.4828,晋城市,泽州一中,颗粒物(PM10),53,55,66,19,23,90,,,,19,19,7,7,0.8,0.8
2024-06-23T0600,2171A,112.7532,37.6945,晋中市,锦纶小区,颗粒物(PM10),63,75,94,19,23,20,,,,56,29,15,10,0.3,0.3
2024-06-23T0600,2173A,112.7249,37.7067,晋中市,南都小区,颗粒物(PM10),72,93,92,39,27,18,,,,58,28,19,10,0.5,0.4
2024-06-23T0600,2174A,112.6991,37.6982,晋中市,榆次区政府,颗粒物(PM10),71,92,98,34,27,19,,,,59,37,20,9,1.0,0.3
2024-06-23T0600,2865A,112.7195,37.6828,晋中市,榆次三中,颗粒物(PM10),71,92,105,12,22,14,,,,59,29,18,11,0.5,0.5
2024-06-23T0600,2439A,112.2014,31.0481,荆门市,竹园小学,,27,27,23,12,8,49,,,,14,10,10,10,0.5,0.5
2024-06-23T0600,2440A,112.1969,30.9891,荆门市,掇刀,,22,22,20,12,12,55,,,,13,10,5,5,0.7,0.6
2024-06-23T0600,2441A,112.2213,31.0386,荆门市,石化一小,,24,24,18,3,8,59,,,,16,9,10,15,0.5,0.5
2024-06-23T0600,3012A,112.1849,31.0362,荆门市,西山林语,,23,23,18,12,10,46,,,,13,8,7,8,0.5,0.4
2024-06-23T0600,3547A,112.1632,31.0138,荆门市,龙泉中学南校,,18,18,22,10,8,45,,,,14,13,9,9,0.5,0.5
2024-06-23T0600,1844A,112.2494,30.3197,荆州市,市图书馆,,22,,12,15,9,35,,,,14,13,5,6,0.7,0.7
2024-06-23T0600,1845A,112.2008,30.3544,荆州市,市委党校,,25,22,16,17,11,32,,,,14,10,5,5,0.7,0.7
2024-06-23T0600,3194A,112.2747,30.3122,荆州市,管委会,,28,,13,19,12,40,,,,12,11,4,4,0.6,0.6
2024-06-23T0600,3548A,112.1655,30.3364,荆州市,学苑路,,27,27,16,18,14,24,,,,26,14,7,7,0.4,0.5
2024-06-23T0600,2342A,117.3102,29.3867,景德镇市,王港中学,,,,,,,,,,,,,,,,
2024-06-23T0600,2343A,117.2117,29.2933,景德镇市,老干部活动中心,,35,35,30,23,22,9,,,,18,17,9,14,0.5,0.4
2024-06-23T0600,2344A,117.1894,29.2789,景德镇市,兽医站,,37,37,34,25,20,17,,,,16,18,12,14,0.5,0.4
2024-06-23T0600,2345A,117.1547,29.2617,景德镇市,台达陶瓷,,33,32,39,23,25,27,,,,13,23,30,42,0.3,0.3
2024-06-23T0600,2346A,117.2461,29.2956,景德镇市,陶研所,,28,28,25,16,14,11,,,,14,10,7,6,0.6,0.4
2024-06-23T0600,1803A,115.9872,29.6815,九江市,十里,,13,13,12,3,7,38,,,,19,17,10,10,0.7,0.7
2024-06-23T0600,1804A,115.9584,29.7046,九江市,茅山头,,26,26,12,14,7,34,,,,22,15,13,11,0.6,0.5
2024-06-23T0600,1805A,115.9877,29.7295,九江市,西园,,20,20,15,10,10,38,,,,31,30,16,14,0.8,0.8
2024-06-23T0600,1806A,116.0172,29.6547,九江市,五七二七厂,,12,8,10,3,5,37,,,,14,11,8,8,0.6,0.5
2024-06-23T0600,1808A,115.9114,29.6038,九江市,综合工业园,,16,16,16,3,7,35,,,,29,32,9,10,0.7,0.7
2024-06-23T0600,1809A,116.0721,29.7535,九江市,石化总厂,,23,23,18,16,10,39,,,,23,17,8,9,0.7,0.6
2024-06-23T0600,1810A,115.9773,29.5698,九江市,庐山气象台,,19,14,8,13,6,49,,,,1,2,6,13,0.9,1
2024-06-23T0600,3190A,116.0254,29.6994,九江市,外国语学校,,12,11,12,6,8,33,,,,24,20,6,11,0.7,0.7
2024-06-23T0600,2658A,98.5061,39.7443,酒泉市,仓门街子站,,44,44,43,14,8,68,,,,12,10,60,16,0.2,0.3
2024-06-23T0600,2659A,98.4989,39.7256,酒泉市,油田生活基地,颗粒物(PM10),51,51,48,17,12,60,,,,19,12,81,14,0.2,0.4
2024-06-23T0600,2698A,76.0072,39.4467,喀什地区,巡警大队,,50,50,72,16,14,52,,,,22,21,3,3,0.2,0.3
2024-06-23T0600,2699A,75.9755,39.4694,喀什地区,吾办,,40,40,65,21,28,53,,,,19,16,6,7,0.4,0.4
2024-06-23T0600,4027A,75.9483,39.4689,喀什地区,老干局,,40,40,70,8,15,50,,,,17,18,5,5,0.3,0.3
2024-06-23T0600,1824A,114.3389,34.7781,开封市,肿瘤医院,颗粒物(PM10),74,97,67,25,19,35,,,,44,20,6,3,0.5,0.6
2024-06-23T0600,1826A,114.2885,34.7965,开封市,世纪星幼儿园,颗粒物(PM10),59,67,67,22,18,37,,,,46,19,3,3,0.5,0.6
2024-06-23T0600,3147A,114.3438,34.8106,开封市,龙亭公园,,,,,,,,,,,,,,,,
2024-06-23T0600,3210A,114.3644,34.7964,开封市,汴京公园,颗粒物(PM10),62,74,68,29,21,30,,,,46,18,4,4,0.5,0.6
2024-06-23T0600,3473A,114.2485,34.8306,开封市,技师学院,颗粒物(PM10),56,61,64,21,20,61,,,,34,21,9,6,0.3,0.5
2024-06-23T0600,3592A,114.4644,34.7556,开封市,祥符区生态环境局,颗粒物(PM10),68,86,55,28,24,45,,,,32,25,8,6,0.5,0.6
2024-06-23T0600,1951A,84.895,45.6094,克拉玛依市,长征新村,,33,18,28,9,8,105,,,,2,14,9,10,0.1,0.3
2024-06-23T0600,1952A,84.8988,45.5893,克拉玛依市,南林小区,,34,18,30,6,15,107,,,,2,23,2,3,0.2,0.4
2024-06-23T0600,1954A,84.905,44.3396,克拉玛依市,独山子区,,35,19,28,8,14,110,,,,5,12,9,10,0.2,0.3
2024-06-23T0600,1955A,85.6979,46.098,克拉玛依市,乌尔禾区商贸楼,,31,31,34,3,11,98,,,,2,13,5,6,0.2,0.4
2024-06-23T0600,3612A,85.1045,45.6899,克拉玛依市,白碱滩区新站,,34,19,24,10,15,106,,,,3,12,10,10,0.1,0.2
2024-06-23T0600,2697A,76.1454,39.7142,克孜勒苏柯尔克孜自治州,市人民政府,颗粒物(PM10),58,65,58,32,29,98,,,,1,6,8,9,0.1,0.2
2024-06-23T0600,3665A,76.1658,39.7157,克孜勒苏柯尔克孜自治州,克州文化中心,颗粒物(PM10),62,74,62,31,31,96,,,,2,2,10,10,0.1,0.2
2024-06-23T0600,1450A,102.8204,24.8886,昆明市,呈贡新区,,13,,23,6,10,40,,,,12,12,5,6,0.6,0.6
2024-06-23T0600,1451A,102.6251,24.9608,昆明市,西山森林公园,,,,,,,,,,,,,,,,
2024-06-23T0600,1452A,102.7252,25.0902,昆明市,龙泉镇,,13,11,23,8,11,41,,,,7,18,6,6,0.6,0.6
2024-06-23T0600,1453A,102.7266,25.0375,昆明市,东风东路,,31,31,17,11,15,36,,,,8,11,2,2,0.7,0.6
2024-06-23T0600,1454A,102.6742,25.0669,昆明市,金鼎山,,12,10,22,8,9,34,,,,14,14,11,11,0.3,0.4
2024-06-23T0600,1455A,102.6644,25.0401,昆明市,碧鸡广场,,28,28,23,17,12,21,,,,21,15,7,3,0.5,0.5
2024-06-23T0600,3179A,102.7494,25.0119,昆明市,官渡区博物馆,,15,15,18,3,10,45,,,,6,9,8,8,0.5,0.4
2024-06-23T0600,3375A,102.8017,24.8336,昆明市,青年创业园,,12,12,18,6,9,36,,,,11,15,8,8,0.4,0.5
2024-06-23T0600,3550A,102.7997,24.9786,昆明市,昆明学院,,14,14,20,8,11,44,,,,8,14,11,9,0.4,0.4
2024-06-23T0600,3551A,102.5967,24.6736,昆明市,晋宁区生态环境分局,,44,44,21,12,10,36,,,,12,10,5,3,0.8,0.6
2024-06-23T0600,3552A,102.6678,24.9856,昆明市,云天化总部,,18,17,17,12,11,37,,,,7,7,3,2,0.6,0.6
2024-06-23T0600,1456A,91.1319,29.6514,拉萨市,八廓街,,28,6,13,6,10,89,,,,15,10,9,6,0.2,0.2
2024-06-23T0600,1457A,91.1221,29.6747,拉萨市,市环保局,,22,6,12,3,7,68,,,,16,12,8,8,0.4,0.4
2024-06-23T0600,1458A,91.0874,29.6475,拉萨市,区监测站,,29,6,10,3,6,92,,,,11,10,10,6,0.2,0.3
2024-06-23T0600,1459A,91.1774,29.6541,拉萨市,西藏大学,,29,,12,7,9,91,,,,4,6,10,7,0.4,0.4
2024-06-23T0600,1460A,90.9798,29.6588,拉萨市,区辐射站,,21,7,10,6,6,67,,,,15,10,8,7,0.3,0.3
2024-06-23T0600,1461A,91.0834,29.6292,拉萨市,拉萨火车站,,22,7,9,3,5,69,,,,14,7,7,7,0.2,0.2
2024-06-23T0600,2520A,109.2203,23.7256,来宾市,来宾技工学校,,16,12,23,11,13,30,,,,4,8,6,8,0.6,0.7
2024-06-23T0600,3535A,109.1781,23.7297,来宾市,兴宾区政府,,25,25,18,11,7,15,,,,15,10,4,4,1.2,0.6
2024-06-23T0600,4002A,109.2416,23.7461,来宾市,中南小学,,12,9,22,8,12,27,,,,8,10,7,7,0.7,0.7
2024-06-23T0600,1476A,103.631,36.1031,兰州市,兰炼宾馆,颗粒物(PM10),51,51,50,25,25,40,,,,38,29,10,16,0.3,0.3
2024-06-23T0600,1477A,104.1373,35.9454,兰州市,榆中兰大校区,,,,,,,,,,,,,,,,
2024-06-23T0600,1478A,103.8412,36.0726,兰州市,生物制品所,,50,50,50,31,25,8,,,,45,33,8,12,0.3,0.4
2024-06-23T0600,1479A,103.831,36.0464,兰州市,铁路设计院,,44,44,47,25,23,16,,,,49,47,9,13,0.4,0.5
2024-06-23T0600,3186A,103.7158,36.1058,兰州市,教育港,,46,46,50,24,24,12,,,,41,30,9,13,0.3,0.4
2024-06-23T0600,3241A,103.7439,36.0842,兰州市,百合公园,,32,32,44,22,23,12,,,,44,36,3,8,0,0.3
2024-06-23T0600,3242A,103.9611,35.998,兰州市,和平,,26,26,41,11,17,65,,,,29,22,8,11,0.3,0.4
2024-06-23T0600,3245A,103.6633,36.533,兰州新区,新区管委会,,33,33,33,15,18,35,,,,18,16,8,10,0.4,0.4
2024-06-23T0600,3246A,103.6975,36.4789,兰州新区,舟曲中学,颗粒物(PM10),52,54,40,31,17,37,,,,23,15,12,12,0.5,0.4
2024-06-23T0600,1067A,116.6708,39.5111,廊坊市,药材公司,颗粒物(PM10),104,157,177,46,51,43,,,,39,21,2,3,0.4,0.5
2024-06-23T0600,1068A,116.7214,39.5589,廊坊市,开发区,颗粒物(PM10),94,138,181,38,49,26,,,,54,23,3,2,0.3,0.3
2024-06-23T0600,1070A,116.7244,39.5269,廊坊市,北华航天学院,颗粒物(PM10),104,158,198,39,50,29,,,,56,23,1,3,0.4,0.4
2024-06-23T0600,2919A,116.7022,39.5453,廊坊市,河北工业大学,颗粒物(PM10),111,172,193,37,50,30,,,,54,18,2,2,0.3,0.4
2024-06-23T0600,2535A,103.7723,29.5462,乐山市,花湖湾,,23,,23,16,18,52,,,,14,22,5,5,0,0.1
2024-06-23T0600,2536A,103.7627,29.5844,乐山市,牛耳桥,,19,18,27,13,16,50,,,,15,27,4,4,0.3,0.4
2024-06-23T0600,2537A,103.7508,29.6006,乐山市,市第三水厂,,18,13,29,10,13,55,,,,13,23,4,4,0.3,0.4
2024-06-23T0600,2538A,103.7571,29.5664,乐山市,市监测站,,26,26,29,13,17,48,,,,14,21,4,4,0.5,0.6
2024-06-23T0600,3361A,103.7311,29.5628,乐山市,理工大学,,20,20,28,12,16,57,,,,14,22,3,5,0.3,0.5
2024-06-23T0600,2598A,100.2143,26.8576,丽江市,西南郊,,,,,,,,,,,,,,,,
2024-06-23T0600,2599A,100.2497,26.8802,丽江市,丽江古城,,18,18,23,12,10,46,,,,10,11,6,6,0.5,0.5
2024-06-23T0600,2600A,100.2203,26.8906,丽江市,市中心,,15,14,18,8,11,48,,,,11,12,8,8,0.5,0.5
2024-06-23T0600,1267A,119.914,28.4514,丽水市,监测站大楼,,19,19,29,3,13,9,,,,17,17,2,2,0.6,0.5
2024-06-23T0600,1268A,119.93,28.4586,丽水市,莲都小学,,23,23,30,12,11,7,,,,13,13,3,3,0.3,0.4
2024-06-23T0600,1269A,119.879,28.4231,丽水市,余庄前,,28,28,29,13,15,3,,,,6,9,3,2,0.4,0.4
2024-06-23T0600,1173A,119.176,34.5885,连云港市,市环境监测站,细颗粒物(PM2.5),70,53,41,51,36,89,,,,16,14,5,5,0.6,0.5
2024-06-23T0600,3000A,119.3581,34.6972,连云港市,德源药业,细颗粒物(PM2.5),73,,37,53,29,78,,,,18,12,4,4,0.7,0.6
2024-06-23T0600,3007A,119.178,34.844,连云港市,新城一中,颗粒物(PM10),53,56,40,34,31,79,,,,16,14,4,5,0.9,0.8
2024-06-23T0600,3008A,119.3608,34.7519,连云港市,胡沟管理处,细颗粒物(PM2.5),55,41,32,39,27,116,,,,14,8,6,6,0.9,0.8
2024-06-23T0600,3009A,119.1478,34.5911,连云港市,矿山设计院,细颗粒物(PM2.5),79,70,44,58,33,92,,,,15,12,3,2,0.7,0.6
2024-06-23T0600,3434A,119.2413,34.6539,连云港市,工贸学校,,46,41,35,32,29,110,,,,11,9,8,7,0.9,0.8
2024-06-23T0600,3664A,119.4172,34.7341,连云港市,连云街道,臭氧1小时,94,36,39,24,26,195,,,,5,12,4,3,0.7,0.7
2024-06-23T0600,2571A,102.3431,27.8099,凉山彝族自治州,青龙寺,,13,13,16,7,9,35,,,,2,4,3,3,0.5,0.5
2024-06-23T0600,2572A,102.2721,27.8415,凉山彝族自治州,邛海宾馆,,15,12,12,6,5,47,,,,7,11,8,9,0.6,0.7
2024-06-23T0600,2573A,102.2625,27.898,凉山彝族自治州,西昌市政府,,17,16,15,8,8,54,,,,7,8,10,10,0.6,0.6
2024-06-23T0600,2574A,102.2685,27.8851,凉山彝族自治州,凉山州政府,,20,10,15,6,8,61,,,,5,9,6,7,0.6,0.6
2024-06-23T0600,2575A,102.237,27.8914,凉山彝族自治州,长安,,15,13,13,8,9,48,,,,15,11,11,11,0.7,0.6
2024-06-23T0600,2212A,123.2,41.1953,辽阳市,宏伟区,颗粒物(PM10),63,75,39,34,19,27,,,,18,12,9,9,0.5,0.6
2024-06-23T0600,2213A,123.1683,41.2495,辽阳市,新华园,颗粒物(PM10),79,108,48,39,21,41,,,,13,14,10,9,0.4,0.6
2024-06-23T0600,2214A,123.2354,41.2639,辽阳市,滨河路,颗粒物(PM10),71,91,38,44,18,38,,,,16,14,9,8,0.6,0.7
2024-06-23T0600,2215A,123.149,41.2991,辽阳市,铁西工业园,颗粒物(PM10),90,130,55,51,21,37,,,,14,13,10,10,0.5,0.7
2024-06-23T0600,2227A,125.1358,42.8845,辽源市,环保局,颗粒物(PM10),66,82,67,29,27,50,,,,12,9,9,8,0.6,0.6
2024-06-23T0600,3239A,125.0764,42.9078,辽源市,银鹰制药,颗粒物(PM10),58,65,90,25,32,54,,,,12,14,2,2,0.7,0.7
2024-06-23T0600,1625A,115.9848,36.4372,聊城市,区政府,细颗粒物(PM2.5),75,96,69,55,37,46,,,,39,19,8,9,0.8,0.7
2024-06-23T0600,2878A,116.0072,36.4343,聊城市,聊大东校,细颗粒物(PM2.5),73,85,59,53,40,45,,,,38,18,6,7,0.6,0.5
2024-06-23T0600,3200A,115.9819,36.4978,聊城市,监控中心,颗粒物(PM10),76,101,61,46,27,25,,,,54,21,8,8,0.6,0.6
2024-06-23T0600,3513A,116.0445,36.4361,聊城市,九州社区,颗粒物(PM10),78,105,69,39,33,46,,,,35,17,9,8,0.9,0.8
2024-06-23T0600,4018A,116.0567,36.4608,聊城市,星美广场,颗粒物(PM10),82,114,74,50,32,65,,,,41,25,8,7,1.0,0.8
2024-06-23T0600,2632A,94.3681,29.6376,林芝市,林芝监测站,,17,8,6,6,5,54,,,,1,2,6,7,0.3,0.3
2024-06-23T0600,2633A,94.3616,29.6616,林芝市,林芝人民医院,,18,6,7,3,3,57,,,,3,8,8,8,0.4,0.3
2024-06-23T0600,2603A,100.0781,23.8982,临沧市,市环保局,,35,35,28,20,18,5,,,,12,11,6,4,0.7,0.6
2024-06-23T0600,2604A,100.0894,23.8822,临沧市,市气象局,,30,25,26,21,17,5,,,,13,14,10,5,0.6,0.7
2024-06-23T0600,1733A,111.5531,36.0783,临汾市,临钢医院,颗粒物(PM10),64,78,84,17,23,35,,,,18,18,4,8,0.4,0.6
2024-06-23T0600,1734A,111.5028,36.0714,临汾市,技工学校,颗粒物(PM10),67,84,89,27,30,18,,,,43,30,8,9,0.4,0.6
2024-06-23T0600,1736A,111.5018,36.0855,临汾市,市委,颗粒物(PM10),61,72,93,18,24,21,,,,34,27,9,9,0.5,0.7
2024-06-23T0600,3018A,111.505,36.1014,临汾市,唐尧大酒店,颗粒物(PM10),57,64,75,17,22,36,,,,20,23,7,8,0.6,0.8
2024-06-23T0600,3668A,111.5036,36.0414,临汾市,城南,颗粒物(PM10),72,93,96,25,32,2,,,,50,34,4,8,0.5,0.7
2024-06-23T0600,2667A,103.2069,35.5993,临夏回族自治州,环保局,,35,26,27,24,23,28,,,,21,13,5,6,0.4,0.4
2024-06-23T0600,2668A,103.2417,35.6057,临夏回族自治州,建设大厦,,40,31,27,28,20,40,,,,8,9,8,8,0.3,0.3
2024-06-23T0600,1618A,118.3429,35.0532,临沂市,沂河小区,细颗粒物(PM2.5),64,63,51,46,31,100,,,,28,22,16,11,0.6,0.5
2024-06-23T0600,1619A,118.295,35.0583,临沂市,鲁南制药厂,细颗粒物(PM2.5),68,75,55,49,28,89,,,,19,15,12,10,0.7,0.6
2024-06-23T0600,1620A,118.2794,34.9976,临沂市,新光毛纺厂,细颗粒物(PM2.5),60,53,47,43,32,80,,,,28,19,14,8,0.9,0.8
2024-06-23T0600,1621A,118.3956,35.0888,临沂市,河东保险公司,细颗粒物(PM2.5),68,63,50,49,31,92,,,,20,15,8,6,0.6,0.6
2024-06-23T0600,3370A,118.3564,35.0215,临沂市,十里堡居委,细颗粒物(PM2.5),70,66,46,51,34,76,,,,24,16,10,9,0.9,0.7
2024-06-23T0600,3496A,118.3604,35.1084,临沂市,南坊新区,颗粒物(PM10),60,70,59,34,27,105,,,,18,17,10,8,0.9,0.8
2024-06-23T0600,3860A,118.3920,35.0300,临沂市,皇山花园小区,细颗粒物(PM2.5),78,70,51,57,36,76,,,,31,21,13,11,0.9,0.7
2024-06-23T0600,1870A,109.4856,24.3895,柳州市,柳东小学,,14,14,16,8,8,32,,,,13,9,10,9,0.5,0.5
2024-06-23T0600,1871A,109.4157,24.3277,柳州市,环保监测站,,21,21,20,12,12,29,,,,10,10,9,8,0.5,0.5
2024-06-23T0600,1872A,109.389,24.341,柳州市,河西水厂,,17,17,20,9,11,29,,,,9,9,8,8,0.4,0.3
2024-06-23T0600,1873A,109.4311,24.2921,柳州市,市四中,,18,17,22,12,13,29,,,,12,10,10,7,0.2,0.3
2024-06-23T0600,1874A,109.4006,24.3631,柳州市,市九中,,22,22,25,10,10,31,,,,12,12,5,5,0.5,0.5
2024-06-23T0600,1875A,109.4958,24.3134,柳州市,古亭山,,23,23,19,10,9,30,,,,15,12,8,7,0.3,0.3
2024-06-23T0600,3402A,109.5422,24.3996,柳州市,市二中,,17,17,20,8,11,30,,,,10,13,9,8,0.3,0.3
2024-06-23T0600,2307A,116.5079,31.737,六安市,监测大楼,,24,24,18,15,15,67,,,,5,5,5,5,0.4,0.5
2024-06-23T0600,2308A,116.4738,31.7643,六安市,皖西学院,,30,30,18,18,14,64,,,,7,5,3,3,0.5,0.5
2024-06-23T0600,2309A,116.4996,31.7905,六安市,朝阳厂,,26,22,19,18,16,57,,,,6,4,7,7,0.4,0.4
2024-06-23T0600,2310A,116.5567,31.7886,六安市,开发区,,35,35,18,15,13,40,,,,10,7,4,4,0.7,0.7
2024-06-23T0600,2576A,104.8,26.5892,六盘水市,窑上,,,,,,,,,,,,,,,,
2024-06-23T0600,2577A,104.83,26.5917,六盘水市,黄土坡,,20,12,10,9,8,62,,,,5,8,6,7,0.4,0.5
2024-06-23T0600,2578A,104.89,26.5939,六盘水市,水钢,,30,30,17,17,8,52,,,,20,15,12,10,0.9,0.5
2024-06-23T0600,2579A,104.8475,26.5894,六盘水市,民中,,21,16,8,7,6,66,,,,12,7,6,6,0.6,0.6
2024-06-23T0600,2580A,104.9544,26.5506,六盘水市,双水,,17,17,11,8,7,45,,,,8,9,7,12,0.3,0.3
2024-06-23T0600,2335A,117.0189,25.1181,龙岩市,龙岩师专,,,,,,,,,,,,,,,,
2024-06-23T0600,2336A,117.0217,25.1033,龙岩市,龙岩市监测站,,32,32,27,21,19,23,,,,15,10,6,5,0.4,0.4
2024-06-23T0600,2337A,117.0258,25.0661,龙岩市,闽西职业技术学院,颗粒物(PM10),55,59,34,24,21,8,,,,18,12,19,17,0.4,0.4
2024-06-23T0600,2338A,117.0196,25.0306,龙岩市,龙岩学院,,22,22,24,12,16,21,,,,7,3,3,3,0.4,0.4
2024-06-23T0600,2665A,105.0822,33.3261,陇南市,汉王镇固水子,,,,,,,,,,,,,,,,
2024-06-23T0600,2885A,104.9339,33.3826,陇南市,滨江中学,,29,29,33,17,12,50,,,,17,10,23,10,0.5,0.4
2024-06-23T0600,3247A,104.955,33.371,陇南市,市总工会,,26,26,28,7,12,62,,,,9,5,9,5,0.4,0.3
2024-06-23T0600,2487A,111.9589,27.8901,娄底市,电视发射台,,25,25,27,3,9,10,,,,5,5,5,6,0.8,0.7
2024-06-23T0600,2488A,111.9975,27.725,娄底市,市监测站,,23,23,26,7,11,17,,,,12,8,6,6,0.6,0.6
2024-06-23T0600,2489A,112.0194,27.7314,娄底市,市委党校,,19,19,22,8,12,16,,,,6,7,9,8,0.4,0.4
2024-06-23T0600,2490A,111.9561,27.7569,娄底市,涟钢,,21,21,37,7,17,16,,,,7,19,16,18,0.3,0.7
2024-06-23T0600,2491A,111.9892,27.7044,娄底市,市政府,,18,16,23,12,14,12,,,,12,10,6,6,0.5,0.5
2024-06-23T0600,1893A,105.4324,28.9634,泸州市,九狮山,,22,22,22,11,10,16,,,,18,19,5,5,0.2,0.2
2024-06-23T0600,1894A,105.4427,28.9063,泸州市,小市上码头,,27,27,27,10,11,17,,,,18,18,6,7,0.3,0.4
2024-06-23T0600,1895A,105.4241,28.8573,泸州市,兰田宪桥,,34,34,26,16,13,3,,,,22,19,4,4,0.2,0.2
2024-06-23T0600,1896A,105.4379,28.8833,泸州市,市环监站,,27,27,25,14,14,18,,,,18,21,6,7,0.5,0.6
2024-06-23T0600,3490A,105.3617,28.7703,泸州市,纳溪区环保局,,31,31,34,7,6,6,,,,24,24,3,4,0.4,0.4
2024-06-23T0600,2183A,111.1406,37.5211,吕梁市,环保局,颗粒物(PM10),74,98,140,30,41,15,,,,38,32,6,7,0.3,0.3
2024-06-23T0600,2185A,111.1297,37.5136,吕梁市,自来水公司,颗粒物(PM10),108,165,141,39,41,6,,,,53,30,16,9,0.3,0.3
2024-06-23T0600,2867A,111.1283,37.51,吕梁市,马茂庄小学,颗粒物(PM10),79,108,137,30,38,8,,,,50,33,5,5,0.4,0.4
2024-06-23T0600,1812A,112.3931,34.6516,洛阳市,市委党校,颗粒物(PM10),51,51,52,22,22,51,,,,22,13,14,3,0.7,0.6
2024-06-23T0600,1814A,112.4657,34.6871,洛阳市,豫西宾馆,,50,50,61,20,24,51,,,,27,20,5,3,0.5,0.5
2024-06-23T0600,1815A,112.494,34.6886,洛阳市,河南林校,,38,38,46,19,20,54,,,,19,16,4,3,0.3,0.4
2024-06-23T0600,1816A,112.3844,34.623,洛阳市,开发区管委会,,39,39,45,17,20,34,,,,26,18,9,10,0.4,0.4
2024-06-23T0600,1817A,112.4267,34.6258,洛阳市,市委新办公区,,37,37,44,23,26,57,,,,14,11,5,5,0.3,0.4
2024-06-23T0600,3340A,112.6005,34.6326,洛阳市,伊滨,,39,39,45,15,20,69,,,,17,13,8,7,0.3,0.4
2024-06-23T0600,3341A,112.4951,34.6332,洛阳市,中移产业园,,40,40,48,20,22,61,,,,17,12,9,9,0.5,0.6
2024-06-23T0600,3593A,112.5736,34.8993,洛阳市,吉利监测站,颗粒物(PM10),59,68,55,15,15,63,,,,19,17,5,7,0.1,0.2
2024-06-23T0600,3635A,112.3677,34.662,洛阳市,河科大西苑校区,颗粒物(PM10),62,73,54,26,19,38,,,,36,15,33,7,0.8,0.5
2024-06-23T0600,3636A,112.4388,34.6781,洛阳市,英才小学,颗粒物(PM10),53,56,56,32,26,38,,,,29,15,16,4,0.6,0.5
2024-06-23T0600,2399A,114.051,33.5699,漯河市,三五一五工厂,,39,39,51,17,20,66,,,,17,15,7,7,0.7,0.7
2024-06-23T0600,2400A,114.0055,33.5698,漯河市,漯河大学,,44,44,54,14,22,63,,,,19,19,7,6,0.6,0.6
2024-06-23T0600,2401A,114.0138,33.5828,漯河市,市水利局,,41,41,50,17,23,68,,,,14,13,8,8,0.7,0.7
2024-06-23T0600,2402A,114.0261,33.5698,漯河市,市广电局,,37,37,53,11,20,65,,,,14,14,3,3,0.7,0.7
2024-06-23T0600,3478A,113.9749,33.5664,漯河市,市图书馆,,47,47,46,17,19,64,,,,15,14,5,4,0.6,0.5
2024-06-23T0600,3479A,114.0967,33.5906,漯河市,召陵区卫健委,,43,43,50,22,23,68,,,,14,13,5,5,0.5,0.5
2024-06-23T0600,1798A,118.5092,31.6837,马鞍山市,湖东路四小,,20,20,23,14,15,56,,,,9,7,6,5,0.7,0.7
2024-06-23T0600,1799A,118.5024,31.6449,马鞍山市,开发区,,26,19,17,18,11,30,,,,28,11,8,8,0.7,0.7
2024-06-23T0600,1800A,118.5228,31.7231,马鞍山市,慈湖,,31,31,26,14,18,51,,,,22,20,11,11,0.8,1.1
2024-06-23T0600,1802A,118.6245,31.7241,马鞍山市,濮塘,,16,14,13,8,13,51,,,,7,5,2,2,0.8,0.8
2024-06-23T0600,3633A,118.4918,31.6809,马鞍山市,雨山,,24,24,22,11,11,54,,,,11,8,5,6,0.6,0.6
2024-06-23T0600,1686A,111.0286,21.4688,茂名市,电白南海,,17,12,12,7,7,53,,,,4,4,4,4,0.4,0.4
2024-06-23T0600,1687A,110.9294,21.6533,茂名市,茂石化七小,,10,,11,7,8,24,,,,9,9,10,8,0.4,0.4
2024-06-23T0600,1688A,110.9107,21.6687,茂名市,健康路,,10,6,12,3,5,30,,,,6,7,11,10,0.4,0.4
2024-06-23T0600,1689A,110.8592,21.6828,茂名市,高岭,,13,9,25,9,11,25,,,,7,9,10,8,0.5,0.5
2024-06-23T0600,3450A,111.01,21.5165,茂名市,电白水东,,9,9,7,3,6,25,,,,8,7,5,2,0.4,0.4
2024-06-23T0600,2539A,104.0308,30.0478,眉山市,黑龙滩水库,,36,36,28,19,15,59,,,,8,12,5,5,0.4,0.4
2024-06-23T0600,2540A,103.8416,30.0874,眉山市,气象局,,25,23,26,17,15,57,,,,20,22,10,10,0.4,0.3
2024-06-23T0600,3137A,103.8578,30.0744,眉山市,市委党校,,24,24,24,14,8,49,,,,30,23,8,8,0.5,0.4
2024-06-23T0600,3148A,103.8291,30.0564,眉山市,区人社局,,26,26,29,14,10,52,,,,23,27,7,7,0.5,0.4
2024-06-23T0600,1690A,116.1231,24.3284,梅州市,梅江月梅,,39,39,28,21,23,7,,,,11,6,6,6,0.5,0.5
2024-06-23T0600,1691A,116.0797,24.2719,梅州市,梅县新城,,33,33,28,16,18,6,,,,15,9,9,4,0.4,0.4
2024-06-23T0600,1692A,116.1248,24.2654,梅州市,环境监控中心,,32,32,30,18,17,5,,,,16,11,4,4,0.4,0.5
2024-06-23T0600,3315A,116.1233,24.2991,梅州市,梅龙,,39,39,28,22,22,8,,,,15,10,30,9,0.7,0.7
2024-06-23T0600,1878A,104.7778,31.4741,绵阳市,富乐山,,33,33,30,18,18,67,,,,10,9,8,8,0.5,0.5
2024-06-23T0600,1879A,104.7563,31.4535,绵阳市,市人大,,39,39,35,20,17,62,,,,17,25,8,7,0.4,0.4
2024-06-23T0600,1880A,104.6697,31.4668,绵阳市,高新区自来水公司,,44,44,38,14,13,51,,,,26,29,6,6,0.6,0.5
2024-06-23T0600,1881A,104.7287,31.5075,绵阳市,三水厂,颗粒物(PM10),61,72,36,26,18,11,,,,47,33,7,7,0.7,0.4
2024-06-23T0600,3491A,104.69,31.5322,绵阳市,西科大附属小学,,44,44,33,19,15,40,,,,32,32,6,7,0.5,0.4
2024-06-23T0600,3492A,104.5648,31.5343,绵阳市,安州区旅游局,,32,32,27,14,13,69,,,,13,18,8,8,0.5,0.5
2024-06-23T0600,1784A,129.61,44.561,牡丹江市,环保大楼,,9,9,13,6,8,25,,,,6,10,6,7,0.3,0.3
2024-06-23T0600,1785A,129.6115,44.5782,牡丹江市,文化广场,,20,20,26,13,16,23,,,,6,13,7,7,0.3,0.4
2024-06-23T0600,1786A,129.5904,44.5963,牡丹江市,第一医院,,16,16,20,9,17,21,,,,8,12,4,5,0.4,0.5
2024-06-23T0600,1787A,129.6364,44.6075,牡丹江市,机车工厂,,26,19,21,18,17,24,,,,4,8,2,3,0.4,0.4
2024-06-23T0600,1788A,129.6386,44.5462,牡丹江市,第一中学,,13,11,14,9,8,26,,,,8,11,4,4,0.3,0.3
2024-06-23T0600,2531A,105.0703,29.61,内江市,市监测站,,32,,22,22,22,40,,,,17,23,7,8,0.6,0.7
2024-06-23T0600,2532A,105.0717,29.5947,内江市,东兴区政府,,23,23,28,8,12,36,,,,12,17,8,8,0.4,0.5
2024-06-23T0600,2533A,105.0653,29.5817,内江市,内江二中,,29,29,28,12,16,34,,,,20,24,10,10,0.6,0.6
2024-06-23T0600,2534A,105.0406,29.5822,内江市,内江日报社,,20,20,25,13,18,39,,,,18,20,10,11,0.6,0.6
2024-06-23T0600,2628A,92.0657,31.4846,那曲市,那曲监测站,,28,7,21,3,7,87,,,,5,6,6,7,0.4,0.4
2024-06-23T0600,3128A,92.0506,31.4797,那曲市,那曲会议中心,,30,6,26,3,8,95,,,,1,6,3,3,0.3,0.4
2024-06-23T0600,1290A,115.8931,28.6843,南昌市,省外办,,24,24,36,14,20,2,,,,34,21,7,9,0.5,0.5
2024-06-23T0600,1291A,115.8886,28.7003,南昌市,省林业公司,,27,27,34,9,16,9,,,,40,23,6,8,0.7,0.7
2024-06-23T0600,1292A,115.8126,28.7442,南昌市,林科所,,27,27,27,12,14,2,,,,20,20,8,8,0.4,0.4
2024-06-23T0600,1294A,115.8518,28.687,南昌市,建工学校,,30,30,38,11,16,5,,,,33,23,7,10,0.5,0.5
2024-06-23T0600,1295A,115.8921,28.6424,南昌市,象湖,,29,29,33,18,18,8,,,,24,20,5,7,0.4,0.4
2024-06-23T0600,1296A,115.7423,28.7996,南昌市,武术学校,细颗粒物(PM2.5),53,40,22,37,21,8,,,,4,4,7,8,0.5,0.6
2024-06-23T0600,1298A,115.9314,28.6842,南昌市,省站,,20,17,31,14,19,17,,,,20,19,9,10,0.7,0.6
2024-06-23T0600,3046A,115.9084,28.6062,南昌市,机电学校,,36,36,40,14,19,8,,,,14,14,8,11,0.6,0.6
2024-06-23T0600,3690A,115.9721,28.7031,南昌市,外国语学校,,20,20,34,9,16,26,,,,15,14,5,7,0.5,0.3
2024-06-23T0600,1905A,106.056,30.8064,南充市,西山风景区,细颗粒物(PM2.5),52,46,25,36,20,57,,,,8,8,5,5,0.6,0.5
2024-06-23T0600,1906A,106.0789,30.8023,南充市,南充市委,细颗粒物(PM2.5),60,58,41,43,23,71,,,,13,15,6,6,0.5,0.4
2024-06-23T0600,1907A,106.1031,30.8217,南充市,南充炼油厂,颗粒物(PM10),52,53,42,35,25,45,,,,24,19,8,8,0.4,0.3
2024-06-23T0600,1908A,106.1064,30.7856,南充市,高坪区监测站,"颗粒物(PM10),细颗粒物(PM2.5)",52,54,41,36,18,56,,,,12,14,5,5,0.4,0.3
2024-06-23T0600,1909A,106.0642,30.7636,南充市,嘉陵区环保局,细颗粒物(PM2.5),52,47,37,36,22,68,,,,10,15,4,5,0.4,0.3
2024-06-23T0600,1910A,106.1087,30.8388,南充市,市环境监测站,颗粒物(PM10),54,58,40,29,20,33,,,,24,17,7,7,0.7,0.6
2024-06-23T0600,1151A,118.8086,32.1065,南京市,迈皋桥,,23,23,18,14,14,52,,,,6,6,4,4,0.6,0.6
2024-06-23T0600,1152A,118.7538,32.0551,南京市,草场门,,27,27,18,14,16,56,,,,24,19,5,4,0.7,0.8
2024-06-23T0600,1153A,118.7794,32.0745,南京市,山西路,,22,19,18,14,10,68,,,,13,10,4,4,0.5,0.5
2024-06-23T0600,1154A,118.7752,32.0023,南京市,中华门,,20,19,14,14,12,21,,,,22,9,6,6,0.6,0.7
2024-06-23T0600,1155A,118.8109,32.0309,南京市,瑞金路,,28,27,23,19,14,47,,,,12,8,8,7,0.3,0.5
2024-06-23T0600,1156A,118.7997,32.0754,南京市,玄武湖,,25,25,21,11,12,54,,,,6,8,2,2,0.6,0.6
2024-06-23T0600,1157A,118.6414,32.0931,南京市,浦口,,23,23,22,10,10,46,,,,6,6,4,4,0.4,0.4
2024-06-23T0600,1158A,118.7356,31.9996,南京市,奥体中心,,35,24,17,24,17,40,,,,27,11,6,5,0.4,0.6
2024-06-23T0600,1159A,118.9125,32.1028,南京市,仙林大学城,,27,27,21,12,13,68,,,,13,11,8,7,0.6,0.8
2024-06-23T0600,3422A,118.8436,31.9198,南京市,江宁彩虹桥,,34,34,23,22,15,47,,,,15,10,13,6,1.1,0.8
2024-06-23T0600,3423A,119.0138,31.6494,南京市,溧水永阳,,19,19,8,13,9,46,,,,12,9,3,4,1.1,0.7
2024-06-23T0600,3424A,118.879,31.3302,南京市,高淳老职中,,20,14,6,14,7,47,,,,9,8,4,4,0.7,0.6
2024-06-23T0600,3427A,118.8554,32.3578,南京市,六合雄州,,24,23,22,12,16,76,,,,5,7,6,6,0.6,0.7
2024-06-23T0600,1401A,108.3103,22.7881,南宁市,二十一中,,19,19,18,12,11,29,,,,10,8,3,2,0.6,0.6
2024-06-23T0600,1402A,108.3141,22.8528,南宁市,北湖,,27,27,21,16,12,27,,,,8,8,3,2,0.6,0.6
2024-06-23T0600,1403A,108.3206,22.8225,南宁市,市监测站,,22,22,18,14,11,29,,,,8,9,4,2,0.7,0.7
2024-06-23T0600,1404A,108.3829,22.8037,南宁市,大自然花园,,22,22,19,15,12,26,,,,10,8,5,4,0.5,0.5
2024-06-23T0600,1405A,108.4394,22.7904,南宁市,仙葫,,19,14,21,13,11,27,,,,14,15,10,9,0.3,0.3
2024-06-23T0600,1406A,108.2397,22.8467,南宁市,区农职院,,26,26,21,12,8,28,,,,9,10,6,5,0.6,0.6
2024-06-23T0600,1407A,108.3275,22.735,南宁市,英华嘉园,,19,19,22,13,12,25,,,,12,16,6,5,0.5,0.5
2024-06-23T0600,1408A,108.2257,22.7757,南宁市,沙井镇街道办,,38,38,27,15,10,12,,,,23,16,2,2,0.7,0.6
2024-06-23T0600,3401A,108.4834,22.7618,南宁市,红星社区,,37,37,19,14,11,16,,,,11,11,5,4,0.6,0.6
2024-06-23T0600,2331A,118.0966,26.6761,南平市,茫荡山,,,,,,,,,,,,,,,,
2024-06-23T0600,2332A,118.1681,26.6369,南平市,南平市监测站,,26,26,28,17,14,3,,,,15,12,4,4,0.6,0.6
2024-06-23T0600,2333A,118.1825,26.6489,南平市,南平铝业有限公司,,37,37,27,16,18,5,,,,10,10,4,5,0.6,0.6
2024-06-23T0600,2334A,118.1756,26.6272,南平市,南平七中,,27,27,25,17,15,8,,,,10,9,4,4,0.6,0.7
2024-06-23T0600,1168A,120.9098,31.9663,南通市,狼山街道,,34,34,9,21,3,68,,,,15,13,10,10,0.9,0.8
2024-06-23T0600,1169A,120.86,32.0005,南通市,虹桥,,39,39,16,27,5,75,,,,13,22,5,5,1.0,0.8
2024-06-23T0600,1170A,120.87,32.02,南通市,城中,,46,46,16,32,9,75,,,,12,20,5,5,0.9,0.7
2024-06-23T0600,1171A,120.94,31.93,南通市,星湖花园,,29,23,4,20,3,57,,,,16,18,3,3,1.3,0.9
2024-06-23T0600,1172A,120.81,32.0417,南通市,紫琅学院,,36,27,7,25,3,81,,,,12,22,5,7,1.2,1.1
2024-06-23T0600,3291A,121.067,32.062,南通市,通州监测站,,42,39,15,29,7,66,,,,8,13,10,11,1.2,0.9
2024-06-23T0600,3432A,120.9348,31.9883,南通市,环境教育馆,,48,44,16,33,8,70,,,,20,22,8,8,0.9,0.7
2024-06-23T0600,2404A,112.5224,33.0122,南阳市,瓦房庄,,33,33,44,17,19,25,,,,33,20,8,5,0.7,0.6
2024-06-23T0600,2405A,112.5003,32.9735,南阳市,汉画馆,,41,41,51,20,23,13,,,,42,31,6,4,0.5,0.6
2024-06-23T0600,2406A,112.5573,33.027,南阳市,气象站,,29,29,42,14,18,25,,,,34,21,4,4,0.2,0.4
2024-06-23T0600,2407A,112.5481,32.9689,南阳市,理工学院,,37,37,48,23,22,23,,,,33,22,10,8,0.4,0.5
2024-06-23T0600,4008A,112.5234,32.9922,南阳市,卧龙区政府,,35,35,44,21,23,9,,,,46,23,8,4,0.8,0.8
2024-06-23T0600,1234A,121.8358,29.911,宁波市,区环保大楼,,36,35,59,25,24,5,,,,44,60,6,8,0.9,0.9
2024-06-23T0600,1235A,121.56,29.82,宁波市,万里学院,,33,33,32,19,19,22,,,,17,18,5,5,0.7,0.7
2024-06-23T0600,1236A,121.713,29.9572,宁波市,龙赛医院,,35,35,36,18,17,19,,,,23,25,5,5,0.5,0.5
2024-06-23T0600,1239A,121.633,29.7733,宁波市,钱湖水厂,,38,38,35,21,22,20,,,,21,15,5,4,0.5,0.5
2024-06-23T0600,1240A,121.5856,29.8635,宁波市,太古小学,,26,26,33,12,15,21,,,,13,13,4,4,0.9,0.8
2024-06-23T0600,1241A,121.524,29.8674,宁波市,市环境监测中心,,32,32,31,19,17,27,,,,16,20,3,4,0.7,0.7
2024-06-23T0600,2871A,121.6147,29.9017,宁波市,万里国际学校,,32,30,25,22,20,6,,,,36,19,4,5,0.4,0.4
2024-06-23T0600,3710A,121.5594,29.8975,宁波市,白沙活动中心,,31,31,26,16,14,21,,,,13,13,8,8,0.4,0.5
2024-06-23T0600,2339A,119.5001,26.6946,宁德市,金涵水库,,,,,,,,,,,,,,,,
2024-06-23T0600,2341A,119.5388,26.6612,宁德市,宁德市监测站,,22,,42,15,23,12,,,,21,16,5,5,0.5,0.5
2024-06-23T0600,3209A,119.5231,26.6562,宁德市,宁德一中,,31,31,33,19,18,28,,,,10,10,5,5,0.7,0.6
2024-06-23T0600,2618A,98.8601,25.8567,怒江傈僳族自治州,州监测站,,20,18,23,14,17,22,,,,19,14,12,10,0.5,0.5
2024-06-23T0600,2619A,98.8546,25.8417,怒江傈僳族自治州,泸水一中,,18,18,33,11,16,12,,,,14,13,5,5,0.4,0.4
2024-06-23T0600,1888A,101.6891,26.571,攀枝花市,弄弄坪,,35,35,46,7,17,64,,,,11,20,9,14,0.5,0.6
2024-06-23T0600,1889A,101.5769,26.5928,攀枝花市,河门口,,29,29,39,15,20,58,,,,20,22,17,21,1.3,1.4
2024-06-23T0600,1890A,101.7169,26.585,攀枝花市,炳草岗,,24,24,45,13,19,69,,,,8,18,13,25,0.6,0.6
2024-06-23T0600,1891A,101.7369,26.5008,攀枝花市,仁和,颗粒物(PM10),52,54,31,32,19,46,,,,25,14,89,21,1.4,0.4
2024-06-23T0600,2835A,101.7227,26.567,攀枝花市,四十中小,,28,28,36,10,17,78,,,,5,12,8,20,0.3,0.3
2024-06-23T0600,1604A,122.0303,41.1489,盘锦市,开发区,颗粒物(PM10),104,158,62,63,28,58,,,,10,8,4,4,0.2,0.3
2024-06-23T0600,1605A,122.0485,41.0883,盘锦市,兴隆台,颗粒物(PM10),110,170,51,60,26,61,,,,11,10,4,3,0.2,0.3
2024-06-23T0600,1606A,121.8297,41.1028,盘锦市,新生街道,颗粒物(PM10),99,148,74,58,24,48,,,,20,10,4,4,0.2,0.3
2024-06-23T0600,1832A,113.3257,33.742,平顶山市,新华旅馆,颗粒物(PM10),51,51,58,23,34,42,,,,28,18,6,6,0.4,0.5
2024-06-23T0600,1833A,113.2919,33.737,平顶山市,规划设计院,,44,44,43,20,25,36,,,,30,21,4,5,0.6,0.7
2024-06-23T0600,1834A,113.182,33.774,平顶山市,平顶山工学院,,43,43,41,19,18,55,,,,16,10,5,5,0.5,0.6
2024-06-23T0600,3204A,113.3025,33.73,平顶山市,规划局,,48,48,53,21,26,29,,,,30,20,4,4,0.6,0.6
2024-06-23T0600,3594A,112.8867,33.9116,平顶山市,石龙区,,,,62,53,29,4,,,,86,31,26,11,1.0,0.6
2024-06-23T0600,2656A,106.6692,35.5461,平凉市,聚贤嘉苑,,40,40,46,16,12,77,,,,24,22,12,9,0.2,0.2
2024-06-23T0600,2657A,106.7021,35.5307,平凉市,博物馆,,35,35,37,16,15,80,,,,19,20,6,6,0.2,0.3
2024-06-23T0600,2347A,114.0997,27.5002,萍乡市,武功山,,10,6,4,3,3,30,,,,3,3,6,9,0.3,0.4
2024-06-23T0600,2348A,113.8385,27.6434,萍乡市,中医院,,,48,37,,15,5,,,,21,10,5,3,1.4,0.6
2024-06-23T0600,2349A,113.8493,27.6253,萍乡市,市政府车库,,21,21,18,11,11,5,,,,14,12,8,8,0.8,0.7
2024-06-23T0600,2350A,113.8676,27.6435,萍乡市,市环保局,,40,40,28,18,13,6,,,,18,13,6,8,1.0,0.5
2024-06-23T0600,2351A,113.866,27.6198,萍乡市,安源区政府,,28,28,25,10,10,2,,,,13,11,5,5,1.1,0.5
2024-06-23T0600,2319A,119.0141,25.4325,莆田市,荔城区仓后路,,49,40,38,34,23,20,,,,18,14,7,7,0.6,0.6
2024-06-23T0600,2320A,119.0015,25.4553,莆田市,莆田市监测站,,34,34,33,21,20,16,,,,11,11,8,10,0.6,0.6
2024-06-23T0600,2321A,119.1119,25.4561,莆田市,涵江区六中,,32,32,32,22,19,14,,,,23,20,10,10,0.5,0.6
2024-06-23T0600,2322A,119.1013,25.3215,莆田市,秀屿区政府,,32,24,31,22,12,19,,,,20,13,27,12,0.6,0.5
2024-06-23T0600,2323A,118.981,25.4792,莆田市,东圳水库,,,,,,,,,,,,,,,,
2024-06-23T0600,2392A,115.0312,35.7636,濮阳市,环保局,颗粒物(PM10),58,65,55,34,33,69,,,,26,15,13,9,0.9,0.6
2024-06-23T0600,2394A,115.0574,35.7609,濮阳市,油田运输公司,颗粒物(PM10),67,84,64,31,32,65,,,,18,7,11,7,1.0,0.7
2024-06-23T0600,2395A,115.0866,35.7754,濮阳市,油田物探公司,,50,,18,35,36,75,,,,26,14,16,8,1.0,0.8
2024-06-23T0600,3021A,115,35.7668,濮阳市,濮水河管理处,细颗粒物(PM2.5),65,55,55,47,38,34,,,,21,12,6,6,1.0,0.7
2024-06-23T0600,2601A,100.98,22.7633,普洱市,市环保局,,26,25,17,18,13,10,,,,12,6,12,12,0.5,0.4
2024-06-23T0600,2602A,100.9817,22.8322,普洱市,普洱第二中学,,28,28,20,14,14,2,,,,16,11,14,11,0.6,0.4
2024-06-23T0600,2262A,131.0518,45.8751,七台河市,新一中,,15,,3,10,3,37,,,,4,4,9,9,0.6,0.6
2024-06-23T0600,3345A,131.0577,45.7879,七台河市,中波台,,11,8,6,6,6,33,,,,7,9,6,6,0.2,0.2
2024-06-23T0600,3637A,131.0176,45.7761,七台河市,人民广场,,11,,4,3,6,34,,,,5,9,10,10,0.2,0.2
2024-06-23T0600,3684A,130.8781,45.8222,七台河市,新建矿广场,,,,1,8,9,26,,,,14,14,14,14,0.1,0.3
2024-06-23T0600,1779A,123.9305,47.3636,齐齐哈尔市,安居小区,,17,17,20,3,9,28,,,,10,17,6,6,0.3,0.4
2024-06-23T0600,1780A,123.9488,47.3386,齐齐哈尔市,中心广场,,15,,19,10,12,28,,,,10,18,9,9,0.2,0.3
2024-06-23T0600,1781A,123.9483,47.3227,齐齐哈尔市,农牧车辆厂,,17,17,24,3,8,32,,,,9,16,7,7,0.2,0.3
2024-06-23T0600,1783A,123.945,47.2988,齐齐哈尔市,市环境监测站,,19,16,17,13,9,33,,,,10,14,6,5,0.2,0.3
2024-06-23T0600,3662A,123.6333,47.2075,齐齐哈尔市,富区青少年活动中心,,11,6,11,3,5,34,,,,9,12,4,4,0.2,0.3
2024-06-23T0600,2591A,107.9783,26.5747,黔东南苗族侗族自治州,市环境监测站,,17,6,12,3,11,54,,,,2,11,2,3,0.4,0.4
2024-06-23T0600,2881A,107.8908,26.5311,黔东南苗族侗族自治州,凯里学院,,12,6,9,3,7,36,,,,8,10,3,3,0.2,0.2
2024-06-23T0600,2593A,107.5228,26.2403,黔南布依族苗族自治州,小围寨,,10,7,6,3,3,30,,,,5,5,3,4,0.4,0.4
2024-06-23T0600,3538A,107.5175,26.2978,黔南布依族苗族自治州,沙坝,,10,6,7,3,3,29,,,,5,6,3,3,0.4,0.5
2024-06-23T0600,2589A,104.9022,25.0925,黔西南布依族苗族自治州,场坝街,,13,11,12,7,6,39,,,,4,9,3,4,0.3,0.3
2024-06-23T0600,2590A,104.8811,25.0992,黔西南布依族苗族自治州,坪东大道,,13,13,14,6,6,35,,,,3,6,3,4,0.2,0.3
2024-06-23T0600,2502A,108.6236,21.9667,钦州市,市环保站,,9,9,16,3,4,23,,,,11,13,7,8,0.6,0.6
2024-06-23T0600,2503A,108.6549,21.9481,钦州市,沙埠小学,,21,21,21,9,11,16,,,,15,12,8,8,0.5,0.4
2024-06-23T0600,2504A,108.5989,21.7431,钦州市,港区一小,,27,27,28,3,5,21,,,,12,11,7,9,0.5,0.7
2024-06-23T0600,3404A,108.5959,21.9633,钦州市,北职校,,12,12,19,6,8,28,,,,8,11,9,9,0.5,0.5
2024-06-23T0600,1042A,119.5134,39.8207,秦皇岛市,北戴河环保局,颗粒物(PM10),117,184,138,60,59,53,,,,17,17,4,4,0.1,0.6
2024-06-23T0600,1043A,119.7493,40.0116,秦皇岛市,第一关,颗粒物(PM10),141,232,164,71,79,22,,,,38,19,3,3,0.2,0.6
2024-06-23T0600,1044A,119.5897,39.9499,秦皇岛市,监测站,颗粒物(PM10),135,220,159,66,68,45,,,,11,14,1,2,0.3,0.8
2024-06-23T0600,1046A,119.5251,39.9041,秦皇岛市,建设大厦,颗粒物(PM10),145,240,175,62,60,53,,,,12,22,3,3,0.0,0.6
2024-06-23T0600,3132A,119.610547,39.943889,秦皇岛市,文明里,颗粒物(PM10),145,240,173,66,87,38,,,,12,17,2,3,0.3,0.8
2024-06-23T0600,1307A,120.6659,36.2403,青岛市,仰口,,49,36,26,34,18,101,,,,9,7,5,5,0.6,0.3
2024-06-23T0600,1310A,120.4134,36.0658,青岛市,市南区东部子站,,32,29,27,22,12,87,,,,18,18,9,9,0.5,0.5
2024-06-23T0600,1311A,120.3664,36.1032,青岛市,四方区子站,,46,46,39,29,23,74,,,,34,26,10,11,0.9,0.7
2024-06-23T0600,1312A,120.2994,36.054,青岛市,市南区西部子站,,39,39,40,20,20,93,,,,29,22,9,9,0.7,0.6
2024-06-23T0600,1313A,120.4581,36.0858,青岛市,崂山区子站,,39,39,25,22,16,64,,,,32,17,10,10,0.6,0.6
2024-06-23T0600,1314A,120.1983,35.9608,青岛市,黄岛区子站,颗粒物(PM10),57,63,35,39,22,93,,,,19,19,8,7,0.9,0.7
2024-06-23T0600,1315A,120.3999,36.3083,青岛市,城阳区子站,,48,48,32,29,18,76,,,,37,25,9,8,1.0,0.6
2024-06-23T0600,1966A,120.0405,35.8735,青岛市,黄岛区4号,"颗粒物(PM10),细颗粒物(PM2.5)",62,73,40,44,21,97,,,,25,21,11,9,0.9,0.7
2024-06-23T0600,3362A,120.5014,36.4034,青岛市,即墨2号,颗粒物(PM10),56,61,41,35,20,75,,,,35,20,8,8,0.8,0.5
2024-06-23T0600,3642A,120.3503,36.0736,青岛市,市北区南部,,45,32,33,31,20,111,,,,16,20,8,7,0.8,0.7
2024-06-23T0600,3643A,120.3948,36.1805,青岛市,李沧区北部,,,73,43,39,24,,,,,,37,,10,,0.7
2024-06-23T0600,1702A,113.0426,23.691,清远市,环保大楼,,19,13,33,13,17,17,,,,14,17,14,7,0.5,0.5
2024-06-23T0600,1703A,113.0208,23.7106,清远市,凤城街办,,15,11,31,10,23,12,,,,14,15,4,4,0.3,0.4
2024-06-23T0600,3025A,113.0477,23.6344,清远市,技师学院,,22,22,32,10,19,28,,,,18,21,7,6,0.5,0.5
2024-06-23T0600,3318A,112.9903,23.7403,清远市,清新太和,,8,6,31,3,16,18,,,,16,20,6,7,0.4,0.3
2024-06-23T0600,3455A,113.076,23.7198,清远市,清城东城,,21,21,33,10,21,4,,,,20,13,5,5,0.6,0.6
2024-06-23T0600,2661A,107.6325,35.7357,庆阳市,庆阳五中,颗粒物(PM10),54,58,40,14,14,95,,,,10,9,7,3,0.2,0.2
2024-06-23T0600,2662A,107.6364,35.7067,庆阳市,市环保局,颗粒物(PM10),51,52,38,16,11,95,,,,9,10,8,5,0.3,0.3
2024-06-23T0600,1916A,103.7897,25.5035,曲靖市,环境监测站,,32,29,24,22,12,24,,,,11,12,3,3,1.0,0.7
2024-06-23T0600,1917A,103.8,25.5364,曲靖市,烟厂办公区,,23,20,22,16,12,28,,,,6,10,4,4,0.7,0.6
2024-06-23T0600,3376A,103.7947,25.462,曲靖市,南苑二区,,34,34,25,16,13,26,,,,13,13,14,6,0.6,0.6
2024-06-23T0600,3377A,103.7444,25.5261,曲靖市,曲靖师范学院,,28,21,22,19,14,26,,,,18,13,4,6,0.8,0.8
2024-06-23T0600,1264A,118.8692,28.9398,衢州市,环保大楼,,36,36,26,25,15,22,,,,13,15,4,4,0.2,0.2
2024-06-23T0600,1265A,118.8709,28.9666,衢州市,实验学校,,43,41,30,30,19,17,,,,13,13,2,2,0.2,0.2
2024-06-23T0600,1266A,118.8621,28.9808,衢州市,衢州学院,细颗粒物(PM2.5),53,41,27,37,21,9,,,,21,15,9,4,0.4,0.4
2024-06-23T0600,1611A,118.5819,24.9117,泉州市,涂山街,,35,35,33,22,18,15,,,,25,15,7,5,0.6,0.5
2024-06-23T0600,1612A,118.5972,24.8978,泉州市,津头埔,,32,29,31,22,18,16,,,,26,17,5,4,0.4,0.4
2024-06-23T0600,1613A,118.6663,24.9424,泉州市,万安,,29,29,30,18,19,14,,,,22,12,4,3,0.4,0.4
2024-06-23T0600,1614A,118.6117,24.9604,泉州市,清源山,,,,,,,,,,,,,,,,
2024-06-23T0600,3529A,118.6333,24.9264,泉州市,城华南路,,30,27,26,21,13,16,,,,22,15,5,4,0.4,0.4
2024-06-23T0600,2626A,88.8876,29.2718,日喀则市,日喀则监测站,,27,6,7,3,3,86,,,,4,5,6,5,0.4,0.4
2024-06-23T0600,3726A,88.8781,29.2426,日喀则市,林业技术推广中心,,25,6,9,3,2,80,,,,5,6,6,5,0.5,0.5
2024-06-23T0600,1659A,119.471,35.4209,日照市,监测站,细颗粒物(PM2.5),80,68,40,59,31,50,,,,42,25,10,11,0.8,0.7
2024-06-23T0600,1660A,119.523,35.4216,日照市,市政府广场,细颗粒物(PM2.5),68,78,54,49,27,80,,,,30,26,13,13,1.0,0.8
2024-06-23T0600,1661A,119.5587,35.4044,日照市,港务局,颗粒物(PM10),64,78,52,45,24,83,,,,36,25,13,11,1.0,0.8
2024-06-23T0600,3507A,119.5328,35.4625,日照市,职业技术学院,细颗粒物(PM2.5),70,75,54,51,30,95,,,,26,26,11,10,1.0,0.9
2024-06-23T0600,3604A,119.3266,35.1044,日照市,岚山环保分局,细颗粒物(PM2.5),59,58,40,42,27,75,,,,22,15,10,8,1.1,0.8
2024-06-23T0600,1835A,111.1922,34.7752,三门峡市,市政府,,37,37,50,14,19,38,,,,34,34,8,12,0.4,0.5
2024-06-23T0600,1836A,111.1587,34.7942,三门峡市,开发区,颗粒物(PM10),51,52,53,19,20,41,,,,33,24,10,13,0.4,0.4
2024-06-23T0600,1838A,111.143,34.7955,三门峡市,风景区,,,,,,,,,,,,,,,,
2024-06-23T0600,3039A,111.1911,34.7829,三门峡市,三门峡市第一小学,,37,37,55,6,16,42,,,,30,27,9,11,0.5,0.6
2024-06-23T0600,3598A,111.1,34.7167,三门峡市,富达温泉假日酒店,颗粒物(PM10),64,78,61,42,28,27,,,,33,30,14,17,0.5,0.6
2024-06-23T0600,2324A,117.6211,26.2625,三明市,三钢,,43,43,35,24,23,3,,,,17,18,13,16,1.9,1.6
2024-06-23T0600,2325A,117.635,26.2714,三明市,三明二中,,26,26,25,18,17,5,,,,16,13,6,8,0.9,0.7
2024-06-23T0600,2326A,117.6028,26.2378,三明市,三元区政府,,48,48,31,19,17,3,,,,13,12,4,5,0.5,0.4
2024-06-23T0600,2327A,117.7275,26.3108,三明市,洋溪,,,,,,,,,,,,,,,,
2024-06-23T0600,1876A,109.5078,18.2489,三亚市,河东子站,,16,6,10,3,3,49,,,,2,3,3,3,0.5,0.4
2024-06-23T0600,1877A,109.4964,18.2681,三亚市,河西子站,,15,,8,3,4,48,,,,1,5,1,1,0.4,0.3
2024-06-23T0600,3540A,109.7348,18.3443,三亚市,君悦子站,,13,6,9,3,3,40,,,,5,5,1,2,0.3,0.3
2024-06-23T0600,2624A,91.7608,29.2313,山南市,山南监测站,,23,,10,3,6,73,,,,2,3,4,5,0.2,0.2
2024-06-23T0600,2625A,91.7706,29.2436,山南市,山南人民医院,,22,6,15,3,7,70,,,,5,7,6,6,0.3,0.3
2024-06-23T0600,1674A,116.6794,23.3667,汕头市,金平子站,,26,,33,18,17,33,,,,8,8,8,7,0.7,0.8
2024-06-23T0600,1675A,116.7244,23.3633,汕头市,龙湖子站,,18,16,21,12,15,35,,,,5,6,6,7,0.5,0.6
2024-06-23T0600,1676A,116.7258,23.2775,汕头市,濠江子站,,19,14,22,13,16,19,,,,7,7,5,6,0.9,0.8
2024-06-23T0600,1677A,116.7519,23.4714,汕头市,澄海子站,,28,28,25,19,15,32,,,,10,9,5,5,0.7,0.7
2024-06-23T0600,1678A,116.6092,23.2539,汕头市,潮阳子站,,29,22,23,20,15,25,,,,9,4,5,6,0.6,0.5
2024-06-23T0600,3444A,116.454,23.2684,汕头市,潮南峡山,,28,28,28,14,20,25,,,,11,7,5,5,0.4,0.4
2024-06-23T0600,3624A,116.4069,23.2533,汕头市,潮南子站,,28,20,31,19,18,36,,,,4,3,7,7,0.6,0.6
2024-06-23T0600,1693A,115.3653,22.775,汕尾市,市环保局,,13,13,23,6,11,34,,,,2,2,4,4,0.4,0.5
2024-06-23T0600,1694A,115.3706,22.7898,汕尾市,市政府,,15,14,16,10,12,38,,,,2,2,7,7,0.4,0.5
2024-06-23T0600,1695A,115.3622,22.7925,汕尾市,新城中学,,12,11,21,3,12,38,,,,2,3,4,11,0.5,0.4
2024-06-23T0600,2645A,109.9154,33.8715,商洛市,监测站,,39,39,44,18,18,42,,,,16,17,4,6,0.4,0.5
2024-06-23T0600,3045A,109.9643,33.8471,商洛市,商州区中学,,25,25,51,8,18,16,,,,34,25,4,9,0.4,0.7
2024-06-23T0600,2408A,115.6702,34.4285,商丘市,环境监测站,颗粒物(PM10),51,51,50,29,29,88,,,,14,8,10,8,0.5,0.5
2024-06-23T0600,2409A,115.6458,34.4045,商丘市,粮食局,颗粒物(PM10),58,65,46,19,24,79,,,,19,9,5,5,0.6,0.6
2024-06-23T0600,2410A,115.6293,34.3948,商丘市,睢阳区环保局,颗粒物(PM10),59,68,56,35,30,68,,,,25,12,5,4,0.6,0.6
2024-06-23T0600,3171A,115.6071,34.4465,商丘市,梁园区档案局,颗粒物(PM10),58,66,52,28,26,80,,,,16,10,8,7,0.7,0.6
2024-06-23T0600,1141A,121.4,31.238,上海市,普陀,,23,16,25,12,22,73,,,,13,26,4,5,0.5,0.5
2024-06-23T0600,1142A,121.478,31.2036,上海市,十五厂,,21,12,22,6,20,67,,,,10,29,6,7,0.6,0.7
2024-06-23T0600,1143A,121.467,31.3008,上海市,虹口,,20,19,24,10,20,62,,,,16,26,4,5,0.5,0.6
2024-06-23T0600,1144A,121.412,31.1654,上海市,徐汇上师大,,17,16,26,9,22,54,,,,16,28,6,6,0.7,0.7
2024-06-23T0600,1145A,121.536,31.2659,上海市,杨浦四漂,,26,20,25,9,21,83,,,,10,29,6,6,0.8,0.9
2024-06-23T0600,1147A,121.425,31.2261,上海市,静安监测站,,21,17,26,11,22,65,,,,18,29,6,7,0.5,0.6
2024-06-23T0600,1148A,121.703,31.1907,上海市,浦东川沙,,19,15,27,11,28,59,,,,22,28,6,6,0.7,0.7
2024-06-23T0600,1149A,121.533,31.2284,上海市,浦东新区监测站,,24,19,23,7,22,75,,,,12,31,4,4,0.7,0.7
2024-06-23T0600,1150A,121.577,31.2071,上海市,浦东张江,,23,14,23,6,21,72,,,,14,30,5,5,0.8,0.9
2024-06-23T0600,3265A,121.4316,31.3322,上海市,宝山庙行,,22,19,24,11,19,69,,,,7,21,8,8,0.7,0.7
2024-06-23T0600,3266A,121.8791,31.4662,上海市,崇明上实东滩,,35,31,27,24,18,81,,,,14,27,9,8,0.8,0.8
2024-06-23T0600,3268A,121.3162,31.2838,上海市,嘉定南翔,,18,14,22,8,18,56,,,,20,32,4,5,0.7,0.7
2024-06-23T0600,3269A,121.3359,30.7456,上海市,金山新城,,30,,24,21,27,91,,,,7,16,6,7,0.4,0.4
2024-06-23T0600,3270A,121.4996,31.0739,上海市,闵行浦江,,27,27,26,16,25,45,,,,20,27,4,4,0.7,0.7
2024-06-23T0600,3271A,121.2886,31.1663,上海市,青浦徐泾,,17,17,23,8,22,48,,,,15,25,5,5,0.5,0.5
2024-06-23T0600,3272A,121.2186,31.0378,上海市,松江图书馆,,21,21,25,14,22,52,,,,20,24,5,6,0.8,0.7
2024-06-23T0600,3273A,121.3902,31.2059,上海市,长宁仙霞,,15,14,24,10,19,48,,,,17,29,6,5,0.8,0.9
2024-06-23T0600,3274A,121.7965,31.0507,上海市,浦东惠南,,22,16,23,11,24,69,,,,13,27,7,7,0.6,0.6
2024-06-23T0600,3544A,121.4891,30.925,上海市,奉贤南桥新城,,23,23,20,11,18,70,,,,13,22,5,4,0.6,0.6
2024-06-23T0600,2381A,118.005,28.4572,上饶市,百草园,,48,48,28,27,15,13,,,,22,11,17,9,0.8,0.7
2024-06-23T0600,2382A,117.9756,28.4436,上饶市,市监测站,,40,40,33,24,18,4,,,,17,12,10,4,0.6,0.5
2024-06-23T0600,2383A,117.9519,28.4628,上饶市,凤凰光学,,35,35,29,21,16,4,,,,22,14,15,6,0.8,0.7
2024-06-23T0600,3413A,118.1953,28.4401,上饶市,广丰区教体局,,28,28,25,18,14,7,,,,10,6,3,5,0.6,0.5
2024-06-23T0600,3685A,117.897,28.4315,上饶市,双创科技城,,31,31,32,18,16,4,,,,26,15,9,5,0.7,0.6
2024-06-23T0600,1669A,113.5824,24.7733,韶关市,市八中,,35,35,53,17,30,23,,,,14,9,13,13,0.9,0.6
2024-06-23T0600,1671A,113.5917,24.7972,韶关市,园林处,,,,30,,30,,,41,,,8,,9,,0.5
2024-06-23T0600,1672A,113.6735,24.7791,韶关市,韶关学院,,23,18,37,16,26,50,,,,8,10,8,9,0.3,0.4
2024-06-23T0600,1673A,113.5971,24.6863,韶关市,曲江监测站,,27,27,38,14,24,31,,,,12,11,12,12,0.5,0.5
2024-06-23T0600,3622A,113.5556,24.8082,韶关市,碧湖山庄,,27,27,35,14,23,23,,,,19,11,16,11,0.4,0.3
2024-06-23T0600,2462A,111.5239,27.3033,邵阳市,市水土所,,30,30,27,14,16,2,,,,6,5,5,7,0.6,0.6
2024-06-23T0600,2463A,111.4733,27.2317,邵阳市,市一中,,40,36,28,28,18,18,,,,12,9,10,9,0.4,0.4
2024-06-23T0600,2464A,111.5283,27.2442,邵阳市,市化工厂,,22,22,30,15,15,32,,,,6,11,8,8,0.5,0.5
2024-06-23T0600,2465A,111.4503,27.2537,邵阳市,市罐头厂,,36,30,28,25,17,13,,,,15,9,11,8,0.3,0.3
2024-06-23T0600,2466A,111.4328,27.2272,邵阳市,市环保局,,28,25,27,19,19,31,,,,9,8,7,9,0.3,0.3
2024-06-23T0600,1247A,120.6053,29.9928,绍兴市,城东开发委,,26,26,25,14,14,17,,,,16,12,4,5,0.7,0.6
2024-06-23T0600,2921A,120.5483,30.0003,绍兴市,树下王站,,29,26,24,20,18,12,,,,12,8,3,3,0.6,0.6
2024-06-23T0600,3408A,120.5683,29.9361,绍兴市,绍兴中专,,30,28,26,21,17,27,,,,8,10,1,1,0.3,0.4
2024-06-23T0600,3409A,120.4906,30.0861,绍兴市,柯桥区政府,,26,26,31,14,18,28,,,,8,12,5,4,0.3,0.3
2024-06-23T0600,3410A,120.8752,30.0249,绍兴市,重华小学,,20,20,25,11,14,18,,,,14,11,6,7,0.8,0.8
2024-06-23T0600,3411A,120.8369,30.0137,绍兴市,上虞中学,,36,34,32,25,20,16,,,,16,20,8,11,0.6,0.6
2024-06-23T0600,3560A,120.4722,30.0415,绍兴市,柯桥妇保,,33,27,30,23,20,24,,,,10,14,6,6,0.6,0.7
2024-06-23T0600,3658A,120.6153,30.0764,绍兴市,袍江中学,,26,24,26,18,15,24,,,,15,14,10,10,0.5,0.5
2024-06-23T0600,1356A,114.1063,22.5545,深圳市,通心岭子站,,11,11,15,6,11,33,,,,3,6,5,4,0.2,0.3
2024-06-23T0600,1357A,114.117,22.5625,深圳市,洪湖,,11,11,14,6,10,9,,,,19,9,6,6,0.4,0.4
2024-06-23T0600,1358A,113.987,22.5417,深圳市,华侨城,,10,6,12,3,5,30,,,,2,5,3,4,0.3,0.4
2024-06-23T0600,1359A,113.9181,22.5171,深圳市,南海子站,,10,6,16,3,12,31,,,,9,11,5,5,0.5,0.5
2024-06-23T0600,1360A,114.2458,22.5689,深圳市,盐田,,16,16,20,3,9,15,,,,15,10,5,5,0.4,0.4
2024-06-23T0600,1361A,114.2283,22.7244,深圳市,龙岗,,10,6,15,3,10,31,,,,3,5,4,4,0.4,0.3
2024-06-23T0600,1363A,114.494,22.5422,深圳市,南澳,,11,11,13,3,7,19,,,,3,3,6,6,0.4,0.4
2024-06-23T0600,1364A,114.41,22.6342,深圳市,葵涌,,11,11,17,3,9,26,,,,9,7,4,5,0.4,0.4
2024-06-23T0600,1365A,114.297,22.5978,深圳市,梅沙,,14,14,20,3,9,23,,,,2,4,4,4,0.3,0.3
2024-06-23T0600,1366A,114.0678,22.738,深圳市,观澜,,16,16,22,6,12,18,,,,15,14,7,8,0.6,0.5
2024-06-23T0600,3305A,114.0731,22.559,深圳市,莲花,,14,14,15,7,12,18,,,,4,6,5,4,0.4,0.4
2024-06-23T0600,3306A,114.0261,22.6198,深圳市,民治,,9,8,12,3,11,9,,,,18,8,4,4,0.5,0.5
2024-06-23T0600,3307A,114.1871,22.6451,深圳市,横岗,,10,8,14,6,12,20,,,,19,11,6,6,0.5,0.5
2024-06-23T0600,3447A,114.3551,22.7151,深圳市,坪山,,10,10,14,3,10,24,,,,7,6,3,3,0.5,0.5
2024-06-23T0600,3623A,113.8953,22.5861,深圳市,西乡,,12,12,16,3,11,23,,,,11,10,5,6,0.5,0.5
2024-06-23T0600,1098A,123.6836,41.9339,沈阳市,森林路,,,,,,,,,,,,,,,,
2024-06-23T0600,1099A,123.505,41.7406,沈阳市,浑南东路,颗粒物(PM10),94,137,55,47,20,56,,,,16,16,5,6,0.6,0.7
2024-06-23T0600,1100A,123.4231,41.6989,沈阳市,新秀街,颗粒物(PM10),86,121,52,41,20,49,,,,15,16,4,7,0.6,0.7
2024-06-23T0600,1102A,123.5903,41.8411,沈阳市,东陵路,颗粒物(PM10),91,132,50,35,18,39,,,,17,16,8,9,0.5,0.6
2024-06-23T0600,1103A,123.4264,41.8467,沈阳市,陵东街,颗粒物(PM10),79,107,56,30,23,38,,,,15,15,4,5,0.6,0.9
2024-06-23T0600,1104A,123.4114,41.7653,沈阳市,文化路,,,,48,,25,,,107,,,15,,4,,0.6
2024-06-23T0600,1105A,123.4678,41.7867,沈阳市,小河沿,颗粒物(PM10),81,112,45,41,23,44,,,,19,17,5,4,0.5,0.7
2024-06-23T0600,1106A,123.4017,41.7972,沈阳市,太原街,颗粒物(PM10),79,108,46,48,29,49,,,,13,15,4,4,0.4,0.6
2024-06-23T0600,1108A,123.3783,41.9228,沈阳市,京沈街,颗粒物(PM10),99,148,71,46,30,46,,,,13,13,10,10,0.5,0.7
2024-06-23T0600,2897A,123.2444,41.7347,沈阳市,沈辽西路,颗粒物(PM10),112,174,74,46,25,29,,,,36,15,15,5,0.5,0.9
2024-06-23T0600,2900A,123.5953,41.9086,沈阳市,裕农路,颗粒物(PM10),86,122,53,37,20,46,,,,17,13,7,8,0.6,0.7
2024-06-23T0600,2428A,111.0419,32.395,十堰市,武当山,,46,30,32,12,12,147,,,,11,13,10,10,0.6,0.6
2024-06-23T0600,2429A,110.78,32.6494,十堰市,滨河新村,,25,25,35,13,16,12,,,,27,18,6,6,0.6,0.9
2024-06-23T0600,2430A,110.7258,32.6389,十堰市,刘家沟,,31,31,32,15,15,26,,,,8,10,4,4,0.7,0.6
2024-06-23T0600,2431A,110.8839,32.5714,十堰市,铁二处,,24,24,33,10,15,46,,,,3,5,4,4,0.5,0.5
2024-06-23T0600,3545A,110.8054,32.8401,十堰市,郧阳区金沙路,,26,26,17,9,8,30,,,,8,8,6,7,0.5,0.6
2024-06-23T0600,2709A,86.0497,44.2967,石河子市,艾青诗歌馆,,24,24,37,16,13,35,,,,40,32,5,7,0.5,0.6
2024-06-23T0600,2710A,86.0697,44.3075,石河子市,阳光学校,,,,,,,,,,,,,,,,
2024-06-23T0600,3442A,86.047,44.2331,石河子市,南区管委会,,25,23,25,3,6,80,,,,6,9,6,7,0.5,0.4
2024-06-23T0600,1029A,114.4422,38.0444,石家庄市,职工医院,颗粒物(PM10),55,60,75,22,31,65,,,,20,13,14,5,0.5,0.5
2024-06-23T0600,1030A,114.6063,38.0266,石家庄市,高新区,颗粒物(PM10),63,75,84,41,33,66,,,,22,15,6,4,0.3,0.4
2024-06-23T0600,1031A,114.4898,38.1328,石家庄市,西北水源,颗粒物(PM10),60,69,107,14,26,48,,,,36,15,19,7,0.4,0.2
2024-06-23T0600,1032A,114.4586,38.0058,石家庄市,西南高教,颗粒物(PM10),51,51,82,9,25,70,,,,16,14,7,4,0.3,0.4
2024-06-23T0600,1033A,114.5331,38.0178,石家庄市,世纪公园,颗粒物(PM10),60,70,80,20,32,67,,,,19,14,8,4,0.4,0.4
2024-06-23T0600,1034A,114.509,38.0457,石家庄市,人民会堂,颗粒物(PM10),55,60,83,15,35,64,,,,22,12,12,3,0.5,0.4
2024-06-23T0600,1035A,114.3524,37.8911,石家庄市,封龙山,颗粒物(PM10),79,108,74,13,28,87,,,,11,11,10,9,0.2,0.5
2024-06-23T0600,2862A,114.5481,38.0378,石家庄市,22中南校区,颗粒物(PM10),65,80,98,28,36,69,,,,19,16,10,4,0.4,0.3
2024-06-23T0600,3456A,114.289,38.0906,石家庄市,鹿泉一中,颗粒物(PM10),75,100,102,24,35,66,,,,33,14,20,5,0.4,0.3
2024-06-23T0600,3573A,114.8506765,38.0322033,石家庄市,藁城区实验学校,颗粒物(PM10),68,85,95,16,32,58,,,,28,17,4,4,0.3,0.4
2024-06-23T0600,3574A,114.0504658,38.0591645,石家庄市,井陉矿区区委大楼,颗粒物(PM10),78,106,93,14,21,14,,,,68,17,18,6,0.4,0.3
2024-06-23T0600,4024A,114.6549,37.9020,石家庄市,栾城区星河路,颗粒物(PM10),61,72,86,18,33,51,,,,27,13,4,4,0.5,0.6
2024-06-23T0600,1947A,106.3394,38.817,石嘴山市,沙湖旅游区,颗粒物(PM10),97,144,190,46,52,44,,,,25,14,14,11,0.6,0.4
2024-06-23T0600,1948A,106.3668,39.0145,石嘴山市,大武口朝阳西街,颗粒物(PM10),73,95,195,29,47,91,,,,10,15,5,10,0.5,0.5
2024-06-23T0600,1949A,106.7704,39.2282,石嘴山市,惠农南大街,颗粒物(PM10),103,156,240,49,59,62,,,,14,18,18,17,0.9,0.7
2024-06-23T0600,1950A,106.7099,39.1325,石嘴山市,红果子镇惠新街,颗粒物(PM10),79,108,223,25,47,76,,,,14,17,14,15,0.8,0.5
2024-06-23T0600,3520A,106.3495,38.9836,石嘴山市,妇女儿童医院,颗粒物(PM10),63,75,160,27,47,85,,,,5,10,6,10,0.2,0.4
2024-06-23T0600,3521A,106.7492,39.2069,石嘴山市,石大公路,颗粒物(PM10),80,109,194,52,76,71,,,,9,23,20,11,0.4,0.6
2024-06-23T0600,2248A,131.1511,46.6937,双鸭山市,双合村,,11,6,4,3,4,33,,,,3,4,7,7,0.1,0.1
2024-06-23T0600,2249A,131.1652,46.6191,双鸭山市,南小市,,12,7,6,3,3,37,,,,3,3,7,6,0,0
2024-06-23T0600,2250A,131.1524,46.6554,双鸭山市,环保局,,29,,16,20,16,31,,,,5,6,6,7,0.1,0.2
2024-06-23T0600,2251A,131.12,46.5656,双鸭山市,苗圃,,23,18,21,16,19,33,,,,7,5,3,3,0.2,0.2
2024-06-23T0600,2166A,112.4397,39.3522,朔州市,平朔,颗粒物(PM10),154,258,196,67,48,49,,,,11,6,7,7,0.4,0.4
2024-06-23T0600,2167A,112.4575,39.3617,朔州市,朔唯,颗粒物(PM10),188,325,250,70,53,44,,,,13,9,10,9,0.5,0.3
2024-06-23T0600,2168A,112.4258,39.3197,朔州市,区政府,颗粒物(PM10),154,257,202,72,52,62,,,,9,6,6,5,0.5,0.4
2024-06-23T0600,2169A,112.4072,39.3278,朔州市,市环保局,颗粒物(PM10),155,259,204,71,53,60,,,,10,7,9,8,0.5,0.5
2024-06-23T0600,2170A,112.4272,39.3681,朔州市,市二中,颗粒物(PM10),168,285,221,62,48,42,,,,13,8,7,8,0.1,0.4
2024-06-23T0600,3571A,112.2931,39.53,朔州市,一水厂,颗粒物(PM10),180,309,250,73,51,59,,,,11,9,32,7,0.4,0.3
2024-06-23T0600,2225A,124.4002,43.1713,四平市,一商场,,13,11,106,3,26,39,,,,14,16,6,5,0.2,0.3
2024-06-23T0600,2226A,124.388,43.193,四平市,境园,,10,8,102,3,25,30,,,,10,11,7,6,0.2,0.3
2024-06-23T0600,3486A,124.4036,43.1411,四平市,植物园,,12,,96,8,31,31,,,,12,17,4,5,0.1,0.2
2024-06-23T0600,3713A,124.3419,43.1666,四平市,世纪城,,13,13,95,3,29,34,,,,11,14,5,6,0.1,0.4
2024-06-23T0600,2233A,124.8006,45.1214,松原市,江南,,10,,10,3,6,32,,,,2,4,4,3,0.5,0.5
2024-06-23T0600,2234A,124.7965,45.1722,松原市,江北,,10,,7,3,3,32,,,,7,7,4,4,0.4,0.4
2024-06-23T0600,1160A,120.561,31.2472,苏州市,上方山,,13,12,14,8,14,41,,,,3,7,6,6,1.0,0.9
2024-06-23T0600,1162A,120.591,31.3019,苏州市,彩香,,20,17,13,12,5,61,,,,6,10,6,7,0.7,0.6
2024-06-23T0600,1163A,120.596,31.3264,苏州市,轧钢厂,,23,19,12,14,8,71,,,,9,15,5,5,0.7,0.6
2024-06-23T0600,1164A,120.613,31.2703,苏州市,吴中区,,24,19,12,14,7,74,,,,9,14,8,7,0.6,0.5
2024-06-23T0600,1165A,120.543,31.2994,苏州市,苏州新区,,25,17,14,13,11,79,,,,6,10,7,6,0.6,0.5
2024-06-23T0600,1166A,120.669,31.3097,苏州市,苏州工业园区,,21,16,18,14,13,67,,,,3,9,7,7,0.6,0.5
2024-06-23T0600,1167A,120.641,31.3708,苏州市,相城区,,36,,11,25,8,68,,,,2,8,6,6,0.6,0.5
2024-06-23T0600,3289A,120.743,31.3188,苏州市,方洲路,,24,16,12,14,9,76,,,,3,8,8,7,0.8,0.7
2024-06-23T0600,3290A,120.5031,31.2774,苏州市,木渎中学,,24,13,8,12,6,76,,,,6,6,7,6,0.7,0.6
2024-06-23T0600,3425A,120.624,31.1733,苏州市,越秀幼儿园,,25,,16,12,7,78,,,,7,12,6,6,0.7,0.7
2024-06-23T0600,3431A,120.6505,31.416,苏州市,高铁新城,,33,33,12,18,8,55,,,,22,21,8,7,0.9,0.7
2024-06-23T0600,1220A,118.293,33.9528,宿迁市,宿迁学院,,43,30,37,30,35,80,,,,10,12,3,3,0.8,0.8
2024-06-23T0600,1221A,118.2442,33.9592,宿迁市,宿迁中学,细颗粒物(PM2.5),64,,36,46,43,88,,,,10,12,5,5,0.7,0.7
2024-06-23T0600,2996A,118.283,33.965,宿迁市,市供电局,,46,,37,32,36,87,,,,9,9,2,3,0.9,1
2024-06-23T0600,3191A,118.3225,33.9447,宿迁市,宿豫区政府,,46,,34,32,35,87,,,,10,10,5,5,0.7,0.8
2024-06-23T0600,3187A,116.9509,33.666,宿州市,远航博物馆,,38,32,42,26,30,70,,,,5,7,4,4,0.2,0.2
2024-06-23T0600,3463A,116.9708,33.591,宿州市,社会福利中心,,45,41,49,31,39,53,,,,14,12,4,4,0.4,0.3
2024-06-23T0600,3634A,116.9884,33.6305,宿州市,宿州学院,,39,39,46,13,22,67,,,,6,6,6,5,0.1,0.1
2024-06-23T0600,3701A,116.9648,33.6252,宿州市,皖北煤电集团,,49,42,50,34,34,88,,,,8,8,8,8,0.7,0.8
2024-06-23T0600,2266A,126.9785,46.6365,绥化市,人和东街,,12,8,8,6,4,38,,,,12,10,6,6,0.3,0.3
2024-06-23T0600,2267A,126.964,46.6528,绥化市,党政办公中心,,13,6,3,3,1,41,,,,6,7,4,4,0.3,0.3
2024-06-23T0600,2451A,113.3583,31.7275,随州市,市委党校,,25,21,25,17,15,76,,,,2,4,9,9,0.8,0.7
2024-06-23T0600,2452A,113.3833,31.6908,随州市,市林业局,,23,23,26,15,15,68,,,,2,4,5,6,0.7,0.7
2024-06-23T0600,2453A,113.3983,31.7308,随州市,市立交桥水厂,,39,33,27,27,18,57,,,,6,6,9,6,0.7,0.7
2024-06-23T0600,2527A,105.5453,30.5678,遂宁市,石溪浩,,46,46,38,23,13,27,,,,23,16,8,8,0.8,0.7
2024-06-23T0600,2528A,105.5582,30.5232,遂宁市,市监测站,颗粒物(PM10),55,60,38,19,11,55,,,,12,12,6,8,0.5,0.4
2024-06-23T0600,2529A,105.5861,30.5366,遂宁市,行政中心,,39,39,34,22,15,64,,,,11,13,11,11,0.6,0.5
2024-06-23T0600,2530A,105.5918,30.4728,遂宁市,美宁食品公司,颗粒物(PM10),51,51,32,28,14,39,,,,34,21,9,9,0.5,0.3
2024-06-23T0600,2706A,82.9994,46.7432,塔城地区,东门外小游园,,17,16,35,7,12,54,,,,3,5,6,6,0.0,0.2
2024-06-23T0600,1255A,121.273,28.6459,台州市,黄岩环保大楼,颗粒物(PM10),51,51,39,35,23,7,,,,25,10,7,7,0.6,0.5
2024-06-23T0600,1256A,121.419,28.6542,台州市,台州环保大楼,,42,42,48,23,26,34,,,,17,13,6,7,0.4,0.4
2024-06-23T0600,1257A,121.377,28.5773,台州市,路桥田洋王,,29,29,36,16,23,40,,,,10,9,8,10,0.4,0.5
2024-06-23T0600,3564A,121.2568,28.6681,台州市,台州科技职业学院,,46,46,44,22,21,6,,,,40,24,8,8,0.7,0.5
2024-06-23T0600,1081A,112.522,37.8873,太原市,尖草坪,颗粒物(PM10),69,88,78,18,20,64,,,,27,23,7,5,0.4,0.3
2024-06-23T0600,1083A,112.434,38.0108,太原市,上兰,,,,,,,,,,,,,,,,
2024-06-23T0600,1084A,112.469,37.7124,太原市,晋源,颗粒物(PM10),54,57,83,23,23,66,,,,31,24,4,4,0.3,0.3
2024-06-23T0600,1085A,112.5583,37.7394,太原市,小店,颗粒物(PM10),71,91,63,20,23,17,,,,71,30,6,4,0.5,0.4
2024-06-23T0600,1086A,112.5369,37.8692,太原市,桃园,颗粒物(PM10),66,82,76,20,21,71,,,,22,21,6,4,0.3,0.2
2024-06-23T0600,1087A,112.57,37.8195,太原市,坞城,颗粒物(PM10),58,65,67,34,22,65,,,,24,21,7,4,0.4,0.3
2024-06-23T0600,1088A,112.549,37.9854,太原市,南寨,颗粒物(PM10),58,66,74,14,18,5,,,,56,25,6,6,0.3,0.2
2024-06-23T0600,3618A,112.4719,37.7831,太原市,金胜,颗粒物(PM10),76,102,79,26,19,85,,,,12,15,6,5,0.2,0.2
2024-06-23T0600,4010A,112.5608,37.8807,太原市,育英中学,颗粒物(PM10),55,60,61,14,19,58,,,,32,21,7,5,0.3,0.3
2024-06-23T0600,1656A,117.1437,36.1937,泰安市,监测站,细颗粒物(PM2.5),70,78,58,51,38,96,,,,27,19,13,10,0.8,0.7
2024-06-23T0600,1657A,117.0885,36.2017,泰安市,人口学校,颗粒物(PM10),56,61,49,30,25,97,,,,22,15,9,8,0.6,0.5
2024-06-23T0600,1658A,117.1089,36.1758,泰安市,电力学校,细颗粒物(PM2.5),128,,57,97,60,70,,,,38,17,8,8,0.5,0.3
2024-06-23T0600,3502A,117.1812,36.2275,泰安市,国网新校,细颗粒物(PM2.5),62,68,54,44,33,86,,,,20,11,10,10,0.7,0.7
2024-06-23T0600,3503A,117.0313,36.2018,泰安市,交通技校,细颗粒物(PM2.5),65,61,47,47,26,80,,,,45,14,8,8,0.5,0.4
2024-06-23T0600,3504A,117.0829,36.13,泰安市,山东第一医科大学,颗粒物(PM10),60,70,53,42,26,73,,,,30,19,12,12,0.6,0.5
2024-06-23T0600,1206A,119.905,32.4878,泰州市,公园路,细颗粒物(PM2.5),64,,17,46,20,42,,,,14,14,7,8,0.9,0.8
2024-06-23T0600,1207A,119.9189,32.4625,泰州市,莲花,细颗粒物(PM2.5),52,42,19,36,19,48,,,,14,14,7,8,0.9,0.8
2024-06-23T0600,1209A,119.888,32.4639,泰州市,留学生创业园,细颗粒物(PM2.5),55,41,22,39,18,49,,,,15,14,5,6,1.1,0.9
2024-06-23T0600,2997A,119.8767,32.3289,泰州市,王营,细颗粒物(PM2.5),55,,15,39,18,51,,,,24,17,7,7,0.7,0.7
2024-06-23T0600,3295A,120.1259,32.5099,泰州市,姜堰区政府广场,,43,32,17,30,14,67,,,,15,17,12,12,0.9,0.8
2024-06-23T0600,3435A,119.9192,32.4322,泰州市,周山河街区,细颗粒物(PM2.5),80,,22,59,26,55,,,,11,14,7,7,0.8,0.7
2024-06-23T0600,1037A,118.131,39.6363,唐山市,雷达站,颗粒物(PM10),150,249,156,103,65,66,,,,8,11,3,3,0.3,0.6
2024-06-23T0600,1038A,118.1725,39.6334,唐山市,物资局,颗粒物(PM10),151,252,143,82,53,59,,,,10,9,1,3,0.3,0.7
2024-06-23T0600,1040A,118.1705,39.6506,唐山市,十二中,颗粒物(PM10),144,237,142,87,48,58,,,,1,3,3,3,0.4,0.7
2024-06-23T0600,1041A,118.1869,39.622,唐山市,小山,颗粒物(PM10),156,262,143,98,49,54,,,,7,6,3,3,0.3,0.7
2024-06-23T0600,3457A,118.4359,39.2762,唐山市,冀东油田职工医院,颗粒物(PM10),142,234,109,89,49,66,,,,1,7,4,5,0.2,0.5
2024-06-23T0600,3575A,118.09279,39.58089,唐山市,正泰大街热力站,颗粒物(PM10),144,237,126,86,50,61,,,,4,8,3,3,0.5,0.8
2024-06-23T0600,3576A,118.1562,39.8322,唐山市,丰润区政府,颗粒物(PM10),177,304,191,106,65,47,,,,21,15,7,3,0.8,0.8
2024-06-23T0600,3577A,118.43673,39.73809,唐山市,金山小学,颗粒物(PM10),151,251,165,82,60,41,,,,10,13,2,3,0.5,0.9
2024-06-23T0600,3578A,118.24498,39.66941,唐山市,政府服务中心,颗粒物(PM10),136,222,142,81,53,55,,,,9,8,5,5,0.6,0.7
2024-06-23T0600,3692A,118.2059,39.6585,唐山市,消防缸窑路中队,颗粒物(PM10),142,234,151,87,51,51,,,,14,10,5,3,0.9,0.8
2024-06-23T0600,3693A,118.1436,39.6202,唐山市,路南电大,"颗粒物(PM10),细颗粒物(PM2.5)",139,227,129,106,56,58,,,,2,7,3,3,0.3,0.7
2024-06-23T0600,1015A,117.1444,39.1661,天津市,勤俭道,颗粒物(PM10),101,151,181,62,57,99,,,,24,25,6,6,0.4,0.3
2024-06-23T0600,1017A,117.237,39.1082,天津市,大直沽八号路,颗粒物(PM10),96,141,174,60,59,92,,,,31,21,6,6,0.6,0.5
2024-06-23T0600,1018A,117.202,39.0927,天津市,前进道,颗粒物(PM10),91,132,163,49,49,89,,,,33,22,5,5,0.8,0.7
2024-06-23T0600,1019A,117.1837,39.2133,天津市,淮河道,颗粒物(PM10),104,158,198,69,61,,,,,,25,7,6,0.6,0.6
2024-06-23T0600,1021A,117.307,39.0877,天津市,跃进路,颗粒物(PM10),89,128,176,57,56,84,,,,33,25,5,5,0.8,0.7
2024-06-23T0600,1023A,117.707,39.0343,天津市,第四大街,颗粒物(PM10),64,77,99,24,49,107,,,,29,33,3,3,1.1,0.8
2024-06-23T0600,1024A,117.457,38.8394,天津市,永明路,颗粒物(PM10),65,80,106,29,44,134,,,,13,27,4,4,0.4,0.5
2024-06-23T0600,1026A,117.764,39.1587,天津市,汉北路,颗粒物(PM10),60,69,99,23,43,144,,,,9,19,2,3,0.5,0.7
2024-06-23T0600,1027A,117.157,38.9194,天津市,团泊洼,颗粒物(PM10),82,113,122,49,47,52,,,,40,17,5,5,0.9,0.8
2024-06-23T0600,2858A,117.7918,39.2474,天津市,河西一经路,颗粒物(PM10),84,118,48,38,48,112,,,,10,20,7,5,0.5,0.6
2024-06-23T0600,2859A,117.3747,38.9846,天津市,津沽路,颗粒物(PM10),86,121,147,44,48,92,,,,36,21,6,4,1.2,0.5
2024-06-23T0600,2860A,117.1589,39.0845,天津市,宾水西道,颗粒物(PM10),87,123,148,46,49,75,,,,42,23,4,3,0.7,0.6
2024-06-23T0600,2922A,117.1941,39.1067,天津市,大理道,颗粒物(PM10),86,121,154,54,51,98,,,,28,20,2,2,0.4,0.4
2024-06-23T0600,3020A,117.2101,39.1699,天津市,中山北路,颗粒物(PM10),94,138,175,57,53,105,,,,22,22,6,6,0.9,0.7
2024-06-23T0600,3051A,117.3876,39.1488,天津市,西四道,颗粒物(PM10),88,125,172,44,55,120,,,,16,32,2,3,1.0,0.7
2024-06-23T0600,3325A,117.0365,39.3828,天津市,雍阳西道,颗粒物(PM10),99,148,178,56,48,86,,,,22,18,4,2,0.7,0.4
2024-06-23T0600,3326A,117.0296,39.0605,天津市,辛老路,,,143,190,40,61,40,,,,,22,8,7,0.2,0.3
2024-06-23T0600,3327A,116.9638,38.9375,天津市,地纬路,颗粒物(PM10),115,180,147,60,50,36,,,,52,22,4,3,0.4,0.4
2024-06-23T0600,3460A,117.4067,40.0583,天津市,北环路,颗粒物(PM10),122,194,187,53,51,76,,,,19,15,7,6,0.7,0.5
2024-06-23T0600,3461A,117.3045,39.7169,天津市,建设路,颗粒物(PM10),114,177,195,56,60,92,,,,16,21,10,10,0.9,0.7
2024-06-23T0600,3462A,117.8199,39.3521,天津市,滨水东路,颗粒物(PM10),112,173,102,49,48,71,,,,16,16,8,6,0.8,0.6
2024-06-23T0600,2649A,106.0055,34.343,天水市,麦积山,,,,,,,,,,,,,,,,
2024-06-23T0600,2650A,105.7205,34.5786,天水市,公园小学,,33,33,32,17,16,64,,,,17,14,9,9,0.3,0.4
2024-06-23T0600,2651A,105.8945,34.5538,天水市,麦积国土局,,42,42,43,14,24,53,,,,20,16,8,8,0.4,0.5
2024-06-23T0600,2216A,123.8139,42.3022,铁岭市,汇工街西,颗粒物(PM10),97,144,57,27,23,43,,,,8,12,3,6,0.3,0.5
2024-06-23T0600,2217A,123.8649,42.2923,铁岭市,水上乐园,,,,40,,21,,,59,,,14,,7,,0.7
2024-06-23T0600,2218A,123.8486,42.2867,铁岭市,银州路东段,颗粒物(PM10),67,83,52,31,26,46,,,,9,14,4,5,0.3,0.4
2024-06-23T0600,2219A,123.7153,42.2217,铁岭市,金沙江路北,颗粒物(PM10),76,102,53,22,22,36,,,,13,16,8,7,0.5,0.7
2024-06-23T0600,2229A,125.9358,41.7173,通化市,光明,,27,6,17,3,10,84,,,,10,7,6,7,0.4,0.5
2024-06-23T0600,2230A,125.9446,41.7325,通化市,铁路,,26,6,13,3,8,81,,,,8,8,6,8,0.4,0.5
2024-06-23T0600,2191A,122.2532,43.6801,通辽市,艺术职业学校,,20,20,154,7,34,39,,,,4,5,4,5,0,0
2024-06-23T0600,3706A,122.2584,43.6333,通辽市,老干部活动中心,,20,16,192,14,53,33,,,,12,17,5,4,0.1,0.1
2024-06-23T0600,3708A,122.2922,43.6189,通辽市,东方明珠社区,,25,,142,17,51,34,,,,6,10,5,5,0.3,0.3
2024-06-23T0600,1922A,109.0656,35.0994,铜川市,党校,,,,,,,,,,,,,,,,
2024-06-23T0600,1923A,109.0697,35.0697,铜川市,王益区政府,颗粒物(PM10),73,96,67,20,16,46,,,,23,22,6,6,0.3,0.4
2024-06-23T0600,1924A,108.9344,34.9058,铜川市,新区管委会,,48,48,49,19,18,84,,,,11,16,5,6,0.3,0.4
2024-06-23T0600,3651A,108.9543,34.8732,铜川市,旺旺集团,颗粒物(PM10),58,65,66,14,15,87,,,,13,25,6,7,0.3,0.4
2024-06-23T0600,2285A,117.8177,30.9412,铜陵市,市第四中学,,31,31,18,15,9,54,,,,25,16,19,12,1.0,1
2024-06-23T0600,2286A,117.8059,30.9273,铜陵市,市公路局,,31,31,24,20,10,63,,,,22,16,16,9,1.6,1
2024-06-23T0600,2287A,117.7807,30.9413,铜陵市,市新民污水厂,,30,30,20,19,16,61,,,,17,20,13,22,0.4,0.4
2024-06-23T0600,2288A,117.7439,30.8792,铜陵市,市第九中学,,33,33,21,12,8,48,,,,32,30,6,5,0.8,0.6
2024-06-23T0600,2289A,117.846,30.9413,铜陵市,车站新区,,30,30,19,3,11,53,,,,19,15,10,6,1.2,0.5
2024-06-23T0600,2290A,117.8483,30.97,铜陵市,市职教基地,,30,30,17,18,11,56,,,,22,16,13,8,0.9,0.9
2024-06-23T0600,2585A,109.1839,27.7344,铜仁市,铜仁卫校,,17,11,8,7,10,53,,,,5,6,3,1,0.2,0.2
2024-06-23T0600,2586A,109.1753,27.6944,铜仁市,铜仁七中,,16,16,17,6,6,32,,,,2,3,4,4,0.2,0.2
2024-06-23T0600,2686A,89.1904,42.9418,吐鲁番市,市环保局,,37,37,46,10,16,100,,,,13,18,7,7,0.4,0.4
2024-06-23T0600,2687A,89.1673,42.9559,吐鲁番市,地区环保局,,41,41,45,17,16,84,,,,18,27,8,7,0.3,0.4
2024-06-23T0600,1662A,122.1214,37.4236,威海市,华夏技校,,34,34,18,21,4,96,,,,12,16,5,5,0.2,0.2
2024-06-23T0600,1663A,122.0508,37.5236,威海市,山大分校,颗粒物(PM10),53,56,12,24,5,102,,,,17,13,8,7,0.4,0.4
2024-06-23T0600,1664A,122.1067,37.5072,威海市,市监测站,颗粒物(PM10),56,61,21,32,10,96,,,,17,19,4,3,0.4,0.4
2024-06-23T0600,1982A,122.0693,37.2174,威海市,文登开发区,颗粒物(PM10),57,63,10,27,4,98,,,,12,7,6,5,0.4,0.3
2024-06-23T0600,3505A,122.1379,37.3414,威海市,临港区管委会,,39,39,9,21,4,93,,,,9,9,7,7,0.4,0.4
2024-06-23T0600,1650A,119.1437,36.7023,潍坊市,环保局,细颗粒物(PM2.5),63,70,49,45,32,70,,,,31,18,15,14,0.8,0.6
2024-06-23T0600,2877A,119.1641,36.6523,潍坊市,坊子邮政,细颗粒物(PM2.5),67,75,54,48,30,67,,,,34,18,12,11,0.6,0.5
2024-06-23T0600,3178A,119.0587,36.721,潍坊市,潍坊七中,颗粒物(PM10),67,83,49,43,27,67,,,,37,16,11,10,0.6,0.5
2024-06-23T0600,3368A,119.1977,36.6872,潍坊市,高新实验学校,颗粒物(PM10),60,70,53,38,27,55,,,,33,16,9,9,0.4,0.3
2024-06-23T0600,3416A,119.1755,36.7149,潍坊市,潍坊学院,颗粒物(PM10),64,78,49,39,26,48,,,,52,18,9,8,0.5,0.4
2024-06-23T0600,3861A,119.2041,36.7699,潍坊市,寒亭区实验一小,颗粒物(PM10),71,92,51,51,28,41,,,,45,18,10,11,0.6,0.6
2024-06-23T0600,1938A,109.5293,34.5101,渭南市,农科所,,,,,,,,,,,,,,,,
2024-06-23T0600,1939A,109.4974,34.4877,渭南市,日报社,,34,34,40,20,19,56,,,,36,30,7,7,0.3,0.3
2024-06-23T0600,1940A,109.4636,34.493,渭南市,体育馆,,36,36,41,7,9,82,,,,22,21,7,9,0.3,0.4
2024-06-23T0600,1941A,109.4259,34.5023,渭南市,高新一小,,33,33,48,14,14,66,,,,24,22,9,16,0.4,0.4
2024-06-23T0600,1242A,120.634,28.0089,温州市,瓯海,颗粒物(PM10),61,72,60,41,41,3,,,,46,35,8,6,0.5,0.5
2024-06-23T0600,1243A,120.6748,27.9939,温州市,南浦,颗粒物(PM10),58,66,54,39,34,5,,,,42,26,5,4,0.6,0.5
2024-06-23T0600,1244A,120.76,27.9747,温州市,龙湾,颗粒物(PM10),59,67,57,29,27,5,,,,42,36,6,6,0.5,0.5
2024-06-23T0600,1245A,120.6709,28.0167,温州市,市站,细颗粒物(PM2.5),67,68,59,48,31,6,,,,39,33,7,7,0.7,0.7
2024-06-23T0600,3561A,120.6985,27.9251,温州市,茶山,,43,43,55,27,29,14,,,,24,32,4,4,0.5,0.5
2024-06-23T0600,2610A,104.2533,23.3594,文山壮族苗族自治州,州水务局,,20,20,20,13,12,41,,,,6,8,2,2,0.2,0.2
2024-06-23T0600,2611A,104.2319,23.3892,文山壮族苗族自治州,市便民服务中心,,33,,21,23,14,46,,,,6,8,4,4,0.4,0.4
2024-06-23T0600,2187A,106.8174,39.6973,乌海市,市林业局,颗粒物(PM10),76,101,151,45,43,46,,,,6,13,10,8,0.4,0.4
2024-06-23T0600,2188A,106.7907,39.6667,乌海市,中海勃湾学校,颗粒物(PM10),76,102,137,30,38,64,,,,6,12,8,9,0.4,0.4
2024-06-23T0600,3284A,106.813,39.7274,乌海市,海北新区,颗粒物(PM10),94,138,213,45,48,41,,,,15,16,12,12,0.3,0.6
2024-06-23T0600,3621A,106.8288,39.6778,乌海市,聚英学校,颗粒物(PM10),92,133,179,54,42,62,,,,7,14,13,12,0.3,0.3
2024-06-23T0600,2197A,113.1306,40.9923,乌兰察布市,集宁新区,颗粒物(PM10),153,255,339,98,120,63,,,,2,2,4,5,0.2,0.2
2024-06-23T0600,3034A,113.1076,41.0385,乌兰察布市,光明街小学,颗粒物(PM10),168,286,422,64,93,65,,,,4,4,7,6,0.2,0.2
2024-06-23T0600,3285A,113.1376,40.9509,乌兰察布市,北京八中,颗粒物(PM10),225,367,448,96,112,64,,,,3,4,8,9,0.3,0.3
2024-06-23T0600,3421A,113.1775,40.9779,乌兰察布市,市委党校,颗粒物(PM10),162,273,426,66,81,65,,,,2,2,6,6,0.3,0.3
2024-06-23T0600,1490A,87.5801,43.8303,乌鲁木齐市,监测站,,44,44,45,10,16,77,,,,26,37,5,8,0.5,0.5
2024-06-23T0600,1491A,87.6046,43.768,乌鲁木齐市,收费所,,46,46,43,18,15,64,,,,14,25,4,9,0.3,0.4
2024-06-23T0600,1492A,87.4754,43.9469,乌鲁木齐市,新疆农科院农场,颗粒物(PM10),80,110,70,41,24,49,,,,50,48,7,9,0.8,0.7
2024-06-23T0600,1493A,87.5525,43.8711,乌鲁木齐市,铁路局,,48,48,48,18,15,87,,,,20,33,3,6,0.3,0.5
2024-06-23T0600,1494A,87.6432,43.831,乌鲁木齐市,三十一中学,,43,43,41,19,16,84,,,,17,23,7,10,0.5,0.6
2024-06-23T0600,1496A,87.7216,44.1747,乌鲁木齐市,米东区环保局,颗粒物(PM10),55,60,43,22,14,68,,,,20,22,10,8,0.4,0.4
2024-06-23T0600,3033A,87.4651,43.4569,乌鲁木齐市,培训基地,,40,19,26,3,7,127,,,,5,7,7,8,0.4,0.4
2024-06-23T0600,3437A,88.3118,43.3658,乌鲁木齐市,达坂城区环保局,,26,18,25,7,7,82,,,,5,9,3,4,0.2,0.2
2024-06-23T0600,3438A,87.6162,43.8801,乌鲁木齐市,红光山片区,颗粒物(PM10),52,54,43,14,16,87,,,,24,35,5,7,0.3,0.4
2024-06-23T0600,3439A,87.7024,43.8004,乌鲁木齐市,新师大温泉校区,,35,24,35,3,11,110,,,,10,14,7,8,0.3,0.4
2024-06-23T0600,3440A,87.4921,43.8411,乌鲁木齐市,大绿谷,颗粒物(PM10),54,57,42,18,17,108,,,,15,23,5,9,0.4,0.5
2024-06-23T0600,1188A,120.269,31.4867,无锡市,雪浪,,24,17,6,12,2,76,,,,4,4,8,6,0.8,0.6
2024-06-23T0600,1189A,120.275,31.6219,无锡市,黄巷,,24,24,11,7,4,66,,,,15,15,8,8,1.1,0.9
2024-06-23T0600,1190A,120.294,31.56,无锡市,曹张,,24,24,20,14,8,53,,,,23,25,2,2,0.7,0.6
2024-06-23T0600,1191A,120.242,31.5031,无锡市,漆塘,,22,19,6,14,5,70,,,,3,4,3,1,0.4,0.2
2024-06-23T0600,1192A,120.3489,31.5863,无锡市,东亭,,32,27,11,22,8,83,,,,10,15,3,2,1.0,0.8
2024-06-23T0600,1193A,120.354,31.5475,无锡市,旺庄,,,14,8,3,2,75,,,,5,10,4,3,,0.2
2024-06-23T0600,1194A,120.245,31.5631,无锡市,荣巷,,23,17,8,12,7,72,,,,6,8,8,6,0.6,0.5
2024-06-23T0600,1195A,120.299,31.6817,无锡市,堰桥,,27,27,7,17,6,67,,,,15,18,2,3,1.0,0.8
2024-06-23T0600,3428A,120.3142,31.4753,无锡市,华庄,,21,16,7,14,5,67,,,,2,3,7,6,0.7,0.5
2024-06-23T0600,2677A,106.1532,37.9648,吴忠市,教育园区,颗粒物(PM10),69,87,183,36,54,4,,,,40,23,9,14,0.4,0.4
2024-06-23T0600,2679A,106.1856,37.9956,吴忠市,新区二泵站,颗粒物(PM10),83,116,208,41,59,17,,,,46,28,10,12,0.4,0.4
2024-06-23T0600,3648A,106.2112,37.9768,吴忠市,文卫南街,颗粒物(PM10),75,100,179,33,49,27,,,,37,22,21,16,0.4,0.3
2024-06-23T0600,1794A,118.3606,31.3519,芜湖市,监测站,,26,26,14,13,11,46,,,,26,23,8,7,1.1,0.8
2024-06-23T0600,1795A,118.3714,31.4134,芜湖市,科创中心,,23,,12,16,8,36,,,,32,25,8,6,0.8,0.7
2024-06-23T0600,1796A,118.3673,31.3131,芜湖市,四水厂,,23,23,13,11,10,56,,,,37,23,10,7,0.9,0.8
2024-06-23T0600,3328A,118.4209,31.3707,芜湖市,市气象局,,27,27,13,14,11,55,,,,21,20,11,8,1.1,0.7
2024-06-23T0600,3465A,118.4781,31.3225,芜湖市,清苑社区,,23,22,13,16,10,44,,,,29,16,12,8,1.1,0.7
2024-06-23T0600,3466A,118.2746,31.2326,芜湖市,扬子职业技术学院,,22,21,15,11,8,69,,,,18,12,14,9,1.1,0.7
2024-06-23T0600,2495A,111.3014,23.4832,梧州市,市逸夫小学,,34,34,25,10,13,2,,,,16,8,6,6,0.7,0.8
2024-06-23T0600,2496A,111.3239,23.4794,梧州市,市十一中,,36,31,29,25,13,9,,,,12,12,6,7,0.8,0.7
2024-06-23T0600,2497A,111.247,23.4189,梧州市,龙圩,,34,34,23,8,12,23,,,,8,8,6,7,0.5,0.8
2024-06-23T0600,2498A,111.2711,23.4835,梧州市,龙新,,18,18,17,10,7,13,,,,11,8,5,5,0.8,0.8
2024-06-23T0600,2711A,87.5475,44.1756,五家渠市,农水大厦,颗粒物(PM10),71,92,59,25,19,24,,,,62,28,9,10,0.6,0.5
2024-06-23T0600,3441A,87.546,44.1912,五家渠市,经开区管委会,颗粒物(PM10),73,95,58,27,18,33,,,,59,24,9,10,0.6,0.4
2024-06-23T0600,1325A,114.3677,30.5584,武汉市,东湖梨园,,24,17,18,7,11,76,,,,5,8,5,5,0.3,0.4
2024-06-23T0600,1326A,114.2529,30.558,武汉市,汉阳月湖,,24,24,16,14,9,58,,,,14,14,5,5,0.5,0.4
2024-06-23T0600,1327A,114.282,30.6189,武汉市,汉口花桥,,40,40,23,20,13,59,,,,20,14,6,6,0.6,0.5
2024-06-23T0600,1328A,114.3025,30.5332,武汉市,武昌紫阳,,37,37,22,14,8,24,,,,35,16,3,4,0.8,0.6
2024-06-23T0600,1329A,114.3646,30.6217,武汉市,青山钢花,,39,37,22,27,18,46,,,,17,16,7,7,0.8,0.7
2024-06-23T0600,1330A,114.1566,30.4825,武汉市,沌口新区,,35,28,19,24,14,30,,,,31,16,6,6,0.8,0.7
2024-06-23T0600,1331A,114.3014,30.5944,武汉市,汉口江滩,,37,37,18,11,6,17,,,,48,33,5,5,0.6,0.5
2024-06-23T0600,1333A,114.135,30.6319,武汉市,吴家山,,27,27,21,15,12,65,,,,15,13,8,8,0.5,0.5
2024-06-23T0600,1334A,113.8454,30.2917,武汉市,沉湖七壕,,23,17,13,16,6,49,,,,5,5,5,5,0.4,0.4
2024-06-23T0600,3153A,114.3877,30.4908,武汉市,民族大道182号,,27,,19,12,10,84,,,,9,11,4,4,0.6,0.6
2024-06-23T0600,2652A,102.6201,37.9251,武威市,监测站,颗粒物(PM10),51,51,41,15,14,54,,,,12,13,1,2,0.3,0.3
2024-06-23T0600,3201A,102.6486,37.9325,武威市,东关招商场,,45,45,46,18,17,50,,,,16,15,5,5,0.1,0.3
2024-06-23T0600,1462A,108.882,34.2749,西安市,高压开关厂,,40,40,41,3,10,46,,,,29,27,6,6,0.6,0.5
2024-06-23T0600,1463A,108.993,34.2629,西安市,兴庆小区,,26,26,37,10,13,59,,,,18,17,4,4,0.3,0.4
2024-06-23T0600,1464A,109.06,34.2572,西安市,纺织城,,44,44,50,15,17,13,,,,56,35,6,7,0.6,0.6
2024-06-23T0600,1465A,108.9356,34.2173,西安市,小寨,,25,25,36,8,10,62,,,,18,19,5,5,0.3,0.3
2024-06-23T0600,1466A,108.954,34.2713,西安市,市人民体育场,,33,33,39,7,11,48,,,,19,17,4,5,0.3,0.3
2024-06-23T0600,1467A,108.8922,34.2322,西安市,高新西区,,23,23,37,9,12,64,,,,18,17,4,5,0.3,0.3
2024-06-23T0600,1468A,108.935,34.3474,西安市,经开区,颗粒物(PM10),58,65,44,6,11,33,,,,31,19,6,7,0.4,0.4
2024-06-23T0600,1469A,108.906,34.1546,西安市,长安区,,31,31,38,3,12,41,,,,30,18,4,5,0.3,0.3
2024-06-23T0600,1471A,109.2186,34.3731,西安市,临潼区,,37,37,40,11,14,53,,,,30,18,7,7,0.4,0.2
2024-06-23T0600,1472A,108.869,34.378,西安市,草滩,,50,50,47,16,11,14,,,,57,36,2,3,0.4,0.4
2024-06-23T0600,1473A,108.985,34.1978,西安市,曲江文化产业集团,,32,32,38,11,11,65,,,,22,21,5,5,0.3,0.3
2024-06-23T0600,1474A,109.051,34.3213,西安市,广运潭,,31,31,41,8,10,74,,,,21,18,5,6,0.4,0.4
2024-06-23T0600,3524A,108.6116,34.1164,西安市,文体局,,34,34,43,10,12,58,,,,21,16,6,6,0.4,0.4
2024-06-23T0600,3605A,109.09,34.5236,西安市,无线电监控中心,,39,39,53,13,15,47,,,,27,20,6,7,0.2,0.3
2024-06-23T0600,1483A,101.524,36.6867,西宁市,第五水厂,,,,,,,,,,,,,,,,
2024-06-23T0600,3055A,101.7775,36.6428,西宁市,城北区政府,颗粒物(PM10),62,73,34,32,19,19,,,,16,21,8,15,2.1,1.2
2024-06-23T0600,3629A,101.8305,36.5786,西宁市,世纪职校,,25,23,24,17,15,47,,,,13,19,9,14,0.6,0.7
2024-06-23T0600,3630A,101.7413,36.6397,西宁市,师大城西校区,,28,24,33,19,20,37,,,,16,21,4,10,0.5,0.9
2024-06-23T0600,2612A,100.7939,22.0019,西双版纳傣族自治州,景洪市江南,,16,15,20,11,12,16,,,,6,9,8,8,0.4,0.4
2024-06-23T0600,2613A,100.8017,22.0225,西双版纳傣族自治州,景洪市江北,,16,16,18,11,15,14,,,,6,8,10,9,0.5,0.5
2024-06-23T0600,3606A,108.7108,34.46,西咸新区,北杜,颗粒物(PM10),53,55,49,14,16,21,,,,53,28,5,4,0.3,0.2
2024-06-23T0600,3607A,108.7096,34.2956,西咸新区,同德佳苑,,45,45,41,20,13,27,,,,48,20,5,5,0.3,0.3
2024-06-23T0600,3608A,108.8558,34.4978,西咸新区,崇文塔,颗粒物(PM10),57,64,57,20,18,8,,,,72,40,3,4,0.5,0.4
2024-06-23T0600,2202A,116.1042,43.9317,锡林郭勒盟,市环保监测站,颗粒物(PM10),162,273,608,40,79,33,,,,12,5,7,7,0.2,0.2
2024-06-23T0600,2203A,116.0781,43.9311,锡林郭勒盟,市政府,颗粒物(PM10),149,248,553,54,112,21,,,,28,6,7,7,0.1,0.1
2024-06-23T0600,1286A,118.1608,24.8169,厦门市,溪东,,,,,,,,,,,,,,,,
2024-06-23T0600,1287A,118.1514,24.4767,厦门市,洪文,,26,24,21,18,15,22,,,,2,4,2,4,0.2,0.2
2024-06-23T0600,1288A,118.0661,24.4444,厦门市,鼓浪屿,,29,26,23,20,16,16,,,,5,7,4,5,0.3,0.3
2024-06-23T0600,2842A,118.0936,24.5058,厦门市,湖里中学,,29,29,23,20,15,17,,,,10,7,3,2,0.2,0.2
2024-06-23T0600,3527A,118.0958,24.5688,厦门市,集美中学,,28,25,27,19,17,11,,,,18,13,1,2,0.6,0.6
2024-06-23T0600,3528A,118.1493,24.7245,厦门市,同安二实小,,25,19,21,17,15,7,,,,10,11,3,3,0.3,0.3
2024-06-23T0600,2447A,114.3175,29.8142,咸宁市,森林公园,,22,8,8,3,4,68,,,,3,3,6,6,0.6,0.5
2024-06-23T0600,2448A,114.3107,29.8454,咸宁市,市发改委,,23,,9,16,8,50,,,,3,5,7,7,0.6,0.6
2024-06-23T0600,2449A,114.2936,29.8566,咸宁市,咸安区政府,,16,16,10,10,12,46,,,,7,9,3,3,0.7,0.6
2024-06-23T0600,3655A,114.3375,29.8683,咸宁市,长江产业园,,15,11,16,10,13,23,,,,11,7,4,4,0.9,1.2
2024-06-23T0600,1918A,108.7197,34.3956,咸阳市,气象站,,,,,,,,,,,,,,,,
2024-06-23T0600,1919A,108.673,34.3155,咸阳市,实验中学,,49,49,45,13,15,25,,,,45,24,6,7,0.5,0.4
2024-06-23T0600,1920A,108.7233,34.3617,咸阳市,师范学院,颗粒物(PM10),55,59,52,16,16,15,,,,57,24,5,6,0.5,0.4
2024-06-23T0600,3165A,108.6594,34.2969,咸阳市,两寺渡,颗粒物(PM10),53,56,42,13,11,23,,,,45,21,3,4,0.3,0.3
2024-06-23T0600,3525A,108.6396,34.4078,咸阳市,奥体中心,,50,50,55,27,20,4,,,,54,31,5,6,0.4,0.3
2024-06-23T0600,1508A,112.9433,27.8614,湘潭市,板塘,颗粒物(PM10),66,82,22,12,11,0,,,,28,12,6,6,0.5,0.4
2024-06-23T0600,1511A,112.9118,27.8403,湘潭市,市监测站,,20,,19,14,14,17,,,,14,10,5,8,0.9,0.8
2024-06-23T0600,1512A,112.8937,27.8728,湘潭市,江麓,,23,23,28,10,16,14,,,,14,14,7,14,0.7,0.8
2024-06-23T0600,1513A,112.9227,27.8159,湘潭市,岳塘,,29,29,24,10,12,1,,,,22,6,11,11,1.0,0.7
2024-06-23T0600,1514A,112.9074,27.9119,湘潭市,科大,,27,27,28,8,12,0,,,,18,12,5,11,0.9,0.9
2024-06-23T0600,1562A,113.0048,27.9153,湘潭市,昭山,,31,31,25,11,12,3,,,,27,17,5,6,0.9,0.9
2024-06-23T0600,1564A,112.4876,27.9164,湘潭市,韶山,,25,25,20,7,8,3,,,,7,7,5,5,0.3,0.2
2024-06-23T0600,2492A,109.6414,28.2558,湘西土家族苗族自治州,跃进水库,,9,9,14,3,8,5,,,,3,3,3,3,0.9,0.8
2024-06-23T0600,2493A,109.7325,28.3169,湘西土家族苗族自治州,州政府,,8,8,33,3,7,20,,,,3,4,8,8,0.6,0.6
2024-06-23T0600,2494A,109.6958,28.2675,湘西土家族苗族自治州,吉首市计生局,,12,12,16,3,8,24,,,,10,9,5,6,0.6,0.6
2024-06-23T0600,2432A,112.155,32.0197,襄阳市,襄城运动路,,35,26,36,24,16,72,,,,10,14,9,10,0.7,0.6
2024-06-23T0600,2433A,112.1392,32.0564,襄阳市,樊城新华路,,28,27,40,19,15,60,,,,14,14,8,10,0.8,0.7
2024-06-23T0600,2434A,112.1825,32.1142,襄阳市,高新管委会,,25,22,39,14,17,78,,,,12,16,8,7,0.7,0.6
2024-06-23T0600,2435A,112.2106,32.0903,襄阳市,襄州航空路,,39,39,38,27,17,75,,,,7,10,8,9,0.8,0.7
2024-06-23T0600,3396A,112.0828,32.0067,襄阳市,襄城隆中路,,28,24,34,19,15,68,,,,12,17,8,9,0.7,0.6
2024-06-23T0600,3397A,112.1214,32.1008,襄阳市,高新台子湾,,28,27,42,19,16,63,,,,15,13,8,10,0.7,0.6
2024-06-23T0600,2443A,113.9153,30.9285,孝感市,文化路,,40,40,21,20,18,90,,,,3,2,9,9,0.9,0.9
2024-06-23T0600,2444A,113.942,30.9075,孝感市,东城区,,29,20,22,16,16,92,,,,5,3,9,9,0.9,0.9
2024-06-23T0600,2181A,112.7383,38.4519,忻州市,开发区,颗粒物(PM10),108,166,108,39,32,52,,,,30,17,8,8,0.4,0.3
2024-06-23T0600,2182A,112.7003,38.4928,忻州市,会展中心,颗粒物(PM10),131,212,116,62,34,45,,,,34,18,6,7,0.6,0.5
2024-06-23T0600,3208A,112.7283,38.4153,忻州市,市政府,颗粒物(PM10),72,93,88,20,26,65,,,,19,17,6,7,0.3,0.4
2024-06-23T0600,2389A,113.836,35.311,新乡市,环保西院,颗粒物(PM10),77,104,70,39,29,22,,,,50,22,14,12,0.6,0.6
2024-06-23T0600,2390A,113.884,35.272,新乡市,开发区,颗粒物(PM10),55,60,62,29,26,47,,,,28,13,12,7,0.7,0.8
2024-06-23T0600,2391A,113.883,35.303,新乡市,环保东院,颗粒物(PM10),68,86,70,33,30,35,,,,40,18,13,11,0.8,0.7
2024-06-23T0600,3054A,113.9194,35.2847,新乡市,市委党校,颗粒物(PM10),61,71,63,29,26,51,,,,25,13,9,8,0.7,0.7
2024-06-23T0600,3475A,113.9188,35.3045,新乡市,市政府,颗粒物(PM10),56,62,63,26,22,45,,,,29,14,8,7,0.6,0.4
2024-06-23T0600,3476A,113.9135,35.3327,新乡市,河师大,颗粒物(PM10),74,98,80,30,34,38,,,,39,16,11,10,0.5,0.5
2024-06-23T0600,3689A,113.9003,35.372,新乡市,行政服务中心,颗粒物(PM10),78,105,72,32,31,14,,,,52,22,17,12,0.7,0.5
2024-06-23T0600,2352A,115.0861,27.9317,新余市,北岗,,,,,,,,,,,,,,,,
2024-06-23T0600,2353A,114.9886,27.8431,新余市,飞宇,,37,37,35,16,15,28,,,,15,13,7,6,0.8,0.7
2024-06-23T0600,2354A,114.9231,27.8246,新余市,第二水厂,,34,34,35,15,17,32,,,,8,11,7,7,1.0,1.1
2024-06-23T0600,2355A,114.9308,27.8036,新余市,市气象局,细颗粒物(PM2.5),62,59,56,44,35,14,,,,36,36,35,27,2.3,2
2024-06-23T0600,3206A,114.9149,27.807,新余市,新钢沁园村,,44,44,40,12,12,29,,,,11,13,13,17,0.9,0.8
2024-06-23T0600,2054A,114.1099,32.1059,信阳市,平桥分局,,32,25,34,12,12,100,,,,5,6,6,6,0.6,0.6
2024-06-23T0600,2064A,113.9956,32.1271,信阳市,南湾水厂,,33,33,38,15,16,95,,,,4,5,5,5,0.5,0.6
2024-06-23T0600,2065A,114.0775,32.1195,信阳市,市酿酒公司,,32,32,36,17,19,95,,,,5,6,6,6,0.7,0.7
2024-06-23T0600,2066A,114.0609,32.1399,信阳市,审计局,,34,32,35,13,16,106,,,,2,4,6,6,0.6,0.7
2024-06-23T0600,2200A,122.0392,46.0656,兴安盟,胜华新制药厂,,27,27,19,7,12,39,,,,6,7,1,2,0.1,0.2
2024-06-23T0600,2201A,121.9504,46.0741,兴安盟,科右前旗环保局,,29,22,18,20,15,36,,,,8,6,3,3,0.2,0.2
2024-06-23T0600,3035A,122.0931,46.0707,兴安盟,北滨河,,21,21,21,6,12,33,,,,5,4,4,2,0.3,0.3
2024-06-23T0600,1077A,114.4704,37.0886,邢台市,达活泉,颗粒物(PM10),56,61,76,17,34,49,,,,25,15,8,7,0.6,0.6
2024-06-23T0600,1078A,114.5062,37.0349,邢台市,邢师高专,颗粒物(PM10),57,63,81,13,31,45,,,,36,20,5,7,0.5,0.7
2024-06-23T0600,1079A,114.5237,37.0851,邢台市,路桥公司,颗粒物(PM10),52,53,63,13,30,65,,,,20,12,6,5,0.5,0.7
2024-06-23T0600,1080A,114.4725,37.0719,邢台市,市环保局,颗粒物(PM10),60,69,84,12,24,55,,,,19,13,1,2,0.3,0.3
2024-06-23T0600,3584A,115.8844,39.0341,雄安新区,容城县环境保护局,颗粒物(PM10),94,138,124,19,28,13,,,,63,24,10,9,0.3,0.2
2024-06-23T0600,3585A,115.8665,39.0645,雄安新区,河北容城中学,颗粒物(PM10),108,165,141,32,41,13,,,,66,28,8,8,0.4,0.3
2024-06-23T0600,3586A,115.923,38.9405,雄安新区,安新县民政局,颗粒物(PM10),98,146,114,34,36,18,,,,60,16,5,5,0.2,0.3
2024-06-23T0600,3587A,115.9324,38.9338,雄安新区,安新县电力局,颗粒物(PM10),95,139,128,24,34,33,,,,46,17,9,9,0.3,0.4
2024-06-23T0600,3588A,116.0901,38.9816,雄安新区,雄县环境保护局,颗粒物(PM10),85,119,109,10,27,38,,,,35,16,9,9,0.5,0.5
2024-06-23T0600,3589A,116.1105,39.0046,雄安新区,雄县国土资源局,颗粒物(PM10),76,102,121,24,27,36,,,,39,20,11,9,0.5,0.4
2024-06-23T0600,1177A,117.179,34.2761,徐州市,黄河新村,细颗粒物(PM2.5),72,58,58,52,54,91,,,,17,18,8,7,0.8,0.7
2024-06-23T0600,1178A,117.1918,34.2384,徐州市,淮塔,,49,45,56,34,50,83,,,,16,15,8,8,0.5,0.5
2024-06-23T0600,1180A,117.256,34.2153,徐州市,新城区,细颗粒物(PM2.5),60,54,62,43,47,82,,,,19,23,8,7,0.5,0.6
2024-06-23T0600,1181A,117.244,34.2911,徐州市,桃园路,细颗粒物(PM2.5),55,53,65,39,54,81,,,,18,18,8,8,0.8,0.7
2024-06-23T0600,1182A,117.2933,34.2778,徐州市,农科院,细颗粒物(PM2.5),57,41,53,40,50,94,,,,19,20,6,6,0.6,0.6
2024-06-23T0600,3005A,117.1814,34.29,徐州市,鼓楼区政府,细颗粒物(PM2.5),63,54,54,45,54,84,,,,9,8,7,7,0.6,0.6
2024-06-23T0600,3006A,117.1694,34.1781,徐州市,铜山区招生办,细颗粒物(PM2.5),62,44,51,44,42,87,,,,23,17,8,7,0.6,0.6
2024-06-23T0600,3288A,117.4754,34.4422,徐州市,大泉街道,颗粒物(PM10),60,69,67,41,51,82,,,,18,17,8,8,0.8,0.9
2024-06-23T0600,2396A,113.8276,34.0159,许昌市,监测站,颗粒物(PM10),56,61,63,24,17,34,,,,35,19,5,5,0.6,0.6
2024-06-23T0600,2398A,113.7906,33.9953,许昌市,开发区,颗粒物(PM10),61,71,58,25,19,30,,,,44,25,8,8,0.4,0.4
2024-06-23T0600,3134A,113.8172,34.0339,许昌市,市一中,颗粒物(PM10),60,70,60,28,21,42,,,,34,19,3,3,0.5,0.5
2024-06-23T0600,3337A,113.8614,34.0442,许昌市,许昌学院,颗粒物(PM10),62,74,47,27,18,40,,,,33,16,4,5,0.5,0.5
2024-06-23T0600,3338A,113.843,34.0823,许昌市,芙蓉广场,颗粒物(PM10),57,64,60,29,15,32,,,,42,22,6,8,0.6,0.6
2024-06-23T0600,3597A,113.8134,34.1251,许昌市,建安区兴业大厦,颗粒物(PM10),65,79,63,30,23,37,,,,34,14,6,5,0.5,0.5
2024-06-23T0600,2316A,118.7581,30.9454,宣城市,鳌峰子站,,27,14,10,13,7,86,,,,2,2,3,3,0.5,0.5
2024-06-23T0600,2317A,118.7385,30.9743,宣城市,敬亭山子站,,24,10,10,7,5,74,,,,7,5,4,4,0.4,0.5
2024-06-23T0600,2318A,118.7173,30.9427,宣城市,开发区子站,,24,16,14,15,7,76,,,,6,4,4,4,0.5,0.5
2024-06-23T0600,3470A,118.7724,30.9141,宣城市,夏渡子站,,23,13,12,10,6,72,,,,2,2,4,5,0.5,0.6
2024-06-23T0600,2554A,103.0475,30.02,雅安市,建安厂,,15,15,17,7,7,32,,,,14,25,8,9,0.2,0.3
2024-06-23T0600,2555A,103.0111,29.9833,雅安市,市政府,,19,19,17,3,7,43,,,,6,12,9,9,0.2,0.3
2024-06-23T0600,2556A,102.9905,29.9775,雅安市,川农大,,15,15,12,8,6,38,,,,11,10,9,9,0.5,0.5
2024-06-23T0600,3700A,103.0456,29.9956,雅安市,康养中心,,,18,16,13,10,86,,,,6,6,10,10,,
2024-06-23T0600,1642A,121.2514,37.5639,烟台市,开发区,颗粒物(PM10),64,78,26,36,14,133,,,,5,10,6,5,0.7,0.7
2024-06-23T0600,1643A,121.3719,37.5433,烟台市,轴承厂,颗粒物(PM10),68,85,29,43,17,139,,,,6,12,5,6,0.4,0.4
2024-06-23T0600,1644A,121.3181,37.5436,烟台市,西郊化工站,颗粒物(PM10),65,80,26,31,14,140,,,,6,10,6,6,0.4,0.4
2024-06-23T0600,1645A,121.4478,37.4822,烟台市,莱山环保局,颗粒物(PM10),79,107,19,48,11,130,,,,8,9,9,10,0.4,0.4
2024-06-23T0600,1646A,121.2611,37.4967,烟台市,福山环保局,颗粒物(PM10),75,100,30,41,10,123,,,,11,13,6,6,0.6,0.4
2024-06-23T0600,3057A,121.5992,37.4014,烟台市,牟平检察院,,,112,26,,1,128,,,,6,6,8,9,0.3,0.2
2024-06-23T0600,3366A,121.5206,37.4336,烟台市,中国农业大学,颗粒物(PM10),82,114,19,56,13,143,,,,9,9,3,4,0.4,0.3
2024-06-23T0600,1926A,109.4131,36.6275,延安市,枣园,,46,46,54,13,15,23,,,,20,20,7,7,0.4,0.4
2024-06-23T0600,1927A,109.4761,36.6028,延安市,延大医附院,颗粒物(PM10),52,54,59,19,15,25,,,,19,25,4,5,0.2,0.2
2024-06-23T0600,1929A,109.5056,36.6106,延安市,百米大道,颗粒物(PM10),54,57,62,21,22,27,,,,24,28,6,5,0.3,0.3
2024-06-23T0600,3652A,109.4809,36.5786,延安市,西北局旧址,颗粒物(PM10),52,54,58,18,20,20,,,,25,26,3,4,0.4,0.4
2024-06-23T0600,2237A,129.47,42.8883,延边朝鲜族自治州,妇幼医院,,12,6,9,3,3,37,,,,9,9,5,5,0.5,0.5
2024-06-23T0600,2238A,129.5055,42.9108,延边朝鲜族自治州,延边医院,,13,7,6,3,3,40,,,,8,8,5,4,0.4,0.4
2024-06-23T0600,2239A,129.3964,42.8881,延边朝鲜族自治州,朝阳川镇医院,,13,6,7,3,2,39,,,,8,8,6,6,0.4,0.4
2024-06-23T0600,1215A,120.118,33.4022,盐城市,盐城电厂,细颗粒物(PM2.5),58,,22,41,19,69,,,,14,8,6,6,0.5,0.4
2024-06-23T0600,1216A,120.156,33.3942,盐城市,市监测站,,38,38,22,24,15,82,,,,11,9,5,5,0.6,0.4
2024-06-23T0600,1218A,120.2144,33.38,盐城市,开发区管委会,细颗粒物(PM2.5),54,,20,38,25,75,,,,8,7,5,5,0.8,0.7
2024-06-23T0600,3004A,120.1544,33.3663,盐城市,宝龙广场,,32,27,19,22,15,68,,,,6,5,7,7,0.9,0.8
2024-06-23T0600,3293A,120.1501,33.3367,盐城市,月亮广场,细颗粒物(PM2.5),69,,19,50,32,61,,,,5,4,5,4,0.8,0.6
2024-06-23T0600,3436A,120.4279,33.205,盐城市,大丰高级中学,,39,39,16,27,12,63,,,,10,8,6,4,0.6,0.5
2024-06-23T0600,1186A,119.389,32.3761,扬州市,邗江监测站,颗粒物(PM10),54,58,31,24,16,57,,,,16,15,7,6,1.2,0.9
2024-06-23T0600,2869A,119.447,32.4155,扬州市,五台山医院,,39,29,21,27,18,70,,,,14,13,5,4,0.9,0.6
2024-06-23T0600,3164A,119.4686,32.3942,扬州市,广陵建设局,,39,34,22,27,19,61,,,,10,14,5,5,1.1,0.8
2024-06-23T0600,3195A,119.3633,32.3972,扬州市,市体育局,,48,48,33,23,17,54,,,,15,13,2,2,0.9,0.6
2024-06-23T0600,3294A,119.5653,32.4222,扬州市,引江管理处,,40,37,21,28,16,61,,,,14,15,5,5,1.2,1
2024-06-23T0600,1699A,111.9797,21.8593,阳江市,鸳鸯湖,,10,9,11,3,6,31,,,,6,2,6,7,0.5,0.5
2024-06-23T0600,1701A,111.9491,21.8658,阳江市,马南垌,,11,7,11,3,5,35,,,,7,4,4,4,0.4,0.4
2024-06-23T0600,3317A,111.9765,21.8947,阳江市,两阳中学,,12,10,18,8,9,21,,,,13,6,7,7,0.3,0.4
2024-06-23T0600,3453A,112.0125,21.8749,阳江市,阳东陶然,,9,9,11,3,7,22,,,,8,3,4,4,0.5,0.5
2024-06-23T0600,1738A,113.5758,37.8572,阳泉市,市中心,颗粒物(PM10),72,94,86,23,26,49,,,,49,35,10,7,0.6,0.5
2024-06-23T0600,1739A,113.4894,37.8731,阳泉市,赛鱼,颗粒物(PM10),74,97,85,31,32,19,,,,72,43,9,7,0.5,0.4
2024-06-23T0600,1740A,113.5819,37.8486,阳泉市,南庄,颗粒物(PM10),79,107,99,26,32,28,,,,53,29,9,7,0.5,0.4
2024-06-23T0600,1742A,113.5614,37.8703,阳泉市,平坦,颗粒物(PM10),64,78,86,14,15,48,,,,51,32,12,8,0.5,0.4
2024-06-23T0600,1743A,113.5158,37.8392,阳泉市,大阳泉,颗粒物(PM10),70,90,47,17,12,73,,,,32,21,10,6,0.6,0.4
2024-06-23T0600,3619A,113.617,37.8571,阳泉市,龙柱,颗粒物(PM10),79,107,91,28,33,13,,,,75,39,26,11,0.7,0.4
2024-06-23T0600,2252A,128.5159,47.4311,伊春市,环保局,,15,15,17,6,4,35,,,,6,6,4,5,0.1,0.2
2024-06-23T0600,2253A,128.9102,47.7412,伊春市,电力嘉园,,12,11,16,8,13,25,,,,9,8,5,5,0.1,0.1
2024-06-23T0600,2254A,129.5029,48.471,伊春市,汤旺河国家公园,,11,11,11,3,8,8,,,,5,5,5,6,0.3,0.3
2024-06-23T0600,3342A,128.4741,47.4346,伊春市,中心小学,,14,14,16,8,7,34,,,,5,4,8,8,0.2,0.2
2024-06-23T0600,3343A,128.6871,47.7369,伊春市,检察院,,21,21,22,8,10,30,,,,6,6,3,3,0.3,0.3
2024-06-23T0600,3344A,128.8431,47.8474,伊春市,双子河社区,,12,7,9,7,7,36,,,,5,4,7,6,0.2,0.2
2024-06-23T0600,3480A,129.1368,47.6417,伊春市,美溪镇,,13,13,21,7,7,36,,,,9,10,10,10,0.2,0.2
2024-06-23T0600,2703A,81.2815,43.9404,伊犁哈萨克自治州,市环保局,,21,21,42,12,20,64,,,,18,18,7,8,0.4,0.4
2024-06-23T0600,2704A,81.2996,43.9174,伊犁哈萨克自治州,新政府片区,,24,24,37,10,14,62,,,,14,12,6,6,0.5,0.4
2024-06-23T0600,2705A,81.3364,43.941,伊犁哈萨克自治州,第二水厂,,26,24,42,18,14,50,,,,20,15,6,7,0.6,0.6
2024-06-23T0600,1882A,104.563,28.793,宜宾市,石马中学,,,,,,,,,,,,,,,,
2024-06-23T0600,1883A,104.6201,28.7728,宜宾市,市委,,22,22,22,9,9,30,,,,21,26,7,6,0.6,0.5
2024-06-23T0600,1884A,104.6055,28.793,宜宾市,宜宾四中,,25,25,25,13,12,36,,,,20,26,10,8,0.4,0.5
2024-06-23T0600,1885A,104.639,28.7562,宜宾市,市政府,,18,18,22,10,10,38,,,,16,17,7,7,0.5,0.4
2024-06-23T0600,1886A,104.5742,28.7199,宜宾市,黄金嘴,,22,22,18,10,8,34,,,,13,13,10,9,0.5,0.5
2024-06-23T0600,3728A,104.68,28.8071,宜宾市,白酒学院,,29,29,27,14,11,34,,,,17,21,7,7,0.4,0.4
2024-06-23T0600,1840A,111.2992,30.6981,宜昌市,白龙岗,,27,27,23,12,10,31,,,,16,19,5,6,0.5,0.5
2024-06-23T0600,1841A,111.3549,30.6465,宜昌市,伍家岗,,18,18,19,9,12,23,,,,25,23,6,6,0.3,0.3
2024-06-23T0600,1842A,111.2628,30.6961,宜昌市,点军区,,27,27,23,9,7,26,,,,16,24,4,5,0.3,0.3
2024-06-23T0600,1843A,111.3275,30.7819,宜昌市,夷陵区,,33,33,28,12,11,17,,,,18,16,3,3,0.6,0.5
2024-06-23T0600,3546A,111.4606,30.552,宜昌市,猇亭区张家湾站,,40,40,25,10,11,10,,,,28,16,6,7,0.6,0.5
2024-06-23T0600,3653A,111.3119,30.7273,宜昌市,云深路,,28,28,25,12,12,16,,,,26,18,6,7,0.4,0.4
2024-06-23T0600,2371A,114.3408,27.8064,宜春市,槟榔水业,,,,,,,,,,,,,,,,
2024-06-23T0600,2373A,114.3956,27.7844,宜春市,市石油公司,,30,30,35,12,18,4,,,,8,11,4,4,0.6,0.7
2024-06-23T0600,2374A,114.3703,27.7914,宜春市,市气象局,,39,39,41,17,19,0,,,,16,10,8,8,0.8,0.8
2024-06-23T0600,2375A,114.4013,27.8074,宜春市,市广电局,,30,30,37,16,18,6,,,,13,12,1,5,0.4,0.5
2024-06-23T0600,3151A,114.375,27.8097,宜春市,宜春学院北校区,,38,38,36,14,19,4,,,,13,11,6,9,0.6,0.6
2024-06-23T0600,3415A,114.4519,28.0828,宜春市,万载县环保局,,43,43,34,12,14,14,,,,21,23,14,13,0.6,0.6
2024-06-23T0600,2467A,112.4067,28.6428,益阳市,甘溪港,,18,18,10,9,8,37,,,,4,4,3,2,0.5,0.5
2024-06-23T0600,2468A,112.3458,28.5808,益阳市,市环保局,,41,41,34,8,8,24,,,,8,5,7,7,0.6,0.5
2024-06-23T0600,2469A,112.3437,28.5531,益阳市,市特殊教育学校,,28,28,29,7,12,32,,,,12,11,6,7,0.7,0.6
2024-06-23T0600,2470A,112.3347,28.6047,益阳市,资阳区政务中心,,29,29,18,3,7,28,,,,7,7,7,7,0.7,0.6
2024-06-23T0600,2471A,112.3744,28.5819,益阳市,赫山环保分局,,48,48,34,12,5,16,,,,25,12,7,7,0.6,0.6
2024-06-23T0600,1484A,105.9512,38.6016,银川市,贺兰山马莲口,颗粒物(PM10),118,185,184,64,54,58,,,,19,8,8,6,0.2,0.1
2024-06-23T0600,1488A,106.2328,38.4975,银川市,贺兰山东路,颗粒物(PM10),177,303,218,84,64,45,,,,27,19,9,6,0.5,0.4
2024-06-23T0600,1489A,106.1358,38.5036,银川市,学院路,颗粒物(PM10),139,228,204,60,53,21,,,,50,25,11,6,0.6,0.3
2024-06-23T0600,2924A,106.2266,38.4418,银川市,水乡路,颗粒物(PM10),161,271,214,60,54,41,,,,26,21,12,9,0.5,0.5
2024-06-23T0600,2925A,106.2757,38.4842,银川市,上海东路,颗粒物(PM10),176,301,179,82,52,42,,,,27,18,12,9,0.3,0.2
2024-06-23T0600,2926A,106.1015,38.497,银川市,文昌北街,颗粒物(PM10),113,175,196,53,55,7,,,,81,31,10,6,0.8,0.5
2024-06-23T0600,3523A,106.5105,38.3856,银川市,滨河新区,颗粒物(PM10),282,407,224,91,58,31,,,,21,12,18,8,0.4,0.4
2024-06-23T0600,2357A,116.9822,28.1136,鹰潭市,龙虎山,,,,,,,,,,,,,,,,
2024-06-23T0600,2358A,117.0564,28.2642,鹰潭市,新监测站,,27,27,26,10,15,45,,,,2,4,8,8,0.3,0.2
2024-06-23T0600,2359A,117.0311,28.2475,鹰潭市,财苑宾馆,,28,28,25,12,15,48,,,,1,4,8,8,0.2,0.2
2024-06-23T0600,2360A,117.0222,28.2264,鹰潭市,体育馆,,30,27,24,21,18,50,,,,2,2,9,8,0.1,0.2
2024-06-23T0600,2361A,117.0017,28.2131,鹰潭市,三川水表,,29,29,24,13,12,49,,,,2,2,8,8,0.2,0.1
2024-06-23T0600,1597A,122.2703,40.7094,营口市,大庆路,细颗粒物(PM2.5),94,106,27,70,22,51,,,,17,16,6,4,0.8,0.7
2024-06-23T0600,1598A,122.2150,40.6511,营口市,镜湖西路,细颗粒物(PM2.5),77,83,22,56,17,49,,,,18,16,6,4,0.9,0.6
2024-06-23T0600,1599A,122.1658,40.6789,营口市,西炮台,颗粒物(PM10),70,90,23,43,17,56,,,,14,11,7,5,0.6,0.5
2024-06-23T0600,3379A,122.1139,40.2278,营口市,鲅鱼圈市民活动中心,,40,31,25,28,17,85,,,,7,9,5,6,0.7,0.6
2024-06-23T0600,3866A,122.2469,40.66302,营口市,三高中,细颗粒物(PM2.5),99,96,24,74,22,59,,,,22,18,7,7,1.0,0.6
2024-06-23T0600,4006A,122.3622,40.6762,营口市,老边实验小学,颗粒物(PM10),94,138,39,52,20,48,,,,16,17,6,6,0.8,0.7
2024-06-23T0600,2477A,111.6217,26.2081,永州市,零陵南津渡,,,,19,,19,,,49,,,2,,5,,0.5
2024-06-23T0600,2478A,111.6156,26.4214,永州市,市环境监测站,,22,22,19,11,13,38,,,,5,5,7,7,0.6,0.5
2024-06-23T0600,2479A,111.6236,26.2331,永州市,零陵区环保局,,27,27,18,16,11,51,,,,6,6,9,9,0.4,0.4
2024-06-23T0600,2480A,111.5992,26.4364,永州市,永州市环保局,,23,23,19,16,14,35,,,,8,8,6,7,0.6,0.6
2024-06-23T0600,2481A,111.5989,26.4519,永州市,冷水滩区环保局,,21,21,21,12,13,36,,,,5,5,7,7,0.5,0.5
2024-06-23T0600,2638A,109.7414,38.3344,榆林市,红石峡森林公园,颗粒物(PM10),90,130,139,30,27,18,,,,32,24,6,7,0.3,0.3
2024-06-23T0600,2639A,109.7456,38.2911,榆林市,世纪广场,"颗粒物(PM10),细颗粒物(PM2.5)",114,178,120,86,35,24,,,,39,23,8,9,0.3,0.3
2024-06-23T0600,2640A,109.7289,38.2839,榆林市,实验中学,颗粒物(PM10),120,190,135,58,37,35,,,,26,20,5,7,0.2,0.2
2024-06-23T0600,2641A,109.7336,38.2478,榆林市,环保监测大楼,颗粒物(PM10),144,238,146,66,38,44,,,,23,17,5,7,0.3,0.3
2024-06-23T0600,2509A,110.1106,22.7019,玉林市,寒山水库,,16,16,21,9,11,25,,,,5,5,6,7,0.6,0.6
2024-06-23T0600,2510A,110.1675,22.6411,玉林市,市监测站,,12,12,19,3,10,29,,,,4,4,2,8,0.5,0.4
2024-06-23T0600,2511A,110.1433,22.6164,玉林市,南江一中,,22,22,26,3,12,32,,,,4,8,2,8,0.6,0.5
2024-06-23T0600,3532A,110.1945,22.6831,玉林市,玉林师范学院东校区,,16,16,18,10,9,23,,,,10,9,1,3,0.4,0.4
2024-06-23T0600,3533A,110.0527,22.5893,玉林市,福绵环保局,,17,17,16,3,11,28,,,,8,8,12,4,0.5,0.5
2024-06-23T0600,2675A,97,33.0014,玉树藏族自治州,玉树县结古镇,,26,6,5,3,3,82,,,,6,7,7,7,0.5,0.4
2024-06-23T0600,1715A,102.575,24.3711,玉溪市,东风水库,,22,18,17,15,10,24,,,,11,9,8,6,0.9,0.6
2024-06-23T0600,2882A,102.5389,24.3703,玉溪市,玉溪一中,,16,16,21,9,11,11,,,,17,12,10,10,0.7,0.6
2024-06-23T0600,2883A,102.5381,24.3389,玉溪市,文体中心,,36,36,26,20,12,26,,,,16,14,17,13,1.3,0.7
2024-06-23T0600,1847A,113.1094,29.3578,岳阳市,南湖风景区,,22,13,15,3,10,69,,,,2,6,6,6,0.7,0.7
2024-06-23T0600,1848A,113.1493,29.4251,岳阳市,城陵矶,,20,,12,10,9,62,,,,6,17,5,6,0.7,0.8
2024-06-23T0600,1849A,113.1497,29.3575,岳阳市,开发区,,21,,12,8,9,66,,,,4,11,4,4,0.6,0.5
2024-06-23T0600,1850A,113.2621,29.4758,岳阳市,云溪区,,14,14,10,3,5,34,,,,15,15,5,7,0.4,0.4
2024-06-23T0600,1851A,112.9943,29.4402,岳阳市,君山区,,24,14,10,10,8,74,,,,5,8,4,4,0.6,0.6
2024-06-23T0600,1852A,113.2117,29.355,岳阳市,金凤水库,,19,10,13,7,6,60,,,,5,9,3,3,0.8,0.8
2024-06-23T0600,1712A,112.0392,22.9169,云浮市,新市府,,19,19,15,6,6,4,,,,6,3,5,5,0.7,0.6
2024-06-23T0600,1714A,112.0539,22.9539,云浮市,牧羊,,12,12,24,7,10,8,,,,15,14,8,8,0.5,0.5
2024-06-23T0600,3628A,112.0336,22.9374,云浮市,文笔,,15,,12,10,8,9,,,,18,12,4,4,0.4,0.5
2024-06-23T0600,2175A,110.9956,35.0147,运城市,运城中学,颗粒物(PM10),56,62,51,17,17,59,,,,18,14,7,7,0.6,0.6
2024-06-23T0600,2178A,110.9686,35.0303,运城市,地区技校,颗粒物(PM10),66,81,58,40,25,27,,,,39,20,10,9,0.7,0.6
2024-06-23T0600,2179A,111.0414,35.1147,运城市,空港新区,颗粒物(PM10),83,116,72,42,27,21,,,,61,27,11,11,1.3,0.7
2024-06-23T0600,3667A,111.0283,35.0547,运城市,水利职院,颗粒物(PM10),60,69,57,33,26,36,,,,34,17,8,6,0.8,0.5
2024-06-23T0600,3670A,111.0522,35.0439,运城市,禹都公园,颗粒物(PM10),61,72,52,24,19,43,,,,26,13,7,5,0.5,0.4
2024-06-23T0600,1637A,117.558,34.8438,枣庄市,市中区政府,颗粒物(PM10),53,56,52,31,31,114,,,,20,19,5,5,0.6,0.7
2024-06-23T0600,1638A,117.2852,34.7837,枣庄市,薛城环保局,,50,49,53,35,38,109,,,,15,19,6,7,0.9,0.9
2024-06-23T0600,1639A,117.5852,34.7745,枣庄市,峄城区政府,细颗粒物(PM2.5),70,80,68,51,46,89,,,,34,22,8,9,1.0,0.8
2024-06-23T0600,1640A,117.7276,34.5578,枣庄市,台儿庄区环保局,细颗粒物(PM2.5),73,63,59,53,49,69,,,,25,22,5,6,1.0,1
2024-06-23T0600,1641A,117.4518,35.0992,枣庄市,山亭区环保局,细颗粒物(PM2.5),55,51,43,39,33,118,,,,21,20,9,9,1.0,1
2024-06-23T0600,3364A,117.3152,34.8103,枣庄市,市环保局,,49,49,52,34,37,104,,,,18,20,7,8,0.6,0.6
2024-06-23T0600,1680A,110.3539,21.2706,湛江市,湛江影剧院,,15,8,14,3,3,46,,,,5,4,6,6,0.4,0.4
2024-06-23T0600,1681A,110.3928,21.2228,湛江市,市环境监测站,,16,12,13,3,5,49,,,,2,2,4,4,0.4,0.5
2024-06-23T0600,1682A,110.4019,21.1997,湛江市,环保局宿舍,,17,16,13,3,4,53,,,,2,4,6,6,0.4,0.4
2024-06-23T0600,1683A,110.4111,21.2028,湛江市,霞山游泳场,,17,14,11,3,3,53,,,,3,4,6,6,0.3,0.4
2024-06-23T0600,1684A,110.3316,21.2679,湛江市,麻章区环保局,,14,9,14,3,1,44,,,,5,6,6,6,0.4,0.5
2024-06-23T0600,1685A,110.4558,21.2567,湛江市,坡头区环保局,,16,9,11,3,5,51,,,,4,4,5,5,0.3,0.3
2024-06-23T0600,1858A,110.5319,29.1217,张家界市,永定新区,,11,11,12,6,7,18,,,,5,8,3,2,0.1,0.1
2024-06-23T0600,1859A,110.4697,29.1242,张家界市,电业局,,12,9,8,8,8,13,,,,3,8,6,6,0.4,0.4
2024-06-23T0600,1860A,110.5594,29.3547,张家界市,未央路,,36,30,24,25,26,8,,,,5,9,4,4,0.2,0.2
2024-06-23T0600,1861A,110.4417,29.315,张家界市,袁家界,,20,6,5,3,2,64,,,,8,15,5,5,0.8,0.7
2024-06-23T0600,1057A,114.8883,40.8336,张家口市,人民公园,颗粒物(PM10),52,54,639,14,146,75,,,,2,6,3,3,0.2,0.2
2024-06-23T0600,1059A,114.8687,40.8042,张家口市,五金库,颗粒物(PM10),55,59,598,16,130,70,,,,4,8,2,2,0.1,0.1
2024-06-23T0600,1060A,114.8902,40.762,张家口市,世纪豪园,颗粒物(PM10),61,71,619,30,150,71,,,,4,7,3,3,0.2,0.2
2024-06-23T0600,1061A,114.8916,40.8661,张家口市,北泵房,颗粒物(PM10),52,53,590,19,108,77,,,,2,5,9,8,0.1,0.1
2024-06-23T0600,3131A,114.879,40.7993,张家口市,烟厂,颗粒物(PM10),65,80,655,26,155,70,,,,4,6,1,1,0.2,0.2
2024-06-23T0600,3323A,115.2773,40.9724,张家口市,青少年活动中心,颗粒物(PM10),69,87,666,27,129,58,,,,3,3,2,2,0.2,0.2
2024-06-23T0600,2654A,100.4698,38.9524,张掖市,润泉湖,,34,34,30,20,15,43,,,,14,11,6,7,0.3,0.2
2024-06-23T0600,2655A,100.4154,38.9422,张掖市,区工会,,40,40,31,15,12,51,,,,16,11,6,7,0.3,0.3
2024-06-23T0600,2075A,117.6336,24.4674,漳州市,九湖,,,,,,,,,,,,,,,,
2024-06-23T0600,2920A,117.7116,24.506,漳州市,蓝田镇,,39,39,30,23,20,6,,,,22,9,4,4,0.4,0.3
2024-06-23T0600,3216A,114.6622,24.5183,漳州市,漳州党校,,39,39,33,26,21,14,,,,16,7,6,6,0.5,0.4
2024-06-23T0600,3530A,117.6296,24.5314,漳州市,西洋坪路,,33,30,27,23,20,2,,,,13,6,4,3,0.6,0.5
2024-06-23T0600,2596A,103.7667,27.3736,昭通市,监测站,,20,14,30,14,17,44,,,,16,14,7,6,0.4,0.4
2024-06-23T0600,2597A,103.7225,27.3361,昭通市,环保局,,23,23,21,14,18,45,,,,13,16,5,8,0.4,0.4
2024-06-23T0600,1397A,112.4267,23.0706,肇庆市,睦岗子站,,22,22,23,6,14,9,,,,23,11,8,9,0.5,0.4
2024-06-23T0600,1398A,112.4645,23.0475,肇庆市,城中子站,,18,18,22,6,13,20,,,,16,16,6,7,0.4,0.4
2024-06-23T0600,1399A,112.5544,23.1522,肇庆市,坑口子站,,10,10,23,3,10,9,,,,14,14,7,8,0.6,0.5
2024-06-23T0600,1400A,112.4753,23.1,肇庆市,七星岩子站,,,,,,,,,,,,,,,,
2024-06-23T0600,3313A,112.4575,23.0166,肇庆市,高要湖西,,23,23,21,8,13,13,,,,18,12,6,6,0.9,0.8
2024-06-23T0600,3451A,112.5617,23.2083,肇庆市,鼎湖凤凰,,16,16,22,8,15,5,,,,6,7,6,7,0.5,0.5
2024-06-23T0600,1203A,119.6707,32.1875,镇江市,新区办事处,细颗粒物(PM2.5),52,,18,36,18,61,,,,14,11,5,4,0.9,0.7
2024-06-23T0600,1204A,119.4974,32.1968,镇江市,职教中心,,43,34,19,30,15,62,,,,10,10,6,5,0.8,0.9
2024-06-23T0600,1205A,119.4303,32.1328,镇江市,丹徒区监测站,,49,35,22,34,21,74,,,,7,8,2,2,0.8,0.7
2024-06-23T0600,2870A,119.4424,32.1873,镇江市,市疾控中心,,48,,20,33,16,49,,,,9,9,6,6,0.8,0.7
2024-06-23T0600,3287A,119.3842,32.1976,镇江市,富润路1号,,38,34,21,26,17,50,,,,28,16,4,4,1.0,0.9
2024-06-23T0600,1316A,113.69031,34.76122,郑州市,烟厂,颗粒物(PM10),55,60,62,18,18,55,,,,48,26,8,6,0.5,0.5
2024-06-23T0600,1317A,113.65724,34.77134,郑州市,郑纺机,颗粒物(PM10),55,60,65,18,17,27,,,,58,23,4,3,0.6,0.6
2024-06-23T0600,1318A,113.67526,34.80246,郑州市,银行学校,,46,46,53,12,16,75,,,,25,24,9,6,0.5,0.5
2024-06-23T0600,1319A,113.56746,34.81334,郑州市,供水公司,颗粒物(PM10),54,58,64,16,18,71,,,,29,21,9,7,0.5,0.5
2024-06-23T0600,1320A,113.7329,34.7178,郑州市,经开区管委,颗粒物(PM10),63,75,66,26,21,29,,,,53,26,4,5,0.4,0.5
2024-06-23T0600,1321A,113.73961,34.77172,郑州市,四十七中,颗粒物(PM10),53,56,61,19,15,76,,,,18,18,8,7,0.5,0.5
2024-06-23T0600,1322A,113.60532,34.74838,郑州市,市监测站,颗粒物(PM10),58,65,67,22,19,71,,,,20,21,6,3,0.4,0.4
2024-06-23T0600,1323A,113.64164,34.7525,郑州市,河医大,颗粒物(PM10),51,52,63,18,16,35,,,,38,23,5,5,0.6,0.6
2024-06-23T0600,1324A,113.51488,34.91089,郑州市,岗李水库,,,,,,,,,,,,,,,,
2024-06-23T0600,3471A,113.616563,34.86783,郑州市,惠济区政府,颗粒物(PM10),54,57,69,16,16,56,,,,28,20,9,7,0.7,0.7
2024-06-23T0600,3590A,113.8374,34.5589,郑州市,北区建设指挥部,颗粒物(PM10),56,62,68,17,17,76,,,,38,29,15,8,0.5,0.6
2024-06-23T0600,3591A,113.30952,34.803229,郑州市,上街区政府,颗粒物(PM10),58,65,62,16,13,96,,,,17,14,10,8,0.4,0.5
2024-06-23T0600,1379A,113.3769,22.5211,中山市,华柏园,,9,,19,3,9,28,,,,6,8,7,7,0.2,0.2
2024-06-23T0600,1380A,113.3881,22.5497,中山市,张溪,,10,9,20,3,6,31,,,,4,5,6,6,0.3,0.4
2024-06-23T0600,1381A,113.4075,22.5111,中山市,紫马岭,,10,6,17,3,8,32,,,,5,6,6,6,0.1,0.1
2024-06-23T0600,1382A,113.4411,22.4853,中山市,长江旅游区,,,,,,,,,,,,,,,,
2024-06-23T0600,3454A,113.3528,22.478,中山市,中山南区,,11,6,11,3,7,34,,,,6,7,4,4,0.4,0.3
2024-06-23T0600,2680A,105.0025,37.4635,中卫市,沙坡头消防站,,,,,,,,,,,,,,,,
2024-06-23T0600,2682A,105.1971,37.5002,中卫市,环保局站,颗粒物(PM10),69,87,48,24,16,40,,,,26,23,9,7,0.2,0.2
2024-06-23T0600,3650A,105.1698,37.5162,中卫市,沙坡头区政府站,颗粒物(PM10),79,107,58,30,18,38,,,,29,25,12,7,0.3,0.3
2024-06-23T0600,1414A,106.3787,29.8279,重庆市,缙云山,,29,22,22,8,9,91,,,,8,10,9,9,0.1,0.2
2024-06-23T0600,1416A,106.4213,29.8253,重庆市,天生,,37,37,38,23,24,11,,,,20,27,6,7,0.7,0.7
2024-06-23T0600,1417A,106.6263,29.7228,重庆市,两路,,35,35,34,22,19,12,,,,50,42,7,8,0.9,0.9
2024-06-23T0600,1418A,106.2953,29.5983,重庆市,虎溪,,38,38,34,22,20,44,,,,22,18,6,6,0.6,0.6
2024-06-23T0600,1419A,106.5777,29.5102,重庆市,南坪,,38,38,38,22,19,65,,,,13,18,8,12,0.3,0.5
2024-06-23T0600,1420A,106.6556,29.6277,重庆市,唐家沱,,35,35,39,15,19,8,,,,29,27,6,8,0.6,0.7
2024-06-23T0600,1421A,106.6349,29.4906,重庆市,茶园,,39,39,34,15,17,19,,,,37,22,6,8,0.7,0.7
2024-06-23T0600,1422A,106.3754,29.4572,重庆市,白市驿,,28,19,23,19,21,52,,,,12,14,8,9,0.7,0.8
2024-06-23T0600,1425A,106.6205,29.7166,重庆市,空港,细颗粒物(PM2.5),54,44,41,38,31,31,,,,40,36,10,10,0.8,0.8
2024-06-23T0600,1426A,106.4782,29.4875,重庆市,新山村,,,,33,38,27,,,,,47,32,6,10,0.5,0.5
2024-06-23T0600,1427A,106.5616,29.6453,重庆市,礼嘉,,37,37,37,22,23,5,,,,50,39,7,9,0.8,0.8
2024-06-23T0600,1428A,106.4522,29.7091,重庆市,蔡家,,35,33,31,24,22,28,,,,24,23,5,6,0.7,0.7
2024-06-23T0600,1429A,106.5093,29.3917,重庆市,鱼新街,,44,44,37,27,23,11,,,,38,34,7,12,0.9,0.9
2024-06-23T0600,3014A,106.4958,29.5346,重庆市,歇台子,,47,47,45,31,25,8,,,,49,27,9,11,0.8,0.7
2024-06-23T0600,3015A,106.4037,29.5728,重庆市,龙井湾,颗粒物(PM10),52,54,36,24,14,34,,,,31,15,12,8,0.7,0.6
2024-06-23T0600,3016A,106.5507,29.4153,重庆市,龙洲湾,,34,34,34,18,21,47,,,,17,16,8,10,0.6,0.7
2024-06-23T0600,3133A,106.5468,29.5654,重庆市,上清寺,,43,43,41,20,20,5,,,,54,36,9,13,0.9,0.8
2024-06-23T0600,3346A,108.3872,31.1628,重庆市,安康,,25,25,20,12,11,12,,,,16,12,6,6,0.4,0.4
2024-06-23T0600,3347A,105.9017,29.3569,重庆市,北山路,,25,21,26,17,19,44,,,,18,14,4,5,0.7,0.8
2024-06-23T0600,3348A,105.839,30.1946,重庆市,春阳街,细颗粒物(PM2.5),54,42,32,38,30,44,,,,11,12,5,9,0.7,0.7
2024-06-23T0600,3349A,107.7983,30.6758,重庆市,人民东路,,34,34,38,16,18,8,,,,16,14,5,5,0.7,0.7
2024-06-23T0600,3350A,106.6479,29.0244,重庆市,滩子口,,46,46,41,18,26,4,,,,15,16,7,10,0.5,0.6
2024-06-23T0600,3351A,105.7167,29.7076,重庆市,棠香,,24,24,32,14,22,21,,,,13,13,5,8,0.6,0.6
2024-06-23T0600,3352A,107.0732,29.8617,重庆市,桃源西路,,44,44,36,19,22,19,,,,15,18,20,21,0.6,0.7
2024-06-23T0600,3353A,107.3535,29.7287,重庆市,迎宾大道,,33,33,30,22,18,2,,,,17,16,6,6,0.7,0.8
2024-06-23T0600,3354A,108.815,29.5081,重庆市,舟白,,29,29,26,10,14,13,,,,7,12,4,8,0.4,0.5
2024-06-23T0600,3355A,108.3679,30.8426,重庆市,周家坝,,33,25,23,23,20,14,,,,23,26,12,11,0.5,0.6
2024-06-23T0600,3356A,108.4319,30.7555,重庆市,百安坝,,23,21,19,16,13,19,,,,16,10,13,13,0.4,0.4
2024-06-23T0600,3482A,107.7541,29.3277,重庆市,芙蓉中路,,30,30,32,8,14,4,,,,10,21,4,5,0.5,0.6
2024-06-23T0600,3483A,108.7661,29.5368,重庆市,西山,,22,18,16,15,14,12,,,,15,12,4,4,0.4,0.4
2024-06-23T0600,3484A,106.2628,29.32,重庆市,行政中心,细颗粒物(PM2.5),68,51,34,49,23,5,,,,28,26,6,5,0.9,0.8
2024-06-23T0600,3485A,107.0944,29.1608,重庆市,高寺路,,43,38,33,30,30,10,,,,14,18,7,7,0.6,0.6
2024-06-23T0600,3599A,106.2649,29.9851,重庆市,书院路,细颗粒物(PM2.5),52,44,36,36,33,31,,,,17,18,6,8,0.7,0.7
2024-06-23T0600,3600A,106.2339,29.5559,重庆市,虎峰,,31,31,38,3,11,39,,,,12,10,7,9,0.7,0.8
2024-06-23T0600,3601A,106.0499,29.8342,重庆市,龙门街,,43,30,29,30,28,32,,,,19,19,11,14,0.7,0.7
2024-06-23T0600,3610A,105.5933,29.4105,重庆市,昌元,,33,33,29,15,15,40,,,,24,22,5,5,0.7,0.7
2024-06-23T0600,1258A,122.122,30.0203,舟山市,定海檀枫,,34,34,42,18,20,38,,,,16,26,6,7,0.5,0.4
2024-06-23T0600,1260A,122.19,29.9944,舟山市,临城新区,,36,36,35,23,22,14,,,,37,28,2,2,0.4,0.4
2024-06-23T0600,4033A,122.3123,29.9619,舟山市,普陀东港中学,,49,49,37,26,21,27,,,,38,17,7,6,0.3,0.3
2024-06-23T0600,2067A,114.6613,33.6128,周口市,市环境监测站,,41,41,48,12,21,62,,,,17,15,3,3,0.4,0.5
2024-06-23T0600,2068A,114.6758,33.6347,周口市,周口师范,,45,45,45,13,23,64,,,,11,8,2,2,0.4,0.6
2024-06-23T0600,2069A,114.6546,33.5979,周口市,市运管处,,48,48,45,14,18,70,,,,17,12,1,2,0.8,0.8
2024-06-23T0600,2070A,114.6369,33.6406,周口市,川汇区环保局,,46,46,47,20,22,52,,,,14,12,2,2,0.5,0.6
2024-06-23T0600,1515A,113.135,27.8244,株洲市,天台山庄,,38,34,28,26,15,10,,,,17,12,5,6,0.6,0.4
2024-06-23T0600,1518A,113.095,27.8867,株洲市,株冶医院,,30,30,30,15,13,1,,,,30,14,8,8,0.6,0.5
2024-06-23T0600,1519A,113.167,27.8667,株洲市,市四中,,33,33,30,18,16,8,,,,20,15,3,4,0.4,0.3
2024-06-23T0600,1520A,113.143,27.8381,株洲市,火车站,,34,34,28,21,17,36,,,,18,14,6,7,0.6,0.5
2024-06-23T0600,1524A,113.13,27.8528,株洲市,市监测站,,33,32,29,23,19,14,,,,17,12,6,6,0.7,0.5
2024-06-23T0600,1559A,113.251,27.8336,株洲市,大京风景区,,33,,25,23,22,1,,,,7,7,4,4,0.5,0.4
2024-06-23T0600,2031A,113.1817,27.9958,株洲市,云田中学,,33,33,32,16,15,7,,,,14,14,5,6,0.7,0.6
2024-06-23T0600,1367A,113.5814,22.2618,珠海市,吉大,,12,12,21,3,13,38,,,,1,3,6,7,0.5,0.4
2024-06-23T0600,1368A,113.4881,22.2335,珠海市,前山,,9,,10,3,10,27,,,,2,2,6,6,0.2,0.2
2024-06-23T0600,1369A,113.628,22.4251,珠海市,唐家,,14,14,18,3,12,25,,,,12,10,5,6,0.2,0.2
2024-06-23T0600,1370A,113.299,22.2281,珠海市,斗门,,10,6,15,3,12,31,,,,4,4,6,7,0.4,0.4
2024-06-23T0600,3308A,113.3494,22.0569,珠海市,金湾,,11,6,11,3,15,33,,,,4,4,4,4,0.3,0.3
2024-06-23T0600,3448A,113.5433,22.1163,珠海市,横琴,,7,6,12,3,9,21,,,,6,5,4,5,0.4,0.5
2024-06-23T0600,2420A,114.0189,32.9656,驻马店市,市一纸厂,,29,22,38,18,18,92,,,,8,10,7,7,0.2,0.3
2024-06-23T0600,2421A,114.0114,33.015,驻马店市,市彩印厂,,30,25,33,13,18,96,,,,8,9,4,4,0.4,0.4
2024-06-23T0600,2422A,113.9976,32.9771,驻马店市,天方二分厂,,40,32,45,28,23,90,,,,10,12,6,6,0.2,0.3
2024-06-23T0600,3339A,114.0012,33.0412,驻马店市,小管楼,,27,27,41,17,19,71,,,,21,9,8,8,0.5,0.5
2024-06-23T0600,2561A,104.6617,30.1372,资阳市,莲花山,,50,50,28,22,12,59,,,,16,16,3,3,0.7,0.6
2024-06-23T0600,2562A,104.6356,30.1506,资阳市,资阳中学,,33,30,23,23,17,48,,,,12,12,11,9,0.7,0.6
2024-06-23T0600,2563A,104.6295,30.1383,资阳市,四三一厂,,45,45,29,18,15,62,,,,10,14,14,9,0.7,0.6
2024-06-23T0600,2564A,104.6463,30.1146,资阳市,师范校,,45,44,26,31,17,58,,,,12,15,13,8,0.7,0.6
2024-06-23T0600,2565A,104.6296,30.1256,资阳市,区法院,,44,44,30,29,15,56,,,,15,16,11,7,0.7,0.6
2024-06-23T0600,1631A,118.0414,36.8103,淄博市,人民公园,颗粒物(PM10),79,107,69,56,43,74,,,,48,21,20,15,0.5,0.4
2024-06-23T0600,1633A,117.8525,36.4847,淄博市,双山,细颗粒物(PM2.5),67,75,59,48,42,96,,,,37,23,13,11,0.9,0.8
2024-06-23T0600,1634A,117.9592,36.6331,淄博市,气象站,细颗粒物(PM2.5),77,90,65,56,47,77,,,,47,20,19,14,0.8,0.7
2024-06-23T0600,1635A,118.3092,36.8194,淄博市,莆田园,细颗粒物(PM2.5),58,58,75,41,44,108,,,,22,26,10,15,0.8,0.9
2024-06-23T0600,3363A,117.9883,36.8372,淄博市,新区,颗粒物(PM10),62,73,55,41,35,69,,,,44,28,11,9,0.7,0.6
2024-06-23T0600,3644A,117.8661,36.805,淄博市,三金集团,细颗粒物(PM2.5),83,93,71,61,46,86,,,,42,28,17,15,0.7,0.7
2024-06-23T0600,3645A,118.0253,36.8406,淄博市,东风化工厂,颗粒物(PM10),66,81,77,41,35,63,,,,31,22,11,11,0.4,0.4
2024-06-23T0600,3027A,104.72,29.3427,自贡市,青杠林路,,36,36,26,19,15,6,,,,23,17,9,9,0.5,0.4
2024-06-23T0600,3028A,104.776,29.3627,自贡市,檀木林体育馆,,27,27,26,17,17,19,,,,17,21,9,8,0.4,0.4
2024-06-23T0600,3360A,104.7894,29.3194,自贡市,南湖救助站,,39,,26,27,24,27,,,,12,23,11,11,0.4,0.5
2024-06-23T0600,3638A,104.7636,29.3338,自贡市,轻化工大学,,25,25,22,11,12,33,,,,16,20,10,8,0.4,0.4
2024-06-23T0600,1911A,106.9222,27.6869,遵义市,丁字口,,22,22,17,3,9,25,,,,6,10,4,3,0.2,0.3
2024-06-23T0600,1912A,106.9242,27.7019,遵义市,凤凰山,,18,18,16,12,10,46,,,,4,5,3,3,0.4,0.4
2024-06-23T0600,1913A,106.8906,27.6486,遵义市,忠庄,,22,22,23,3,9,28,,,,7,8,1,2,0.4,0.4
2024-06-23T0600,1914A,106.9231,27.6506,遵义市,舟水桥,,18,18,25,3,8,22,,,,8,13,2,1,0.5,0.5
2024-06-23T0600,1915A,106.9178,27.72,遵义市,干田坝,,20,,12,14,10,33,,,,8,9,5,4,0.3,0.3
2024-06-23T0600,3536A,106.8547,27.5919,遵义市,第十二小学,,26,26,22,16,12,25,,,,12,10,3,3,0.3,0.3
