timepoint,stationcode,longitude,latitude,area,positionname,primarypollutant,aqi,pm10,pm10_24h,pm2_5,pm2_5_24h,o3,o3_24h,o3_8h,o3_8h_24h,no2,no2_24h,so2,so2_24h,co,co_24h
2024-06-13T0000,2566A,102.1879,31.914,阿坝藏族羌族自治州,州农科所,,,23,25,7,10,19,,29,25,6,12,3,3,,0.1
2024-06-13T0000,2568A,102.2502,31.8896,阿坝藏族羌族自治州,马师校,,28,,14,19,14,20,,58,41,20,14,5,5,0.4,0.4
2024-06-13T0000,3994A,102.2165,31.9024,阿坝藏族羌族自治州,马尔康中学西区,,19,,13,13,11,24,,63,51,13,6,5,6,0.3,0.3
2024-06-13T0000,2695A,80.292,41.1694,阿克苏地区,电视台,颗粒物(PM10),52,53,35,16,12,80,,141,131,41,14,3,4,0.5,0.3
2024-06-13T0000,2696A,80.2613,41.1551,阿克苏地区,艺术中心,颗粒物(PM10),52,54,38,17,13,46,,139,119,67,20,3,4,0.8,0.4
2024-06-13T0000,2204A,105.6467,38.8363,阿拉善盟,西城区西花园,颗粒物(PM10),58,65,51,17,15,113,,149,129,13,13,8,8,0.8,0.7
2024-06-13T0000,2205A,105.6985,38.8411,阿拉善盟,蒙二幼,颗粒物(PM10),55,60,57,16,16,116,,142,128,4,7,9,10,0.4,0.4
2024-06-13T0000,2206A,105.724,38.8516,阿拉善盟,环保局新楼,颗粒物(PM10),54,57,44,16,14,127,,144,134,4,6,9,10,0.4,0.4
2024-06-13T0000,2708A,88.1264,47.8517,阿勒泰地区,市站,,24,24,21,9,8,72,,112,106,16,7,6,6,0.4,0.4
2024-06-13T0000,2630A,80.1161,32.5,阿里地区,阿里监测站,臭氧1小时,88,15,18,9,15,190,,215,208,6,8,6,6,0.4,0.4
2024-06-13T0000,3192A,80.0903,32.5028,阿里地区,阿里藏医院,臭氧1小时,87,18,21,8,12,189,,211,206,4,5,6,7,0.4,0.5
2024-06-13T0000,2642A,109.0318,32.6537,安康市,香溪洞,,37,37,26,19,16,102,,120,114,4,5,6,6,0.5,0.6
2024-06-13T0000,2643A,109.0281,32.6939,安康市,安康市监测站,,36,36,32,14,15,62,,120,93,12,8,9,8,0.5,0.5
2024-06-13T0000,2644A,109.0072,32.6975,安康市,汉滨区检察院,,30,30,28,14,17,63,,121,97,8,7,6,7,0.4,0.5
2024-06-13T0000,2291A,117.0809,30.5177,安庆市,环科院,,25,25,22,17,14,59,,126,106,12,14,4,4,0.5,0.6
2024-06-13T0000,2292A,117.0331,30.5119,安庆市,马山宾馆,,30,25,25,21,14,60,,126,100,15,21,8,8,0.7,0.8
2024-06-13T0000,2294A,116.9896,30.6145,安庆市,安庆大学,,25,20,28,17,18,65,,140,104,14,18,8,9,0.5,0.6
2024-06-13T0000,3173A,117.0598,30.5351,安庆市,市人大,,28,22,21,19,14,66,,135,117,10,13,6,7,0.5,0.6
2024-06-13T0000,3122A,105.9606,26.2611,安顺市,伍家关,,,,,,,,,,,,,,,,
2024-06-13T0000,3123A,105.9408,26.2431,安顺市,凤凰山,,25,15,14,10,10,78,,132,114,15,9,5,6,0.6,0.6
2024-06-13T0000,3124A,105.9439,26.2564,安顺市,金钟山,,26,16,18,14,10,83,,134,116,8,7,6,6,0.4,0.4
2024-06-13T0000,3125A,105.8983,26.2481,安顺市,娄家坡,,29,20,20,10,9,91,,128,115,5,6,5,5,0.5,0.5
2024-06-13T0000,1818A,114.4839,36.0621,安阳市,棉研所,,,,,,,,,,,,,,,,
2024-06-13T0000,1819A,114.3551,36.1017,安阳市,红庙街,颗粒物(PM10),66,81,75,6,29,141,,217,162,16,14,6,7,0.4,0.6
2024-06-13T0000,1820A,114.361,36.0681,安阳市,银杏小区,颗粒物(PM10),61,72,71,17,24,126,,225,156,38,29,9,12,0.6,0.6
2024-06-13T0000,3141A,114.3922,36.0878,安阳市,信访局,颗粒物(PM10),73,95,81,26,24,148,,236,170,11,16,9,10,0.7,0.8
2024-06-13T0000,3669A,114.4705,36.0637,安阳市,左辅环卫站,细颗粒物(PM2.5),70,86,68,51,35,114,,238,185,35,22,4,6,0.7,0.6
2024-06-13T0000,3703A,114.2917,36.0949,安阳市,安钢职工学校,颗粒物(PM10),62,74,80,37,30,85,,207,137,44,24,5,6,0.7,0.6
2024-06-13T0000,1748A,123.044,41.1196,鞍山市,深沟寺,,37,18,28,10,15,116,,186,136,9,11,8,9,0.3,0.5
2024-06-13T0000,1749A,123.011,41.0931,鞍山市,太阳城,,37,24,28,13,15,118,,189,130,9,11,6,7,0.6,0.7
2024-06-13T0000,1750A,123.0485,41.1442,鞍山市,太平,,41,26,32,17,16,129,,180,135,8,15,4,7,0.6,0.8
2024-06-13T0000,1751A,122.9642,41.0971,鞍山市,铁西三道街,,37,25,31,13,16,117,,189,145,19,15,4,4,0.3,0.5
2024-06-13T0000,1752A,122.9341,41.0833,鞍山市,铁西工业园区,,32,28,33,14,17,102,,182,138,23,13,6,7,0.5,0.6
2024-06-13T0000,1753A,123.022,41.0821,鞍山市,明达新区,,40,,82,28,35,116,,176,134,9,11,7,13,0.6,0.8
2024-06-13T0000,1754A,123.1289,41.0228,鞍山市,千山,,,,,,,,,,,,,,,,
2024-06-13T0000,2195A,107.4212,40.761,巴彦淖尔市,附二中,颗粒物(PM10),191,331,91,63,27,105,,144,122,7,18,3,3,0.4,0.4
2024-06-13T0000,2196A,107.37,40.7372,巴彦淖尔市,市环保大楼,颗粒物(PM10),195,340,88,41,19,103,,137,116,7,17,6,2,0.4,0.6
2024-06-13T0000,1956A,86.1472,41.7538,巴音郭楞蒙古自治州,孔雀公园,,30,,50,16,15,96,,119,110,10,12,1,2,0.2,0.2
2024-06-13T0000,1957A,86.1972,41.7166,巴音郭楞蒙古自治州,棉纺厂,颗粒物(PM10),70,90,50,10,16,107,,130,122,8,10,3,3,0.2,0.2
2024-06-13T0000,1958A,86.2357,41.7173,巴音郭楞蒙古自治州,经济开发区,颗粒物(PM10),67,84,49,19,15,112,,133,127,4,5,2,2,0.2,0.2
2024-06-13T0000,2914A,106.7677,31.8794,巴中市,苏山坪,,31,31,28,21,19,98,,127,118,14,12,5,5,0.4,0.4
2024-06-13T0000,3182A,106.7656,31.8545,巴中市,丽阳花园,,37,37,29,24,21,54,,137,110,27,17,5,6,0.6,0.6
2024-06-13T0000,3183A,106.7418,31.8654,巴中市,圣泉水务公司,,43,43,29,26,20,41,,134,113,46,20,5,5,0.7,0.5
2024-06-13T0000,3616A,106.7616,31.8344,巴中市,市中心医院,,36,35,26,25,19,57,,135,109,28,13,5,5,0.6,0.5
2024-06-13T0000,2235A,122.7911,45.6077,白城市,洮北区环保局,,26,25,20,14,16,81,,116,104,12,9,7,4,0.3,0.1
2024-06-13T0000,2236A,122.8738,45.5725,白城市,市环保局,,26,17,19,14,15,81,,112,95,9,10,2,3,0.3,0.3
2024-06-13T0000,2231A,126.4219,41.9171,白山市,喜丰,,23,,20,16,12,59,,137,94,11,11,9,9,0.8,1
2024-06-13T0000,2232A,126.4077,41.9419,白山市,环保局,,,,28,10,13,51,,130,87,11,10,9,9,0.9,0.9
2024-06-13T0000,2647A,104.1724,36.5446,白银市,第三小学,,36,36,44,17,18,114,,158,135,22,22,18,24,0.6,0.7
2024-06-13T0000,2648A,104.1465,36.5482,白银市,动力公司,,36,30,39,22,19,114,,145,130,15,15,21,24,0.8,0.7
2024-06-13T0000,2512A,106.6103,23.9011,百色市,市监测站,,22,16,42,15,22,42,,94,77,14,14,13,14,0.7,0.8
2024-06-13T0000,2513A,106.6538,23.8859,百色市,市中心血站,,23,19,44,16,26,40,,98,74,13,14,10,12,0.7,0.8
2024-06-13T0000,3406A,106.6085,23.8798,百色市,祈福高中,,26,26,44,17,24,36,,98,75,12,15,10,16,0.7,0.8
2024-06-13T0000,2270A,117.396,32.939,蚌埠市,工人疗养院,颗粒物(PM10),54,57,51,21,18,129,,234,179,6,7,8,9,0.5,0.5
2024-06-13T0000,2271A,117.3605,32.9427,蚌埠市,百货大楼,颗粒物(PM10),53,56,53,26,24,148,,234,183,8,10,5,6,0.4,0.5
2024-06-13T0000,2273A,117.4185,32.8911,蚌埠市,蚌埠学院,颗粒物(PM10),51,51,46,23,23,114,,224,168,10,13,6,8,0.5,0.6
2024-06-13T0000,2274A,117.3533,32.9673,蚌埠市,淮上区政府,,48,48,49,28,25,130,,231,182,16,10,7,7,0.4,0.4
2024-06-13T0000,2275A,117.3145,32.8977,蚌埠市,高新区,颗粒物(PM10),53,56,49,22,22,143,,227,183,8,6,8,8,0.5,0.5
2024-06-13T0000,3715A,117.3092,32.9314,蚌埠市,蚌埠田家炳中学,颗粒物(PM10),52,54,52,23,23,148,,238,192,7,8,9,10,0.4,0.4
2024-06-13T0000,1585A,109.8756,40.6532,包头市,市环境监测站,,50,50,79,18,25,75,,149,119,48,45,14,20,0.6,0.7
2024-06-13T0000,1587A,109.9991,40.5842,包头市,包头八中,颗粒物(PM10),54,58,84,22,35,100,,154,134,36,39,31,25,0.7,0.6
2024-06-13T0000,1588A,109.8538,40.6821,包头市,青山宾馆,,46,46,59,18,22,60,,144,112,57,44,28,32,0.6,0.7
2024-06-13T0000,1589A,109.8642,40.6288,包头市,惠龙物流,颗粒物(PM10),54,57,75,26,33,103,,154,133,33,41,23,22,0.6,0.6
2024-06-13T0000,1590A,110.0377,40.5546,包头市,东河鸿龙湾,颗粒物(PM10),59,68,81,13,20,107,,152,127,32,31,28,17,0.4,0.4
2024-06-13T0000,3283A,109.9154,40.5685,包头市,滨河大厦,颗粒物(PM10),53,55,71,20,27,103,,152,128,32,36,15,17,0.5,0.6
2024-06-13T0000,3419A,109.9447,40.6261,包头市,包头市委党校,颗粒物(PM10),54,58,79,25,25,96,,156,135,39,42,16,21,0.5,0.7
2024-06-13T0000,3683A,109.8331,40.6576,包头市,昆区政府,,50,50,66,35,26,91,,149,126,38,40,19,20,0.7,0.8
2024-06-13T0000,1930A,107.185,34.3063,宝鸡市,庙沟村,,44,44,39,17,15,80,,133,80,16,12,9,9,0.3,0.3
2024-06-13T0000,1931A,107.0708,34.3017,宝鸡市,竹园沟,,27,26,28,15,16,84,,129,77,16,15,8,8,0.4,0.4
2024-06-13T0000,1932A,107.1906,34.3672,宝鸡市,三陆医院,,38,38,38,26,19,33,,134,65,34,24,11,9,0.6,0.5
2024-06-13T0000,1933A,107.1431,34.3547,宝鸡市,监测站,,39,,33,27,16,47,,132,71,27,20,8,8,0.4,0.4
2024-06-13T0000,1934A,107.1186,34.3739,宝鸡市,技工学校,,33,33,34,22,17,50,,132,70,23,15,11,8,0.5,0.5
2024-06-13T0000,1935A,107.3906,34.3528,宝鸡市,陈仓区环保局家属楼,颗粒物(PM10),51,52,42,24,19,29,,153,68,46,26,7,12,0.6,0.7
2024-06-13T0000,1936A,107.2058,34.3497,宝鸡市,文理学院,,36,36,36,22,13,51,,138,76,25,17,7,8,0.4,0.4
2024-06-13T0000,1937A,107.2386,34.3622,宝鸡市,三迪小学,,40,40,40,27,16,44,,139,69,31,27,8,8,0.6,0.5
2024-06-13T0000,1051A,115.493,38.8632,保定市,游泳馆,颗粒物(PM10),131,211,137,42,37,172,,235,201,17,22,8,8,0.4,0.2
2024-06-13T0000,1052A,115.5213,38.8959,保定市,华电二区,颗粒物(PM10),112,173,97,43,31,166,,248,190,22,22,3,3,0.7,0.3
2024-06-13T0000,1053A,115.4713,38.9108,保定市,接待中心,颗粒物(PM10),104,158,77,49,40,170,,234,186,19,21,2,2,0.6,0.3
2024-06-13T0000,1054A,115.4612,38.8416,保定市,地表水厂,颗粒物(PM10),79,107,101,50,49,179,,229,195,14,27,2,2,0.8,0.4
2024-06-13T0000,3581A,115.31981,38.95208,保定市,满城区生态环境分局,颗粒物(PM10),128,205,107,48,35,172,,250,196,22,17,4,3,0.3,0.1
2024-06-13T0000,3582A,115.47694,38.76408,保定市,清苑区第二中学,颗粒物(PM10),114,178,114,38,28,177,,241,199,16,19,7,5,0.6,0.3
2024-06-13T0000,3583A,115.62909,39.02311,保定市,徐水物探局,颗粒物(PM10),93,136,114,36,24,186,,248,202,20,26,8,6,0.5,0.3
2024-06-13T0000,4004A,115.4202,38.8656,保定市,双鹰农机,颗粒物(PM10),93,135,100,36,32,188,,249,208,14,21,2,2,0.4,0.2
2024-06-13T0000,4034A,115.5150,38.8590,保定市,植保所站,颗粒物(PM10),93,136,104,34,29,186,,248,205,18,26,11,5,0.6,0.4
2024-06-13T0000,2594A,99.1678,25.1081,保山市,市环境监测站,,21,21,31,6,11,57,,90,74,10,7,6,5,0.5,0.5
2024-06-13T0000,2595A,99.1711,25.1328,保山市,市环保局,,27,27,38,3,13,44,,97,77,4,5,5,5,0.4,0.4
2024-06-13T0000,1866A,109.2262,21.588,北海市,牛尾岭水库,,,,,,,,,,,,,,,,
2024-06-13T0000,1867A,109.1436,21.4086,北海市,海滩公园,,48,48,34,10,4,74,,68,68,4,4,3,3,0.6,0.6
2024-06-13T0000,1868A,109.0981,21.4661,北海市,新市环保局,,27,22,20,3,5,84,,77,77,3,4,4,4,0.6,0.6
2024-06-13T0000,1869A,109.1778,21.5233,北海市,北海工业园,,27,22,20,12,8,84,,78,78,4,5,4,4,0.6,0.6
2024-06-13T0000,3400A,109.1911,21.4415,北海市,龙潭自来水厂,,26,21,17,10,9,81,,74,74,3,4,5,5,0.5,0.5
2024-06-13T0000,1001A,116.3621,39.8784,北京市,万寿西宫,臭氧1小时,59,25,59,3,17,167,,281,263,6,21,1,3,0.2,0.5
2024-06-13T0000,1002A,116.2202,40.2915,北京市,定陵,,42,27,38,10,13,132,,272,239,13,20,3,3,0.4,0.4
2024-06-13T0000,1003A,116.4174,39.9289,北京市,东四,,48,22,64,6,22,153,,271,246,14,36,3,5,0.2,0.5
2024-06-13T0000,1004A,116.4072,39.8863,北京市,天坛,臭氧1小时,57,25,52,6,22,165,,268,248,10,24,3,2,0.2,0.5
2024-06-13T0000,1005A,116.462,39.9365,北京市,农展馆,臭氧1小时,59,27,62,6,20,167,,275,253,12,39,4,5,0.4,0.6
2024-06-13T0000,1006A,116.3392,39.9295,北京市,官园,,50,21,64,7,23,159,,282,255,10,31,2,4,0.2,0.4
2024-06-13T0000,1007A,116.2878,39.9611,北京市,海淀万柳,,42,22,56,8,21,133,,264,236,8,30,4,5,0.3,0.4
2024-06-13T0000,1008A,116.6636,40.135,北京市,顺义新城,,,,51,,17,,,250,250,,21,,2,,0.4
2024-06-13T0000,1009A,116.6275,40.3275,北京市,怀柔镇,,48,20,40,7,16,151,,239,219,2,11,2,3,0.5,0.6
2024-06-13T0000,1010A,116.2296,40.217,北京市,昌平镇,,36,27,43,10,16,114,,236,208,14,30,3,2,0.3,0.4
2024-06-13T0000,1011A,116.3966,39.9821,北京市,奥体中心,,43,21,57,6,22,135,,234,217,14,35,3,3,0.3,0.5
2024-06-13T0000,1012A,116.184,39.9136,北京市,古城,臭氧1小时,52,11,58,10,21,161,,255,236,14,33,1,2,0.2,0.4
2024-06-13T0000,3281A,115.9718,40.4529,北京市,延庆夏都,,38,29,34,9,14,121,,224,209,4,17,3,2,0.2,0.3
2024-06-13T0000,3417A,117.0709,40.1465,北京市,平谷新城,颗粒物(PM10),71,92,56,29,20,164,,224,217,4,6,3,2,0.5,0.3
2024-06-13T0000,3418A,116.8336,40.4095,北京市,密云新城,臭氧1小时,92,61,46,18,16,193,,260,236,8,13,2,2,0.4,0.3
2024-06-13T0000,3671A,116.088,39.9726,北京市,门头沟三家店,,,,,,,,,,,,,,,,
2024-06-13T0000,3672A,116.1541,39.8204,北京市,丰台云岗,,47,28,63,7,10,150,,242,225,9,22,1,2,0.3,0.4
2024-06-13T0000,3673A,116.6804,39.9081,北京市,通州东关,臭氧1小时,52,43,66,13,23,161,,243,226,6,24,3,3,0.4,0.5
2024-06-13T0000,3674A,115.9577,39.7603,北京市,房山燕山,,49,36,64,16,24,154,,212,202,8,14,1,2,0.3,0.4
2024-06-13T0000,3675A,116.4672,39.7733,北京市,大兴旧宫,臭氧1小时,55,54,60,15,21,164,,232,222,11,22,2,2,0.4,0.5
2024-06-13T0000,3694A,115.986,40.4563,北京市,延庆石河营,,36,26,33,9,14,115,,221,206,5,19,3,2,0.2,0.3
2024-06-13T0000,3695A,116.6151,40.3053,北京市,怀柔新城,,46,23,40,8,15,146,,234,214,6,13,3,2,0.3,0.4
2024-06-13T0000,3696A,116.2545,39.8768,北京市,丰台小屯,,47,21,58,6,22,149,,238,221,5,24,3,2,0.3,0.4
2024-06-13T0000,3697A,116.84,40.3844,北京市,密云镇,臭氧1小时,85,70,51,19,18,188,,250,230,8,17,3,3,0.4,0.3
2024-06-13T0000,1761A,123.8275,41.3064,本溪市,大峪,,31,31,28,13,14,87,,152,108,13,9,9,10,0.5,0.7
2024-06-13T0000,1762A,123.7567,41.3325,本溪市,溪湖,,34,34,31,18,14,93,,162,107,19,14,13,11,1.1,0.9
2024-06-13T0000,1763A,123.7169,41.3094,本溪市,彩屯,,29,24,30,13,17,90,,138,89,30,27,22,17,1.4,2
2024-06-13T0000,1764A,123.7669,41.2864,本溪市,东明,,39,26,28,12,13,122,,150,117,12,12,8,9,0.5,0.6
2024-06-13T0000,1765A,123.7992,41.2664,本溪市,新立屯,,43,12,23,11,9,135,,152,119,2,6,12,12,0.6,0.8
2024-06-13T0000,1766A,123.8142,41.3472,本溪市,威宁,,45,45,34,19,16,72,,156,94,27,16,7,8,0.5,0.6
2024-06-13T0000,2587A,105.2864,27.3125,毕节市,八中,,32,32,25,17,11,54,,120,87,14,12,6,6,0.4,0.4
2024-06-13T0000,2588A,105.31,27.2944,毕节市,师专,,41,41,26,20,13,47,,119,78,21,15,7,6,0.7,0.6
2024-06-13T0000,3537A,105.3631,27.3533,毕节市,长征村,,29,27,15,20,11,52,,131,98,18,10,6,6,0.5,0.5
2024-06-13T0000,1629A,118.0018,37.3617,滨州市,第二水厂,颗粒物(PM10),57,63,96,34,28,71,,222,156,41,14,8,7,0.8,0.7
2024-06-13T0000,1630A,117.9776,37.393,滨州市,北中新校,颗粒物(PM10),57,63,90,31,24,78,,228,165,42,16,11,9,0.8,0.6
2024-06-13T0000,3514A,117.9378,37.3956,滨州市,中海酒店,颗粒物(PM10),56,61,90,29,28,87,,232,173,31,14,11,9,0.5,0.5
2024-06-13T0000,3515A,117.9378,37.3553,滨州市,开发区一中,颗粒物(PM10),70,90,101,34,27,64,,213,144,46,18,19,13,1.1,0.9
2024-06-13T0000,3516A,118.0917,37.694,滨州市,金海六路,颗粒物(PM10),63,76,96,39,24,107,,239,175,20,11,18,11,0.7,0.6
2024-06-13T0000,4028A,117.9956,37.3753,滨州市,滨州市西街道办事处,颗粒物(PM10),58,66,90,36,33,68,,217,154,38,14,7,6,0.9,0.7
2024-06-13T0000,2311A,115.8072,33.8399,亳州市,污水处理厂,,41,39,45,19,23,131,,193,168,13,13,6,6,0.4,0.4
2024-06-13T0000,2312A,115.7789,33.8518,亳州市,三国揽胜宫,,47,44,45,14,17,150,,208,186,11,11,6,6,0.5,0.6
2024-06-13T0000,3332A,115.7633,33.8034,亳州市,亳州学院,,50,50,45,15,21,135,,195,171,10,10,6,6,0.4,0.4
2024-06-13T0000,2693A,82.0485,44.8556,博尔塔拉蒙古自治州,市党校,,,65,27,9,7,,,123,,19,11,10,9,0.3,0.3
2024-06-13T0000,2694A,82.0806,44.8969,博尔塔拉蒙古自治州,市环保局,,31,31,31,13,11,80,,123,101,24,16,10,9,0.2,0.3
2024-06-13T0000,1071A,116.8842,38.2991,沧州市,沧县城建局,颗粒物(PM10),120,190,92,52,27,142,,236,186,11,15,7,6,0.6,0.7
2024-06-13T0000,1072A,116.8584,38.3254,沧州市,电视转播站,颗粒物(PM10),140,229,92,36,30,140,,198,168,10,12,15,10,0.4,0.5
2024-06-13T0000,1073A,116.8709,38.3228,沧州市,市环保局,颗粒物(PM10),125,200,97,51,38,141,,234,192,13,15,8,11,0.3,0.4
2024-06-13T0000,3324A,116.8136,38.3004,沧州市,河北水利电力学院,颗粒物(PM10),163,276,103,50,37,154,,260,208,12,13,12,13,0.3,0.4
2024-06-13T0000,2622A,97.1806,31.1273,昌都市,昌都监测站,,18,11,7,7,5,56,,97,82,9,6,9,9,0.3,0.3
2024-06-13T0000,3719A,97.1714,31.1406,昌都市,昌都会议中心,,19,8,6,3,5,59,,104,87,6,5,5,5,0.3,0.3
2024-06-13T0000,2690A,88.1236,43.8886,昌吉回族自治州,天山天池,,20,16,16,3,5,63,,122,102,7,6,7,6,0.5,0.6
2024-06-13T0000,2692A,87.2717,44.0297,昌吉回族自治州,新区政务中心,,37,37,25,10,8,107,,130,122,11,8,9,8,0.3,0.2
2024-06-13T0000,3613A,87.3095,44.0142,昌吉回族自治州,亚心广场,,34,34,31,17,5,105,,130,120,16,19,7,7,0.2,0.2
2024-06-13T0000,1119A,125.3325,43.9166,长春市,食品厂,颗粒物(PM10),63,76,29,29,17,21,,127,86,86,28,7,6,0.5,0.5
2024-06-13T0000,1120A,125.2863,43.9027,长春市,客车厂,颗粒物(PM10),51,52,24,19,14,13,,125,74,87,29,3,4,0.6,0.4
2024-06-13T0000,1121A,125.2841,43.8463,长春市,邮电学院,,32,32,20,8,12,39,,122,90,33,16,6,7,0.4,0.4
2024-06-13T0000,1122A,125.3716,43.8772,长春市,劳动公园,,46,46,26,19,13,50,,134,101,51,21,5,4,0.5,0.5
2024-06-13T0000,1123A,125.3297,43.8805,长春市,园林处,,49,49,20,32,16,55,,126,105,52,19,6,6,0.6,0.5
2024-06-13T0000,1124A,125.4605,43.79,长春市,净月潭,,17,17,21,9,13,37,,123,84,8,8,5,5,0.3,0.4
2024-06-13T0000,1125A,125.7194,43.515,长春市,甩湾子,,,,,,,,,,,,,,,,
2024-06-13T0000,1126A,125.3863,43.8447,长春市,经开区环卫处,,45,43,26,16,14,13,,130,90,89,25,4,4,0.4,0.4
2024-06-13T0000,1127A,125.245,43.7783,长春市,高新区管委会,,48,48,29,16,18,18,,131,82,69,23,6,6,0.2,0.3
2024-06-13T0000,1128A,125.1761,43.8325,长春市,岱山公园,,42,42,23,16,17,39,,132,97,75,25,5,4,0.4,0.4
2024-06-13T0000,1335A,113.0833,28.2325,长沙市,经开区环保局,,24,24,24,11,13,43,,70,54,11,15,6,7,0.5,0.5
2024-06-13T0000,1336A,112.8872,28.2189,长沙市,高开区环保局,,22,22,25,12,14,36,,86,58,20,14,4,5,0.7,0.7
2024-06-13T0000,1337A,113.0792,28.2053,长沙市,马坡岭,,21,21,20,12,14,52,,74,62,2,5,8,7,0.5,0.6
2024-06-13T0000,1338A,112.9394,28.19,长沙市,湖南师范大学,,17,17,25,11,16,21,,75,45,18,11,3,4,0.6,0.6
2024-06-13T0000,1339A,113.0178,28.1322,长沙市,雨花区环保局,,22,22,21,12,11,24,,70,51,13,9,2,2,0.6,0.6
2024-06-13T0000,1340A,112.9792,28.2597,长沙市,伍家岭,,21,21,25,6,14,46,,94,67,9,12,5,5,0.4,0.4
2024-06-13T0000,1341A,113.0014,28.1944,长沙市,火车新站,,19,19,23,7,11,42,,77,57,11,14,2,2,0.6,0.6
2024-06-13T0000,1342A,112.9844,28.1178,长沙市,天心区环保局,,25,25,22,7,12,13,,62,44,19,13,2,2,0.6,0.5
2024-06-13T0000,1343A,112.8908,28.1308,长沙市,湖南中医药大学,,24,24,20,9,12,30,,73,43,13,13,7,7,0.8,0.8
2024-06-13T0000,1344A,112.9581,28.3611,长沙市,沙坪,,16,16,18,8,10,43,,114,86,10,8,9,7,0.4,0.5
2024-06-13T0000,1727A,113.1147,36.1547,长治市,清华站,颗粒物(PM10),57,63,56,27,16,84,,181,141,46,24,12,11,0.5,0.4
2024-06-13T0000,1728A,113.1031,36.1989,长治市,监测站,颗粒物(PM10),51,52,48,22,14,93,,185,146,36,21,10,5,1.0,0.5
2024-06-13T0000,1730A,113.0886,36.2125,长治市,审计局,颗粒物(PM10),52,54,40,24,12,84,,184,148,51,28,7,4,0.6,0.3
2024-06-13T0000,1731A,113.0844,36.1856,长治市,长治八中,颗粒物(PM10),72,94,55,22,16,92,,184,146,38,29,5,5,0.7,0.5
2024-06-13T0000,2845A,113.1569,36.1911,长治市,德盛苑,,49,44,38,19,13,155,,188,172,10,13,8,8,0.8,0.9
2024-06-13T0000,3568A,113.06,36.0464,长治市,向阳小学,颗粒物(PM10),52,54,56,25,26,138,,186,164,16,14,4,3,0.5,0.5
2024-06-13T0000,3569A,112.8792,36.3144,长治市,屯留一中,细颗粒物(PM2.5),62,61,37,44,19,69,,189,147,48,16,28,9,1.1,0.6
2024-06-13T0000,3570A,113.235,36.3489,长治市,潞城四中,颗粒物(PM10),63,76,64,23,20,61,,194,142,60,26,7,12,1.1,0.9
2024-06-13T0000,1854A,111.6975,28.9703,常德市,市二中,,20,16,11,14,6,57,,94,82,18,7,8,7,0.7,0.6
2024-06-13T0000,1857A,111.7158,29.1456,常德市,白鹤山,,,,,,,,,,,,,,,,
2024-06-13T0000,3138A,111.7153,29.0289,常德市,武陵区永安,,30,30,13,17,8,75,,94,87,6,5,7,7,0.4,0.4
2024-06-13T0000,3139A,111.6892,28.9881,常德市,鼎城区玉霞,,25,25,11,17,7,66,,95,,9,5,5,5,0.5,0.4
2024-06-13T0000,3140A,111.6625,29.0531,常德市,武陵区长庚,,26,22,11,15,7,83,,88,88,6,4,8,8,0.7,0.6
2024-06-13T0000,1196A,119.9633,31.762,常州市,市监测站,颗粒物(PM10),61,72,46,42,34,73,,184,136,30,20,8,7,0.7,0.7
2024-06-13T0000,1200A,119.9468,31.7069,常州市,武进监测站,颗粒物(PM10),57,63,36,39,25,68,,172,141,31,10,13,12,1.2,0.7
2024-06-13T0000,1201A,119.9255,31.9087,常州市,安家,细颗粒物(PM2.5),58,51,50,41,37,56,,219,153,28,24,9,8,0.8,0.7
2024-06-13T0000,3002A,119.9805,31.8174,常州市,行政中心,,48,48,43,27,28,63,,202,143,22,15,14,12,0.6,0.5
2024-06-13T0000,3003A,120.0522,31.7748,常州市,经开区,颗粒物(PM10),52,53,39,33,28,66,,200,141,18,16,7,6,0.9,0.9
2024-06-13T0000,3010A,119.9025,31.7964,常州市,钟楼,颗粒物(PM10),59,68,41,32,28,72,,196,149,28,16,6,6,0.9,0.8
2024-06-13T0000,3429A,119.8598,31.7066,常州市,武进经发区,颗粒物(PM10),65,80,42,44,24,62,,174,136,40,14,12,10,0.8,0.4
2024-06-13T0000,3430A,119.5826,31.7245,常州市,金坛城区,,49,46,32,34,24,108,,180,156,18,7,8,7,1.4,1
2024-06-13T0000,2220A,120.4318,41.5881,朝阳市,西梁,颗粒物(PM10),53,56,83,26,37,157,,183,178,11,12,10,14,0.6,0.8
2024-06-13T0000,2221A,120.4521,41.5646,朝阳市,河畔小区,臭氧1小时,74,62,79,22,37,179,,199,197,10,10,11,12,0.7,0.8
2024-06-13T0000,2222A,120.4176,41.5648,朝阳市,八里堡,颗粒物(PM10),57,64,68,22,39,143,,176,,13,12,9,11,0.7,0.9
2024-06-13T0000,2223A,120.3806,41.5969,朝阳市,农业园区,颗粒物(PM10),51,51,72,27,40,151,,193,181,14,14,9,12,0.7,0.8
2024-06-13T0000,1705A,116.6367,23.6719,潮州市,西园路,,34,34,31,11,13,24,,64,36,15,12,2,2,0.5,0.4
2024-06-13T0000,3026A,116.6183,23.6608,潮州市,市政府,,30,30,36,11,12,32,,69,39,13,11,6,7,0.7,0.7
2024-06-13T0000,4036A,116.6461,23.6761,潮州市,金山,,38,38,35,12,14,12,,64,36,15,10,6,6,0.8,0.7
2024-06-13T0000,2472A,113.0073,25.9061,郴州市,马头岭,,37,37,23,9,8,19,,57,36,9,6,8,11,0.6,0.4
2024-06-13T0000,2473A,113.0116,25.8226,郴州市,市职中,,25,25,17,14,10,17,,66,37,10,6,10,20,0.5,0.6
2024-06-13T0000,2474A,113.0161,25.8001,郴州市,兴隆步行街,,22,22,22,12,9,25,,61,41,12,7,33,28,0.6,0.6
2024-06-13T0000,2475A,113.0383,25.8071,郴州市,市审计局,,25,25,16,17,10,18,,60,37,12,7,11,8,0.6,0.6
2024-06-13T0000,2476A,113.0348,25.7759,郴州市,市环保局,,17,17,16,9,8,38,,59,48,11,9,26,10,0.4,0.4
2024-06-13T0000,1431A,103.9728,30.7236,成都市,金泉两河,,39,39,31,17,13,33,,158,113,48,12,2,3,0.7,0.5
2024-06-13T0000,1432A,104.176,30.6872,成都市,十里店,颗粒物(PM10),52,54,32,30,16,102,,170,148,33,22,6,4,0.8,0.6
2024-06-13T0000,1433A,104.079,30.5706,成都市,三瓦窑,颗粒物(PM10),53,55,36,31,18,19,,158,132,103,20,3,2,0.6,0.4
2024-06-13T0000,1434A,104.1114,30.63,成都市,沙河铺,,36,36,31,19,18,82,,166,144,32,13,2,2,1.6,0.5
2024-06-13T0000,1437A,104.0786,30.6531,成都市,君平街,,46,46,31,17,15,100,,165,147,32,16,2,1,0.6,0.4
2024-06-13T0000,1438A,103.613,31.0283,成都市,灵岩寺,,,,,,,,,,,,,,,,
2024-06-13T0000,2880A,104.0239,30.65639,成都市,大石西路,,38,38,33,10,13,61,,164,135,43,15,4,4,0.7,0.5
2024-06-13T0000,3136A,104.2725,30.5589,成都市,龙泉驿区区政府,,32,17,20,7,13,101,,158,141,14,9,4,3,0.4,0.4
2024-06-13T0000,3357A,104.0106,30.6931,成都市,金博路,,39,39,26,11,12,55,,150,110,43,13,1,1,0.6,0.4
2024-06-13T0000,3359A,104.0578,30.5225,成都市,华阳,,34,34,28,19,22,93,,154,129,27,11,3,2,0.7,0.5
2024-06-13T0000,3487A,104.2394,30.5319,成都市,车城东七路,,37,23,27,15,20,118,,155,147,10,9,3,4,0.5,0.5
2024-06-13T0000,3488A,104.3853,30.7453,成都市,青白江技师分院,,25,25,22,3,10,70,,158,115,43,17,7,7,0.7,0.6
2024-06-13T0000,3489A,104.0789,30.4072,成都市,科学城,,39,22,25,14,16,122,,147,144,13,8,4,4,0.5,0.4
2024-06-13T0000,4011A,103.8506,30.6947,成都市,光华大道三段,,44,44,36,26,18,52,,147,119,41,9,3,4,0.7,0.5
2024-06-13T0000,1062A,117.9531,40.9081,承德市,铁路,颗粒物(PM10),63,75,40,31,14,163,,189,182,21,17,13,10,0.9,0.4
2024-06-13T0000,1063A,117.9392,40.9763,承德市,中国银行,,44,44,34,17,13,60,,185,146,22,15,5,6,0.4,0.3
2024-06-13T0000,1064A,117.9503,40.928,承德市,开发区,,47,47,44,22,18,102,,193,176,23,20,10,10,0.5,0.4
2024-06-13T0000,1065A,117.8051,40.9655,承德市,文化中心,,42,42,49,3,13,102,,197,165,16,22,20,16,0.4,0.4
2024-06-13T0000,1066A,117.9268,41.0026,承德市,离宫,,30,30,28,19,16,74,,185,153,12,8,2,3,0.2,0.3
2024-06-13T0000,2314A,117.47,30.6618,池州市,池州学院,,35,33,28,24,18,70,,143,116,17,9,7,7,0.7,0.8
2024-06-13T0000,3237A,117.4918,30.6617,池州市,展览馆,,34,34,25,18,15,69,,141,115,15,8,4,4,0.7,0.8
2024-06-13T0000,3333A,117.5627,30.695,池州市,第八中学,,33,33,27,16,15,53,,144,106,25,12,4,4,0.6,0.7
2024-06-13T0000,3334A,117.5038,30.6243,池州市,第十二中学,,30,27,29,21,18,67,,140,116,18,16,5,6,1.2,1
2024-06-13T0000,1744A,118.9233,42.2816,赤峰市,松山一中,,39,30,47,10,15,124,,145,144,14,20,9,15,0.1,0.3
2024-06-13T0000,1745A,118.9576,42.2728,赤峰市,哈达街,,39,23,44,14,21,124,,146,146,16,23,11,18,0.5,0.8
2024-06-13T0000,1746A,118.8788,42.2554,赤峰市,天义路,,43,14,35,10,13,135,,161,160,13,17,6,11,0.2,0.4
2024-06-13T0000,3058A,119.2658,42.0353,赤峰市,银河街,,47,30,44,17,23,149,,170,169,12,15,14,15,0.3,0.4
2024-06-13T0000,3286A,118.9359,42.3147,赤峰市,桥北物流园区,,39,22,42,13,29,124,,150,148,10,19,6,9,0.6,0.8
2024-06-13T0000,2521A,107.3476,22.4136,崇左市,市环保局江州分局,,28,28,32,15,13,37,,64,,11,9,5,6,0.3,0.3
2024-06-13T0000,2522A,107.3702,22.3707,崇左市,城南新区,,24,24,28,16,14,29,,69,,15,9,3,4,0.5,0.5
2024-06-13T0000,2298A,118.3093,32.3153,滁州市,老年大学,颗粒物(PM10),57,63,47,32,24,143,,210,177,25,18,8,10,0.6,0.7
2024-06-13T0000,2299A,118.3244,32.2786,滁州市,人大宾馆,"颗粒物(PM10),细颗粒物(PM2.5)",57,63,42,40,33,151,,204,167,21,16,7,8,0.7,0.7
2024-06-13T0000,3207A,118.3118,32.3038,滁州市,市政府原办公楼,细颗粒物(PM2.5),59,58,45,42,39,146,,203,167,24,18,8,9,0.7,0.8
2024-06-13T0000,3331A,118.3267,32.2634,滁州市,图书馆,细颗粒物(PM2.5),63,66,45,45,31,144,,198,162,24,16,8,9,0.9,0.9
2024-06-13T0000,2605A,101.5482,25.0441,楚雄彝族自治州,州环境监测站,,18,,14,8,13,56,,77,68,6,7,5,6,0.5,0.5
2024-06-13T0000,2606A,101.538,25.0492,楚雄彝族自治州,市经济开发区,,20,14,17,14,11,41,,74,62,16,7,4,6,0.6,0.6
2024-06-13T0000,2548A,107.5277,31.2827,达州市,达州职业技术学院,,48,48,36,11,10,9,,134,72,47,25,3,5,0.3,0.5
2024-06-13T0000,2549A,107.5086,31.2186,达州市,市环境监测站,,37,37,35,14,13,52,,139,94,31,25,6,11,0.6,0.8
2024-06-13T0000,2550A,107.4988,31.2132,达州市,凤凰小区,,32,29,35,22,19,44,,136,99,39,23,7,13,0.6,0.8
2024-06-13T0000,2551A,107.5082,31.1986,达州市,达县机关宾馆,颗粒物(PM10),62,73,41,27,16,16,,134,74,72,38,5,10,0.4,0.5
2024-06-13T0000,2552A,107.4644,31.2124,达州市,市政中心,颗粒物(PM10),55,60,41,24,18,21,,126,90,72,33,13,16,0.7,1
2024-06-13T0000,2614A,100.1542,25.7054,大理白族自治州,大理市环境监测站,,32,,33,22,18,70,,90,,8,8,4,4,0.6,0.5
2024-06-13T0000,2615A,100.2171,25.5811,大理白族自治州,大理古城,,17,17,30,8,20,54,,103,80,12,9,6,7,0.8,0.8
2024-06-13T0000,1109A,121.612,38.9741,大连市,甘井子,,20,20,39,3,12,62,,129,90,13,18,5,6,0.5,0.5
2024-06-13T0000,1110A,121.565,38.9511,大连市,周水子,,21,21,31,6,11,67,,131,82,9,17,7,8,0.4,0.4
2024-06-13T0000,1111A,121.5637,38.8845,大连市,星海三站,,,,34,,10,,,148,,,10,,7,,0.5
2024-06-13T0000,1112A,121.6302,38.9117,大连市,青泥洼桥,,21,12,29,8,11,67,,134,89,7,11,8,8,0.6,0.6
2024-06-13T0000,1113A,121.6251,38.8638,大连市,傅家庄,,23,16,30,7,10,73,,153,106,9,11,8,7,0.5,0.5
2024-06-13T0000,1114A,121.5213,38.8661,大连市,七贤岭,,19,19,40,8,12,59,,127,89,11,15,4,6,0.4,0.4
2024-06-13T0000,1115A,121.2529,38.8061,大连市,旅顺,,22,7,28,3,11,69,,139,104,14,15,8,8,0.3,0.3
2024-06-13T0000,1116A,121.7485,39.1311,大连市,金州,,22,16,27,10,14,70,,146,110,8,10,9,10,0.5,0.5
2024-06-13T0000,1117A,121.7811,39.0496,大连市,开发区,,36,36,40,17,15,66,,142,107,20,24,9,5,0.4,0.4
2024-06-13T0000,1118A,121.9762,39.0631,大连市,双D港,,23,16,28,11,12,73,,151,91,11,12,6,6,0.4,0.5
2024-06-13T0000,1789A,124.81117,46.03138,大庆市,大同区,,30,30,24,19,20,72,,107,82,15,10,2,4,0.3,0.3
2024-06-13T0000,1790A,125.129,46.533,大庆市,龙凤区,,24,24,21,7,12,69,,102,87,15,13,6,6,0.1,0.2
2024-06-13T0000,1791A,124.902,46.408,大庆市,红岗区,,21,21,18,13,13,61,,109,87,16,12,13,6,0.2,0.3
2024-06-13T0000,1792A,125.153,46.586,大庆市,萨尔图区,,26,26,19,13,10,64,,93,81,18,10,8,6,0.3,0.3
2024-06-13T0000,1793A,124.9042,46.6215,大庆市,让胡路区,,37,37,24,9,9,30,,98,62,49,16,7,7,0.3,0.2
2024-06-13T0000,3481A,125.141,46.634,大庆市,萨区政府监测点,,24,18,22,8,8,75,,98,79,14,14,5,5,0.1,0.2
2024-06-13T0000,1721A,113.3819,40.1097,大同市,果树场,,,,,,,,,,,,,,,,
2024-06-13T0000,1723A,113.2994,40.0758,大同市,云冈宾馆,,45,45,66,13,23,112,,184,140,24,28,6,12,0.3,0.8
2024-06-13T0000,1724A,113.3444,40.0917,大同市,大同大学,,41,41,49,18,20,114,,177,136,16,22,9,14,0.2,0.5
2024-06-13T0000,1725A,113.2661,40.1269,大同市,安家小村,颗粒物(PM10),53,56,73,24,26,106,,180,135,23,24,11,15,0.3,0.8
2024-06-13T0000,1726A,113.2711,40.0844,大同市,教育学院,颗粒物(PM10),57,64,76,27,26,106,,184,136,30,33,9,15,0.4,0.8
2024-06-13T0000,3282A,113.3397,40.0597,大同市,大同市卫生学校,,48,48,64,15,26,114,,183,143,22,28,9,14,0.3,0.7
2024-06-13T0000,3565A,113.1367,40.1122,大同市,云冈站,颗粒物(PM10),52,53,72,18,21,29,,178,115,59,28,17,16,0.4,0.4
2024-06-13T0000,3566A,113.1186,40.2556,大同市,图书馆,颗粒物(PM10),51,52,51,14,17,75,,169,129,18,17,8,10,0.5,0.5
2024-06-13T0000,3567A,113.5931,40.0461,大同市,区一中,,45,42,62,3,14,141,,179,155,10,18,2,8,0.3,0.4
2024-06-13T0000,3676A,113.2802,40.0995,大同市,第二人民医院,颗粒物(PM10),54,57,71,26,25,115,,186,142,20,26,10,16,0.3,0.9
2024-06-13T0000,2269A,124.1069,50.4097,大兴安岭地区,科技局,,25,25,16,16,14,36,,74,56,9,5,9,6,0.3,0.3
2024-06-13T0000,3663A,124.1164,50.4278,大兴安岭地区,红旗社区,,13,9,5,9,6,26,,79,60,10,6,4,6,0.4,0.4
2024-06-13T0000,1600A,124.3303,40.0625,丹东市,江湾东路,,36,28,22,25,12,84,,119,86,7,9,11,9,0.4,0.4
2024-06-13T0000,1601A,124.4256,40.1503,丹东市,临江后街,,27,27,24,13,7,85,,126,90,3,6,9,9,0.4,0.5
2024-06-13T0000,1602A,124.3933,40.1461,丹东市,元宝山,,27,27,22,15,10,66,,103,75,8,11,8,9,0.4,0.6
2024-06-13T0000,1603A,124.3633,40.1092,丹东市,民主桥,,26,26,23,16,10,74,,112,81,5,6,7,6,0.4,0.5
2024-06-13T0000,3541A,109.5726,19.5167,儋州市,第一中学子站,,18,18,16,9,7,56,,69,65,3,2,5,4,0.4,0.4
2024-06-13T0000,3542A,109.5567,19.5187,儋州市,东坡学校子站,,23,23,16,7,6,46,,67,61,2,3,4,3,0.5,0.5
2024-06-13T0000,2616A,98.5842,24.428,德宏傣族景颇族自治州,德宏州监测站,,23,23,33,14,20,30,,72,50,10,13,4,7,0.8,0.8
2024-06-13T0000,3677A,98.5881,24.4368,德宏傣族景颇族自治州,芒市人民政府综合楼,,24,24,36,12,19,27,,71,50,13,12,10,13,0.7,0.7
2024-06-13T0000,1901A,104.4239,31.1208,德阳市,东山公园,颗粒物(PM10),56,62,38,30,17,140,,189,180,13,12,3,3,0.6,0.5
2024-06-13T0000,1902A,104.3826,31.1317,德阳市,西小区,颗粒物(PM10),53,55,39,34,24,118,,195,169,34,28,2,3,0.7,0.6
2024-06-13T0000,1904A,104.3553,31.1091,德阳市,耐火材料厂,颗粒物(PM10),60,70,44,36,22,82,,225,187,55,24,4,4,0.8,0.6
2024-06-13T0000,3639A,104.4019,31.1244,德阳市,市教育局,颗粒物(PM10),52,54,37,30,19,110,,176,155,32,22,3,3,0.7,0.6
2024-06-13T0000,1622A,116.3032,37.4674,德州市,儿童乐园,颗粒物(PM10),86,122,119,24,28,179,,263,232,10,15,6,12,0.6,0.7
2024-06-13T0000,1624A,116.2991,37.4451,德州市,监理站,颗粒物(PM10),82,114,119,17,24,181,,250,226,12,16,9,14,0.5,0.6
2024-06-13T0000,3066A,116.2721,37.4379,德州市,九衢泉纯净水厂,颗粒物(PM10),79,107,114,19,28,173,,239,210,10,18,5,9,0.5,0.6
2024-06-13T0000,3371A,116.3728,37.4403,德州市,开发区人民医院,颗粒物(PM10),85,119,126,24,30,183,,254,221,2,12,8,13,0.6,0.3
2024-06-13T0000,3372A,116.3572,37.4094,德州市,太阳城中学,颗粒物(PM10),86,122,132,24,28,182,,254,224,10,17,6,11,0.8,0.6
2024-06-13T0000,3511A,116.5652,37.3319,德州市,陵城艺术中心,,,,126,27,24,175,,240,213,10,13,6,9,0.5,0.5
2024-06-13T0000,2621A,99.7056,27.8317,迪庆藏族自治州,迪庆州站,,34,20,17,3,9,108,,104,104,7,9,10,10,0.4,0.5
2024-06-13T0000,3180A,99.7136,27.8094,迪庆藏族自治州,质量技术监督局,,32,11,17,8,8,100,,96,96,5,9,8,8,0.4,0.4
2024-06-13T0000,2663A,104.6241,35.5734,定西市,东关小学,颗粒物(PM10),56,61,54,34,22,80,,155,129,24,17,7,8,0.3,0.3
2024-06-13T0000,2664A,104.6194,35.5934,定西市,供电公司,颗粒物(PM10),53,56,53,31,21,72,,147,120,37,20,3,3,0.3,0.3
2024-06-13T0000,1389A,113.7547,23.0494,东莞市,莞城梨川,,23,23,25,10,12,33,,81,40,20,16,10,10,0.9,0.8
2024-06-13T0000,1390A,113.7944,23.0128,东莞市,东城石井,,24,24,24,13,13,19,,83,34,16,15,4,4,0.6,0.6
2024-06-13T0000,1391A,113.7383,22.9658,东莞市,南城西平,,22,22,22,9,12,33,,80,44,18,11,3,2,0.7,0.6
2024-06-13T0000,3319A,113.7338,23.0381,东莞市,万江金泰,,22,22,25,10,12,31,,82,41,19,14,11,11,0.7,0.6
2024-06-13T0000,3626A,113.7533,23.0202,东莞市,南城元岭,,22,22,24,10,12,29,,85,32,19,14,6,6,0.7,0.6
2024-06-13T0000,3627A,113.7875,23.0457,东莞市,东城主山,,23,23,25,11,13,26,,76,34,17,14,8,8,0.7,0.7
2024-06-13T0000,1666A,118.6614,37.4309,东营市,市环保局,,46,46,82,17,25,77,,240,159,18,17,12,12,0.6,0.4
2024-06-13T0000,3036A,118.6904,37.4338,东营市,开发区管委会,,50,50,101,12,23,78,,219,151,19,16,9,9,0.5,0.3
2024-06-13T0000,3365A,118.5719,37.565,东营市,垦利区民丰路,颗粒物(PM10),59,68,92,19,26,85,,245,170,21,17,14,14,0.9,0.7
2024-06-13T0000,3498A,118.5055,37.8612,东营市,河口城区,颗粒物(PM10),53,56,82,22,26,94,,252,182,18,13,7,8,0.8,0.7
2024-06-13T0000,3646A,118.4978,37.4623,东营市,胜利站,颗粒物(PM10),52,54,89,14,24,86,,242,164,18,18,9,11,0.9,0.8
2024-06-13T0000,3734A,118.35,37.26,东营市,理想之城,颗粒物(PM10),52,53,91,17,23,68,,229,145,23,17,13,16,0.6,0.6
2024-06-13T0000,1591A,110.0023,39.8129,鄂尔多斯市,综合楼,颗粒物(PM10),76,102,104,17,35,116,,156,139,29,28,14,19,0.6,0.6
2024-06-13T0000,1592A,109.9486,39.8261,鄂尔多斯市,巴音孟克林场办事处,颗粒物(PM10),80,110,102,24,26,101,,139,126,33,29,14,16,0.6,0.6
2024-06-13T0000,1593A,109.7736,39.5986,鄂尔多斯市,康泽苑,颗粒物(PM10),65,80,73,27,22,86,,159,135,31,17,14,10,0.6,0.4
2024-06-13T0000,1594A,109.8119,39.5989,鄂尔多斯市,华泰汽车城,颗粒物(PM10),60,70,70,29,31,59,,143,110,46,30,12,10,0.7,0.5
2024-06-13T0000,1595A,109.9734,39.7884,鄂尔多斯市,奥林花园,颗粒物(PM10),73,95,92,24,28,95,,141,120,38,39,11,11,0.6,0.6
2024-06-13T0000,2436A,114.8938,30.3994,鄂州市,市政府,,38,38,40,20,17,71,,177,138,19,21,7,3,0.7,0.9
2024-06-13T0000,2437A,114.8989,30.3714,鄂州市,赵家坝,颗粒物(PM10),54,58,40,18,16,88,,172,135,15,21,6,7,0.5,0.8
2024-06-13T0000,3654A,114.8094,30.4089,鄂州市,精准医疗中心,颗粒物(PM10),61,72,48,24,17,58,,158,113,43,22,8,6,0.5,0.7
2024-06-13T0000,2454A,109.4978,30.2981,恩施土家族苗族自治州,湖北民院,,40,40,26,20,16,51,,128,98,18,8,8,8,0.6,0.5
2024-06-13T0000,2455A,109.4707,30.2798,恩施土家族苗族自治州,州电力总公司,,35,26,21,24,14,37,,130,97,28,15,9,9,0.7,0.7
2024-06-13T0000,3549A,109.5061,30.3772,恩施土家族苗族自治州,龙凤新区,,24,24,20,12,11,44,,119,83,16,11,6,7,0.7,0.7
2024-06-13T0000,2499A,108.3411,21.6158,防城港市,沙万,,27,27,23,10,8,63,,60,60,9,16,8,7,0.6,0.6
2024-06-13T0000,2500A,108.3514,21.7731,防城港市,防城档案局,,24,24,19,8,14,58,,62,59,7,9,6,6,0.7,0.7
2024-06-13T0000,2501A,108.3506,21.6414,防城港市,大海花园,,24,24,22,9,7,68,,66,66,12,11,5,5,0.6,0.6
2024-06-13T0000,1371A,113.1294,23.0067,佛山市,湾梁,,15,14,22,10,13,42,,78,48,13,18,7,7,0.6,0.7
2024-06-13T0000,1372A,113.1083,23.0478,佛山市,华材职中,,16,,21,11,12,41,,81,48,12,16,4,5,0.4,0.4
2024-06-13T0000,1373A,113.144,23.0453,佛山市,南海气象局,,19,19,25,13,15,39,,85,48,11,16,6,6,0.4,0.5
2024-06-13T0000,1374A,113.2881,22.8094,佛山市,顺德苏岗,,24,24,19,12,14,27,,81,45,17,16,5,5,0.5,0.6
2024-06-13T0000,1376A,112.8383,22.8678,佛山市,高明孔堂,,18,18,21,10,12,56,,67,59,5,5,7,6,0.4,0.5
2024-06-13T0000,1377A,112.8836,23.1588,佛山市,三水监测站,,25,22,27,14,20,4,,72,23,50,33,5,5,0.3,0.4
2024-06-13T0000,1378A,112.867,23.185,佛山市,三水云东海,,18,18,23,11,19,18,,90,32,22,23,5,5,0.4,0.5
2024-06-13T0000,3625A,113.2544,22.7642,佛山市,容桂街道办,,14,14,19,7,13,26,,71,41,24,22,7,7,0.4,0.5
2024-06-13T0000,1280A,119.3903,26.0543,福州市,鼓山,,,,,,,,,,,,,,,,
2024-06-13T0000,1282A,119.2681,26.0504,福州市,师大,,11,8,23,7,14,35,,84,54,12,10,3,3,0.4,0.4
2024-06-13T0000,1283A,119.2984,26.1028,福州市,五四北路,,,,14,0,15,50,,100,65,10,14,3,3,0.3,0.3
2024-06-13T0000,1284A,119.2648,26.0768,福州市,杨桥西路,,13,10,24,3,12,39,,87,55,14,14,3,3,0.3,0.3
2024-06-13T0000,1285A,119.317,26.0746,福州市,紫阳,,16,14,24,11,14,30,,89,55,16,11,2,2,0.4,0.4
2024-06-13T0000,3048A,119.5799,26.0936,福州市,九龙,,14,14,22,3,10,30,,84,53,12,7,4,4,0.2,0.3
2024-06-13T0000,3526A,119.5189,25.9664,福州市,吴航,,21,21,24,10,13,30,,90,56,11,7,3,4,0.4,0.4
2024-06-13T0000,1755A,123.7977,41.8491,抚顺市,望花区,,32,30,39,16,21,100,,206,145,19,18,3,5,0.5,0.6
2024-06-13T0000,1756A,123.9161,41.8822,抚顺市,顺城区,,35,34,46,12,20,112,,212,158,14,16,8,10,0.4,0.7
2024-06-13T0000,1757A,124.0436,41.8611,抚顺市,东洲区,,44,44,51,16,19,101,,204,148,12,13,12,11,0.4,0.5
2024-06-13T0000,1758A,123.9247,41.8642,抚顺市,新抚区,,30,30,38,15,21,84,,187,136,13,12,8,9,0.3,0.6
2024-06-13T0000,1759A,124.0972,41.8961,抚顺市,大伙房水库,,31,30,37,15,19,99,,184,138,8,10,7,9,0.4,0.6
2024-06-13T0000,1760A,123.7086,41.8391,抚顺市,沈抚新城,,34,34,40,13,23,99,,210,142,22,21,9,10,0.5,0.7
2024-06-13T0000,2376A,116.2127,28.0814,抚州市,桐源党溪,,20,20,24,14,11,13,,62,42,8,4,5,5,0.3,0.3
2024-06-13T0000,2377A,116.3544,27.9831,抚州市,市站,,25,25,22,15,10,36,,62,49,14,9,6,7,0.7,0.7
2024-06-13T0000,2378A,116.3565,27.963,抚州市,血防站,,26,26,23,15,10,31,,53,,21,12,4,4,0.7,0.7
2024-06-13T0000,2379A,116.3564,28.0007,抚州市,采茶剧团,,18,16,18,12,9,31,,60,42,12,7,2,3,0.9,0.9
2024-06-13T0000,2380A,116.385,27.9647,抚州市,医学分院,,24,24,18,11,7,35,,58,,12,7,4,4,0.8,0.7
2024-06-13T0000,2207A,121.6094,41.998,阜新市,工业园区,,48,48,54,23,29,150,,211,183,19,19,12,14,0.6,0.9
2024-06-13T0000,2208A,121.6697,42.0279,阜新市,长青街,,46,37,44,24,26,146,,202,185,19,13,10,9,0.5,0.8
2024-06-13T0000,2209A,121.6673,42.0705,阜新市,农业园区,颗粒物(PM10),55,59,55,34,40,146,,191,170,20,17,13,14,0.5,1
2024-06-13T0000,2210A,121.6717,42.0224,阜新市,东苑,,46,46,56,17,27,139,,199,179,22,17,16,19,0.7,1.4
2024-06-13T0000,2211A,121.6506,42.0498,阜新市,玉龙新城,颗粒物(PM10),51,52,52,28,28,144,,199,179,21,18,13,9,0.6,0.9
2024-06-13T0000,2301A,115.8277,32.8929,阜阳市,市监测站,,39,24,36,14,19,124,,174,139,12,12,7,8,0.3,0.4
2024-06-13T0000,2303A,115.8554,32.8605,阜阳市,开发区,,41,,32,13,14,129,,178,154,12,10,5,6,0.3,0.3
2024-06-13T0000,2875A,115.784,32.8892,阜阳市,阜阳职业技术学院,,44,21,34,6,11,140,,179,154,9,10,7,6,0.3,0.3
2024-06-13T0000,3468A,115.7901,32.8613,阜阳市,市规划展馆,,38,38,41,17,21,116,,175,142,15,11,6,5,0.5,0.5
2024-06-13T0000,3469A,115.836,32.9183,阜阳市,枣园社区,,33,32,37,16,20,105,,181,149,25,13,6,6,0.4,0.4
2024-06-13T0000,2669A,102.9099,34.9841,甘南藏族自治州,州政府,,32,26,32,22,19,59,,118,104,26,20,10,10,0.7,0.7
2024-06-13T0000,3380A,102.8914,34.9617,甘南藏族自治州,甘肃民族师范学院,颗粒物(PM10),55,60,42,14,17,14,,121,93,67,29,8,8,0.6,0.6
2024-06-13T0000,2570A,101.9603,30.0475,甘孜藏族自治州,水桥子,,14,13,19,8,9,44,,103,73,28,19,3,3,0.3,0.3
2024-06-13T0000,3065A,101.9533,29.9972,甘孜藏族自治州,州环保局,,20,18,23,8,6,31,,101,51,40,22,2,2,0.3,0.2
2024-06-13T0000,3414A,115.8347,28.932,赣江新区,桑海产业园,,36,29,26,25,17,42,,85,61,27,24,12,10,0.5,0.5
2024-06-13T0000,2362A,114.9017,25.9149,赣州市,通天岩,,,,,,,,,,,,,,,,
2024-06-13T0000,2363A,114.9367,25.8664,赣州市,地委,,22,22,20,14,12,45,,73,54,8,8,2,8,1.0,1
2024-06-13T0000,2364A,114.9461,25.8481,赣州市,气象台,,23,20,18,16,11,38,,73,55,11,7,6,6,0.7,0.8
2024-06-13T0000,2365A,114.9322,25.8333,赣州市,市图书馆,,24,24,18,12,10,46,,76,56,9,7,3,6,0.8,0.8
2024-06-13T0000,2366A,114.8905,25.8471,赣州市,华坚鞋城,,35,35,22,12,12,27,,71,48,16,8,2,2,0.4,0.3
2024-06-13T0000,3109A,115.0093,25.8613,赣州市,赣县区卫计委,,32,28,23,22,14,9,,67,,36,18,6,7,0.6,0.5
2024-06-13T0000,2683A,106.2319,36.1417,固原市,马园,,38,38,39,13,12,120,,151,132,9,29,5,5,0.5,0.5
2024-06-13T0000,2684A,106.2792,36.0022,固原市,监测站,,40,32,37,11,12,125,,149,132,12,18,5,5,0.4,0.4
2024-06-13T0000,2685A,106.2375,36.0211,固原市,新区,,43,34,35,14,11,136,,146,136,6,16,5,5,0.3,0.3
2024-06-13T0000,3522A,106.2177,35.9959,固原市,原州区十五小,,42,40,40,17,15,134,,150,138,5,13,6,6,0.3,0.3
2024-06-13T0000,2543A,106.6308,30.5278,广安市,小平旧居,,,,,,,,,,,,,,,,
2024-06-13T0000,2544A,106.6303,30.4576,广安市,市委,细颗粒物(PM2.5),54,56,34,38,20,38,,142,106,46,18,8,8,0.7,0.5
2024-06-13T0000,2545A,106.6271,30.4663,广安市,友谊中学,,49,49,29,31,19,37,,146,104,42,20,7,7,0.7,0.5
2024-06-13T0000,2547A,106.6388,30.4551,广安市,广电花园,颗粒物(PM10),52,53,29,34,18,52,,140,104,41,18,10,10,0.6,0.5
2024-06-13T0000,2902A,106.6351,30.4865,广安市,北辰小学,,48,44,34,33,20,59,,146,114,21,15,11,11,0.5,0.4
2024-06-13T0000,2523A,105.8945,32.4535,广元市,黑石坡,,26,23,15,17,10,83,,118,102,11,9,11,11,0.4,0.2
2024-06-13T0000,2524A,105.821,32.4444,广元市,老城,,48,48,29,19,15,48,,139,104,42,16,7,6,0.4,0.4
2024-06-13T0000,2526A,105.8628,32.4287,广元市,监测站,,40,29,26,28,13,87,,140,109,8,10,5,6,0.5,0.4
2024-06-13T0000,3617A,105.8047,32.4166,广元市,经开区,,38,38,35,19,22,85,,135,114,18,12,4,6,0.5,0.5
2024-06-13T0000,1345A,113.2347,23.1423,广州市,广雅中学,,22,22,26,10,14,36,,96,51,24,26,5,4,0.8,0.8
2024-06-13T0000,1346A,113.2612,23.105,广州市,市五中,,15,15,27,9,18,38,,90,56,16,23,4,4,0.6,0.7
2024-06-13T0000,1348A,113.3478,23.0916,广州市,广东商学院,,21,19,28,11,18,11,,107,51,42,31,3,4,0.4,0.4
2024-06-13T0000,1349A,113.4332,23.1047,广州市,市八十六中,,33,33,32,14,15,2,,76,16,54,44,4,3,0.7,0.7
2024-06-13T0000,1350A,113.3505,22.9483,广州市,番禺中学,,21,21,26,11,16,33,,103,59,22,25,6,6,0.6,0.7
2024-06-13T0000,1351A,113.2146,23.3916,广州市,花都师范,,29,29,36,14,23,17,,121,49,36,27,6,6,0.6,0.6
2024-06-13T0000,1352A,113.2597,23.1331,广州市,市监测站,,19,19,29,9,16,36,,76,50,20,27,4,4,0.5,0.5
2024-06-13T0000,1353A,113.5618,23.312,广州市,九龙镇镇龙,,31,31,32,16,18,5,,90,31,36,28,6,6,0.5,0.5
2024-06-13T0000,1354A,113.2765,23.1544,广州市,麓湖,,20,20,29,12,17,39,,95,60,16,24,3,3,0.6,0.4
2024-06-13T0000,1355A,113.443,23.3035,广州市,帽峰山森林公园,,29,29,28,15,14,6,,110,43,55,28,2,2,0.7,0.6
2024-06-13T0000,2846A,113.3221,23.1322,广州市,体育西,,19,19,28,10,17,39,,99,52,11,20,3,3,0.6,0.7
2024-06-13T0000,3298A,113.5717,23.5491,广州市,从化街口,,25,25,28,14,17,16,,126,60,27,18,6,7,0.6,0.6
2024-06-13T0000,3299A,113.3472,23.3692,广州市,白云竹料,,34,34,36,18,19,3,,120,45,47,33,4,4,0.8,0.7
2024-06-13T0000,3300A,113.2981,23.237,广州市,白云嘉禾,,27,27,31,13,17,23,,101,48,36,33,5,5,0.8,0.8
2024-06-13T0000,3301A,113.4256,23.1716,广州市,黄埔科学城,,32,32,34,12,15,1,,94,26,52,36,6,5,0.7,0.7
2024-06-13T0000,3302A,113.3942,23.0483,广州市,番禺大学城,,29,29,25,10,14,28,,85,40,26,31,1,1,0.9,0.8
2024-06-13T0000,3303A,113.4922,22.8168,广州市,南沙黄阁,,29,29,28,8,15,13,,77,31,36,19,5,5,0.7,0.7
2024-06-13T0000,3304A,113.5342,22.7896,广州市,南沙街,,27,27,26,13,12,8,,66,26,31,17,7,7,0.6,0.6
2024-06-13T0000,3443A,113.2902,23.5544,广州市,花都梯面,,28,28,34,19,18,9,,125,64,34,24,4,4,0.8,0.7
2024-06-13T0000,3445A,113.7858,23.7478,广州市,从化良口,,20,20,23,11,12,15,,121,68,21,9,5,5,0.6,0.6
2024-06-13T0000,3446A,113.8051,23.2614,广州市,增城荔城,,37,37,34,19,17,5,,93,25,34,24,5,5,0.6,0.6
2024-06-13T0000,2505A,109.568,23.1478,贵港市,德智高中,,,,,,,,,,,,,,,,
2024-06-13T0000,2506A,109.6047,23.0666,贵港市,江南子站,,20,19,36,14,19,24,,62,35,14,17,7,8,0.4,0.7
2024-06-13T0000,2507A,109.6014,23.0948,贵港市,贵城子站,,27,27,32,18,16,23,,58,35,15,15,7,9,0.5,0.7
2024-06-13T0000,2508A,109.5669,23.1065,贵港市,荷城子站,,22,22,27,9,8,23,,58,31,23,15,9,11,0.6,0.7
2024-06-13T0000,3405A,109.5886,23.1172,贵港市,新世纪学校,,17,17,25,11,15,32,,62,33,11,14,10,12,0.7,0.7
2024-06-13T0000,1439A,106.6899,26.5998,贵阳市,马鞍山,,19,19,15,12,3,34,,104,70,16,10,8,9,0.6,0.6
2024-06-13T0000,1440A,106.6971,26.5694,贵阳市,市环保站,颗粒物(PM10),60,70,29,33,16,4,,118,66,67,30,6,5,1.2,0.6
2024-06-13T0000,1441A,106.6243,26.6266,贵阳市,鉴湖路,,24,24,14,12,4,54,,105,80,26,11,2,2,0.6,0.4
2024-06-13T0000,1442A,106.7487,26.6343,贵阳市,燕子冲,,17,17,17,9,12,38,,116,84,22,12,7,8,0.6,0.6
2024-06-13T0000,1443A,106.6555,26.4365,贵阳市,碧云窝,,41,41,27,19,10,27,,124,84,21,11,4,7,0.5,0.5
2024-06-13T0000,1444A,106.694,26.5161,贵阳市,中院村,颗粒物(PM10),51,51,26,24,12,12,,118,68,56,19,7,8,0.7,0.6
2024-06-13T0000,1445A,106.7109,26.6027,贵阳市,红边门,,36,36,24,24,22,21,,117,69,50,22,6,6,0.8,0.6
2024-06-13T0000,1446A,106.7164,26.5699,贵阳市,新华路,颗粒物(PM10),57,63,27,29,16,12,,131,76,62,21,6,6,0.9,0.6
2024-06-13T0000,1447A,106.674,26.5424,贵阳市,太慈桥,,24,24,14,14,8,7,,118,67,42,15,3,4,0.5,0.4
2024-06-13T0000,1552A,106.805,26.3003,贵阳市,桐木岭,,,,,,,,,,,,,,,,
2024-06-13T0000,1862A,110.4144,25.3167,桂林市,电子科大尧山校区,,13,9,22,8,14,39,,29,26,4,4,3,4,0.5,0.5
2024-06-13T0000,1863A,110.2819,25.2697,桂林市,监测站,,16,,26,10,11,49,,48,47,12,10,4,6,0.7,0.8
2024-06-13T0000,1864A,110.3089,25.2708,桂林市,龙隐路小学,,18,,27,12,12,47,,40,38,6,10,4,4,0.6,0.7
2024-06-13T0000,1865A,110.2869,25.2178,桂林市,八中,,16,,22,11,11,48,,41,38,6,8,4,4,0.6,0.6
2024-06-13T0000,3403A,110.1764,25.2381,桂林市,创业大厦,,18,12,23,12,11,39,,48,47,9,7,6,6,0.5,0.5
2024-06-13T0000,3531A,110.296,25.1253,桂林市,旅游学院,,,,13,,9,,,41,,,6,,7,,0.5
2024-06-13T0000,2674A,100.2561,34.4714,果洛藏族自治州,玛沁县大武镇,,32,12,11,10,10,101,,115,107,10,11,7,8,0.4,0.4
2024-06-13T0000,1129A,126.5422,45.755,哈尔滨市,岭北,,29,29,19,17,13,48,,104,83,56,18,10,9,0.0,0.3
2024-06-13T0000,1130A,126.561,45.8167,哈尔滨市,松北商大,,45,45,25,11,10,37,,91,,44,19,6,5,0.5,0.5
2024-06-13T0000,1131A,126.979,45.5419,哈尔滨市,阿城会宁,,28,28,31,12,15,37,,102,62,27,18,10,10,0.4,0.5
2024-06-13T0000,1132A,126.599,45.7222,哈尔滨市,南岗学府路,,45,45,35,11,12,26,,103,,54,14,8,7,0.6,0.5
2024-06-13T0000,1133A,126.689,45.7733,哈尔滨市,太平宏伟公园,,,,30,,13,,,99,,,20,,5,,0.4
2024-06-13T0000,1134A,126.635,45.7667,哈尔滨市,道外承德广场,,50,50,33,6,12,45,,100,67,46,21,8,8,0.4,0.3
2024-06-13T0000,1135A,126.685,45.7319,哈尔滨市,香坊红旗大街,,44,44,24,20,17,22,,88,,61,16,6,4,0.5,0.5
2024-06-13T0000,1136A,126.6411,45.7258,哈尔滨市,动力和平路,,43,43,29,7,8,42,,102,,44,17,6,6,0.4,0.4
2024-06-13T0000,1137A,126.593,45.7478,哈尔滨市,道里建国路,,42,42,29,8,12,34,,103,75,59,19,12,10,3.4,0.8
2024-06-13T0000,1138A,126.615,45.61,哈尔滨市,平房东轻厂,,22,20,30,9,12,39,,105,70,43,21,7,8,0.1,0.2
2024-06-13T0000,1139A,126.595,45.9855,哈尔滨市,呼兰师专,,,54,28,6,11,,,95,,32,14,6,9,,0.2
2024-06-13T0000,1140A,126.6206,45.6842,哈尔滨市,省农科院,颗粒物(PM10),64,77,37,17,12,2,,112,46,84,27,7,5,0.6,0.5
2024-06-13T0000,2688A,93.5128,42.8172,哈密市,地区监测站,颗粒物(PM10),57,64,125,19,39,79,,132,114,28,11,4,5,0.6,0.3
2024-06-13T0000,2689A,93.4961,42.8328,哈密市,哈密师范学校,颗粒物(PM10),53,56,104,17,29,77,,137,112,30,13,6,6,0.6,0.4
2024-06-13T0000,2671A,100.9048,36.9639,海北藏族自治州,海晏县西海镇,,32,24,23,20,17,102,,137,122,8,11,14,13,0.4,0.4
2024-06-13T0000,3867A,102.0738,36.5056,海东市,平安区公安北苑,,35,35,38,17,19,96,,140,120,25,15,6,10,0.3,0.5
2024-06-13T0000,1409A,110.576,19.9507,海口市,东寨港,,,,,,,,,,,,,,,,
2024-06-13T0000,1410A,110.3232,20.0574,海口市,海南大学,,24,24,18,14,9,31,,88,57,19,12,5,5,0.5,0.4
2024-06-13T0000,1411A,110.283,20.0053,海口市,秀英海南医院,,21,21,23,8,8,25,,73,40,19,14,6,6,0.4,0.3
2024-06-13T0000,1412A,110.338,19.9969,海口市,海南师范大学,,18,18,20,10,9,33,,66,43,12,10,6,6,0.4,0.4
2024-06-13T0000,1413A,110.33,20.0356,海口市,龙华路环保局宿舍,,19,19,20,12,9,34,,77,53,14,9,6,7,0.3,0.3
2024-06-13T0000,3539A,110.5111,19.9736,海口市,桂林洋子站,,28,28,22,12,11,11,,59,31,20,9,5,6,0.4,0.3
2024-06-13T0000,2673A,100.6188,36.2866,海南藏族自治州,共和县恰卜恰镇,,30,23,27,16,15,94,,123,109,18,13,17,11,0.5,0.5
2024-06-13T0000,2676A,97.3731,37.3753,海西蒙古族藏族自治州,德令哈市,,38,12,17,10,12,121,,127,125,6,8,19,18,0.6,0.5
2024-06-13T0000,1048A,114.5302,36.6116,邯郸市,东污水处理厂,颗粒物(PM10),65,80,60,36,28,85,,208,132,45,30,7,7,0.9,0.8
2024-06-13T0000,1049A,114.4918,36.5713,邯郸市,矿院,,36,36,49,22,23,68,,216,134,31,23,8,8,0.8,0.6
2024-06-13T0000,1050A,114.484,36.6133,邯郸市,丛台公园,颗粒物(PM10),58,66,53,21,25,86,,213,137,39,23,11,12,0.8,0.8
2024-06-13T0000,3458A,114.7895,36.5593,邯郸市,香泉濮院小区,颗粒物(PM10),77,103,72,35,27,133,,232,191,22,16,11,11,0.4,0.5
2024-06-13T0000,3579A,114.50634,36.77178,邯郸市,永年区实验高中,颗粒物(PM10),55,60,67,20,22,110,,246,163,23,21,14,12,1.0,1
2024-06-13T0000,3580A,114.20016,36.44293,邯郸市,峰峰矿区临水派出所,颗粒物(PM10),68,86,41,13,17,153,,197,152,7,6,9,9,0.5,0.1
2024-06-13T0000,2634A,106.9893,33.1842,汉中市,汉川机床厂子校,,30,30,28,18,19,72,,162,118,22,9,4,4,0.5,0.7
2024-06-13T0000,2635A,107.0154,33.0706,汉中市,市监测站,颗粒物(PM10),53,55,44,23,24,69,,166,131,33,16,11,9,0.9,0.8
2024-06-13T0000,2636A,107.0089,33.1138,汉中市,鑫源开发区,,39,39,40,25,25,63,,182,137,31,15,10,14,0.6,0.7
2024-06-13T0000,2637A,107.007,33.0323,汉中市,南郑大河坎水厂,颗粒物(PM10),54,57,39,32,23,45,,162,114,16,11,7,8,0.7,0.6
2024-06-13T0000,1223A,120.2072,30.2111,杭州市,滨江,,33,33,23,17,13,57,,118,100,18,17,4,4,0.8,0.8
2024-06-13T0000,1224A,120.0633,30.2747,杭州市,西溪,,22,22,20,13,13,10,,103,66,18,13,6,6,0.6,0.6
2024-06-13T0000,1226A,120.3461,30.3153,杭州市,下沙,,32,32,32,15,16,51,,126,,47,34,8,6,0.7,0.6
2024-06-13T0000,1227A,120.1269,30.2456,杭州市,卧龙桥,,23,20,20,16,14,23,,92,53,14,11,4,4,0.7,0.7
2024-06-13T0000,1228A,120.1903,30.2692,杭州市,浙江农大,,26,21,20,18,17,64,,116,100,21,24,6,6,0.6,0.7
2024-06-13T0000,1230A,120.1197,30.3119,杭州市,和睦小学,,28,25,23,19,18,63,,121,104,21,22,4,4,0.6,0.7
2024-06-13T0000,1231A,120.3019,30.4183,杭州市,临平镇,,36,36,37,13,17,67,,135,95,30,27,5,4,0.7,0.6
2024-06-13T0000,1232A,120.2697,30.1819,杭州市,城厢镇,,35,35,22,24,16,52,,120,98,27,21,6,5,0.7,0.7
2024-06-13T0000,1233A,120.0883,30.1808,杭州市,云栖,,31,31,25,10,10,5,,101,56,16,12,6,6,0.6,0.7
2024-06-13T0000,3557A,119.9464,30.0494,杭州市,镇二中,,22,21,18,15,10,26,,112,67,39,25,7,7,0.7,0.8
2024-06-13T0000,3558A,119.7183,30.2367,杭州市,市府大楼,,24,24,17,14,10,13,,88,55,31,16,6,6,0.7,0.7
2024-06-13T0000,3656A,120.1556,30.2864,杭州市,消防大队,,30,30,23,18,17,48,,104,86,30,25,6,6,0.9,0.9
2024-06-13T0000,1270A,117.1959,31.7848,合肥市,明珠广场,,44,44,42,19,24,100,,210,159,33,23,7,6,0.4,0.4
2024-06-13T0000,1271A,117.3072,31.8764,合肥市,三里街,颗粒物(PM10),51,51,48,19,22,87,,201,145,47,25,6,6,0.4,0.4
2024-06-13T0000,1272A,117.2588,31.8707,合肥市,琥珀山庄,,44,44,43,22,21,98,,220,169,30,15,5,5,0.7,0.7
2024-06-13T0000,1273A,117.1604,31.9052,合肥市,董铺水库,,,,36,,20,118,,196,174,16,10,1,1,0.3,0.4
2024-06-13T0000,1274A,117.25,31.8571,合肥市,长江中路,,41,41,48,19,24,118,,214,170,22,15,6,6,0.6,0.7
2024-06-13T0000,1275A,117.266,31.9436,合肥市,庐阳区,,44,44,49,24,25,119,,196,163,29,21,8,9,0.2,0.3
2024-06-13T0000,1276A,117.336,31.8586,合肥市,瑶海区,颗粒物(PM10),54,58,48,22,23,87,,192,134,39,21,9,9,0.5,0.6
2024-06-13T0000,1277A,117.3027,31.7964,合肥市,包河区,,35,34,38,17,18,112,,197,152,23,21,6,6,0.5,0.6
2024-06-13T0000,1278A,117.2776,31.7385,合肥市,滨湖新区,,36,27,30,17,22,114,,198,160,12,11,7,7,0.5,0.5
2024-06-13T0000,1279A,117.1318,31.8403,合肥市,高新区,,44,44,42,23,21,116,,195,162,22,15,8,8,0.7,0.7
2024-06-13T0000,3464A,117.3803,31.9147,合肥市,高教基地,,39,38,41,27,21,110,,183,150,26,15,7,6,0.5,0.5
2024-06-13T0000,3614A,79.924,37.0877,和田地区,地区环保局,颗粒物(PM10),174,297,111,71,23,42,,141,114,58,8,11,7,1.1,0.5
2024-06-13T0000,3615A,79.9131,37.113,和田地区,市环保局,颗粒物(PM10),148,246,105,47,25,4,,142,103,97,17,9,6,1.6,0.6
2024-06-13T0000,2516A,108.2011,24.715,河池市,东仁乐园,,41,41,38,13,8,5,,38,21,7,5,3,6,0.9,0.8
2024-06-13T0000,2517A,108.0497,24.6947,河池市,市环保站,,30,30,27,16,14,6,,41,28,20,11,7,8,0.7,0.6
2024-06-13T0000,2518A,108.0983,24.6989,河池市,市疾控中心,,27,27,30,18,16,6,,45,30,19,14,6,8,0.6,0.5
2024-06-13T0000,1696A,114.6778,23.7569,河源市,源西,,23,23,23,6,14,32,,81,60,16,15,3,4,0.6,0.5
2024-06-13T0000,1697A,114.6944,23.7586,河源市,东埔,,,36,39,7,12,33,,92,69,15,12,6,6,,0.7
2024-06-13T0000,1698A,114.6892,23.7233,河源市,老城,,21,21,24,11,11,33,,96,69,15,10,5,5,0.5,0.5
2024-06-13T0000,1718A,115.4208,35.2464,菏泽市,气象局,颗粒物(PM10),166,281,84,27,27,172,,230,205,18,17,7,7,0.4,0.3
2024-06-13T0000,1719A,115.4747,35.2375,菏泽市,市政协,颗粒物(PM10),187,324,87,52,39,174,,228,203,12,12,6,6,0.3,0.2
2024-06-13T0000,3374A,115.5564,35.0891,菏泽市,定陶老年大学,颗粒物(PM10),148,246,77,31,27,156,,206,184,17,17,6,6,0.4,0.4
2024-06-13T0000,3647A,115.4702,35.2706,菏泽市,菏泽医专,颗粒物(PM10),189,328,81,35,22,166,,220,200,15,13,6,5,0.5,0.4
2024-06-13T0000,2514A,111.5264,24.4172,贺州市,环保小区,,23,19,26,16,12,39,,63,47,10,11,7,7,0.6,0.7
2024-06-13T0000,2515A,111.5608,24.4078,贺州市,政协大楼,,26,26,27,17,14,44,,68,47,12,13,6,7,0.5,0.5
2024-06-13T0000,3534A,111.4744,24.4553,贺州市,西湾,细颗粒物(PM2.5),82,,26,60,15,33,,59,42,18,16,8,8,0.5,0.5
2024-06-13T0000,2385A,114.17,35.9019,鹤壁市,市监测站,细颗粒物(PM2.5),63,71,85,45,44,83,,228,157,29,24,5,11,0.7,0.6
2024-06-13T0000,2386A,114.2956,35.7511,鹤壁市,市交警支队,颗粒物(PM10),66,82,86,42,34,134,,260,201,22,29,8,10,0.5,0.6
2024-06-13T0000,2387A,114.2878,35.7306,鹤壁市,迎宾馆,颗粒物(PM10),57,64,74,28,34,132,,265,210,22,25,10,12,0.5,0.5
2024-06-13T0000,3474A,114.2617,35.6822,鹤壁市,大新区,颗粒物(PM10),65,79,98,43,34,102,,249,194,39,35,7,9,0.4,0.4
2024-06-13T0000,3596A,114.1572,35.9603,鹤壁市,南山宾馆,颗粒物(PM10),82,114,67,44,30,118,,236,182,19,10,17,14,0.5,0.4
2024-06-13T0000,2244A,130.2537,47.3416,鹤岗市,哈啤分公司,,30,30,18,11,9,23,,58,45,12,6,14,14,0.2,0.2
2024-06-13T0000,2245A,130.2684,47.3086,鹤岗市,斯达机电,,38,38,16,13,8,29,,59,52,22,8,11,11,0.4,0.3
2024-06-13T0000,2246A,130.3114,47.3388,鹤岗市,东山纸板厂,,33,33,24,8,7,0,,58,35,25,9,16,16,0.8,0.3
2024-06-13T0000,2247A,130.1097,47.3382,鹤岗市,五号水库,,12,12,14,8,7,16,,59,36,8,6,8,9,0.3,0.3
2024-06-13T0000,2263A,127.4833,50.2524,黑河市,交通局,,36,36,24,9,12,33,,76,52,15,8,5,6,0.3,0.3
2024-06-13T0000,2264A,127.5144,50.2341,黑河市,环保局,,50,50,19,12,14,17,,74,56,31,9,5,5,0.5,0.2
2024-06-13T0000,2265A,127.5291,50.2472,黑河市,大黑河岛,颗粒物(PM10),60,69,21,26,12,59,,100,85,16,11,5,6,0.5,0.4
2024-06-13T0000,1074A,115.6838,37.7541,衡水市,电机北厂,颗粒物(PM10),154,257,96,57,31,167,,252,217,13,14,8,8,0.4,0.4
2024-06-13T0000,1075A,115.6303,37.7316,衡水市,市监测站,颗粒物(PM10),137,223,94,50,42,164,,255,206,18,17,11,11,0.6,0.6
2024-06-13T0000,3188A,115.6683,37.7217,衡水市,市城管局,颗粒物(PM10),181,311,112,47,30,165,,256,212,19,16,6,6,0.4,0.4
2024-06-13T0000,3459A,115.5989,37.5491,衡水市,地表水厂,颗粒物(PM10),262,393,122,36,30,164,,250,198,15,24,9,11,0.4,0.4
2024-06-13T0000,2456A,112.5003,26.9167,衡阳市,原169医院,,13,10,23,9,12,34,,53,41,10,13,4,7,0.6,0.7
2024-06-13T0000,2457A,112.6194,26.9258,衡阳市,衡阳化工总厂,,12,9,25,8,11,38,,61,44,9,9,6,6,0.5,0.6
2024-06-13T0000,2458A,112.6211,26.8956,衡阳市,珠晖区环保局,,16,11,23,11,11,34,,67,45,15,8,5,7,0.7,0.7
2024-06-13T0000,2459A,112.6197,26.8733,衡阳市,市委党校,,18,10,20,7,11,56,,68,53,8,8,6,8,0.5,0.6
2024-06-13T0000,2460A,112.6006,26.8919,衡阳市,市监测站,,12,10,21,7,11,36,,66,46,11,8,7,8,0.6,0.6
2024-06-13T0000,2461A,112.5664,26.9056,衡阳市,真空机电公司,,34,34,22,11,12,23,,57,42,17,13,5,7,0.9,1
2024-06-13T0000,3399A,112.6703,26.882,衡阳市,师范学院,,17,12,19,7,10,53,,67,48,6,7,7,9,0.6,0.6
2024-06-13T0000,2608A,103.3772,23.3993,红河哈尼族彝族自治州,污水处理厂,,12,12,13,8,9,28,,45,35,6,5,5,6,0.4,0.4
2024-06-13T0000,2609A,103.3861,23.35,红河哈尼族彝族自治州,监测站,,9,,12,3,7,26,,43,34,9,6,3,6,0.4,0.4
2024-06-13T0000,3038A,103.3758,23.368,红河哈尼族彝族自治州,州图书馆,,11,6,1,3,5,33,,44,37,3,5,2,2,0.3,0.3
2024-06-13T0000,1090A,111.6507,40.7517,呼和浩特市,呼市一监,颗粒物(PM10),57,63,69,31,24,72,,174,130,36,17,9,11,0.6,0.5
2024-06-13T0000,1091A,111.6572,40.8033,呼和浩特市,小召,颗粒物(PM10),67,83,67,27,21,46,,164,116,67,35,6,9,0.6,0.5
2024-06-13T0000,1094A,111.7516,40.8369,呼和浩特市,如意水处理厂,颗粒物(PM10),56,62,67,14,18,62,,165,104,43,32,4,6,0.5,0.5
2024-06-13T0000,1095A,111.7276,40.8062,呼和浩特市,二十九中,颗粒物(PM10),74,97,70,21,23,54,,175,115,58,32,3,5,0.5,0.5
2024-06-13T0000,1096A,111.5512,40.7866,呼和浩特市,工大金川校区,颗粒物(PM10),66,81,70,24,24,21,,161,103,85,39,7,8,0.4,0.3
2024-06-13T0000,1097A,111.717,40.7612,呼和浩特市,化肥厂生活区,颗粒物(PM10),84,118,86,30,25,52,,170,118,56,27,10,12,0.4,0.4
2024-06-13T0000,3698A,111.5968,40.8178,呼和浩特市,红旗小学,颗粒物(PM10),76,102,78,36,26,15,,170,100,91,41,3,6,0.5,0.4
2024-06-13T0000,3699A,111.6518,40.8389,呼和浩特市,海东办,颗粒物(PM10),68,85,73,28,27,26,,168,95,79,39,5,7,0.5,0.4
2024-06-13T0000,2192A,119.7594,49.2261,呼伦贝尔市,区环保局,,26,21,29,18,18,75,,93,76,6,10,4,4,0.4,0.4
2024-06-13T0000,3061A,119.7512,49.1577,呼伦贝尔市,国华电力东,,23,22,22,9,15,73,,92,78,4,5,3,4,0.4,0.4
2024-06-13T0000,1250A,120.0751,30.8669,湖州市,城西水厂,,42,42,35,25,21,65,,159,125,40,22,5,4,0.9,0.8
2024-06-13T0000,2873A,120.0875,30.8955,湖州市,仁皇山新区,颗粒物(PM10),51,51,41,31,28,74,,161,119,36,22,6,5,0.8,0.7
2024-06-13T0000,2907A,120.1844,30.8596,湖州市,吴兴区站,,30,30,31,21,29,60,,160,127,38,19,8,6,0.5,0.6
2024-06-13T0000,3562A,120.4148,30.8538,湖州市,南浔区站,,35,33,28,24,28,67,,156,129,33,16,3,3,0.6,0.6
2024-06-13T0000,1607A,120.9092,40.7136,葫芦岛市,龙港区,,42,35,41,21,15,134,,161,158,16,9,7,7,0.4,0.4
2024-06-13T0000,1608A,120.8392,40.7514,葫芦岛市,化工街,,48,48,54,19,17,112,,156,140,30,15,11,12,0.7,0.7
2024-06-13T0000,1609A,120.8341,40.7073,葫芦岛市,新区,,41,36,46,21,18,131,,160,157,19,12,6,6,0.5,0.5
2024-06-13T0000,1610A,120.8695,40.7677,葫芦岛市,东城区,,45,45,49,22,18,136,,179,160,26,15,6,10,0.6,0.7
2024-06-13T0000,2482A,109.5981,27.5721,怀化市,林科所,,24,24,15,10,7,46,,77,60,9,5,3,4,0.8,0.7
2024-06-13T0000,2483A,109.9453,27.5444,怀化市,河西地税局,,22,22,18,11,9,2,,56,29,12,9,7,7,0.8,0.7
2024-06-13T0000,2484A,109.9781,27.5342,怀化市,市四医院,,40,40,21,15,14,11,,68,39,21,9,4,6,0.8,0.8
2024-06-13T0000,2485A,109.9972,27.5578,怀化市,监测楼,细颗粒物(PM2.5),53,53,26,37,16,2,,66,39,23,8,23,14,0.9,0.8
2024-06-13T0000,2486A,110.0394,27.583,怀化市,市委党校,,30,27,20,21,11,19,,73,47,12,8,50,10,0.8,0.7
2024-06-13T0000,1210A,119.036,33.5981,淮安市,钵池山,,27,27,57,16,32,77,,194,150,18,20,7,7,0.5,0.7
2024-06-13T0000,1211A,119.007,33.575,淮安市,北京南路,,31,31,58,13,39,71,,201,154,15,17,7,7,0.5,0.7
2024-06-13T0000,1212A,118.989,33.6067,淮安市,市监测站,,36,36,61,12,35,72,,200,158,21,19,9,8,0.6,0.9
2024-06-13T0000,1213A,119.135,33.5039,淮安市,楚州区监测站,,32,32,71,13,33,63,,185,131,19,22,6,6,0.4,0.6
2024-06-13T0000,1214A,119.0186,33.6297,淮安市,淮阴区监测站,,34,34,62,21,45,78,,200,155,19,21,8,8,0.4,0.6
2024-06-13T0000,3426A,118.8755,33.2894,淮安市,新华书店,,45,45,60,15,27,81,,188,154,19,19,6,7,0.5,0.7
2024-06-13T0000,2282A,116.8004,33.975,淮北市,监测站,颗粒物(PM10),79,108,53,34,27,166,,206,188,8,9,6,7,0.5,0.5
2024-06-13T0000,2283A,116.8091,33.9007,淮北市,烈山区政府,颗粒物(PM10),99,147,74,47,23,156,,209,189,11,12,7,7,0.6,0.6
2024-06-13T0000,3330A,116.8873,33.9836,淮北市,杜集区检察院,臭氧1小时,85,82,67,35,26,188,,224,208,8,11,7,8,0.6,0.6
2024-06-13T0000,4017A,116.7923,33.9535,淮北市,市博物馆,颗粒物(PM10),87,123,56,39,26,167,,213,194,8,10,5,5,0.6,0.6
2024-06-13T0000,2277A,116.8305,32.7727,淮南市,潘集区政府,颗粒物(PM10),65,80,53,28,26,119,,209,173,24,15,12,9,0.3,0.3
2024-06-13T0000,2278A,117.0067,32.6524,淮南市,师范学院,颗粒物(PM10),51,51,56,34,28,146,,185,168,14,11,10,10,0.3,0.2
2024-06-13T0000,2279A,116.8569,32.5951,淮南市,谢家集区政府,颗粒物(PM10),59,67,51,21,13,146,,198,167,18,15,6,7,0.3,0.3
2024-06-13T0000,2280A,116.8281,32.633,淮南市,八公山区政府,颗粒物(PM10),62,73,57,26,27,128,,203,169,22,13,5,4,0.4,0.4
2024-06-13T0000,2281A,116.6325,32.6201,淮南市,焦岗湖风景区管理处,,46,46,39,10,13,80,,113,97,27,18,7,8,0.3,0.3
2024-06-13T0000,2894A,117.0566,32.6531,淮南市,经济技术开发区消防队,,45,45,47,26,25,119,,215,174,27,15,7,6,0.4,0.4
2024-06-13T0000,3329A,117.0108,32.5893,淮南市,山南新区,颗粒物(PM10),61,71,57,31,26,140,,203,178,21,14,9,8,0.5,0.5
2024-06-13T0000,2446A,114.9028,30.4742,黄冈市,职工中心,颗粒物(PM10),57,64,43,33,24,57,,162,121,40,21,7,6,1.1,1.1
2024-06-13T0000,2929A,114.8858,30.4519,黄冈市,红卫路,颗粒物(PM10),58,66,43,29,24,65,,172,124,42,26,8,7,0.7,0.8
2024-06-13T0000,3398A,114.9136,30.4445,黄冈市,市林业局,颗粒物(PM10),55,60,49,31,26,58,,176,134,46,26,4,4,0.7,0.7
2024-06-13T0000,2672A,102.0199,35.5102,黄南藏族自治州,同仁县隆务镇,,25,25,25,9,12,71,,96,80,3,3,9,10,0.8,0.7
2024-06-13T0000,2295A,118.2903,29.6963,黄山市,延安路89号,,47,47,28,10,8,11,,92,56,17,6,6,5,0.7,0.6
2024-06-13T0000,2296A,118.327,29.7178,黄山市,黄山东路89号,,24,24,15,8,6,13,,90,54,8,5,5,5,0.5,0.5
2024-06-13T0000,2297A,118.1371,30.2756,黄山市,黄山区政府5号楼,,21,21,17,13,7,15,,85,49,6,5,6,6,0.5,0.4
2024-06-13T0000,2423A,115.0601,30.2313,黄石市,沈家营,,43,43,42,23,17,8,,171,108,76,21,12,8,0.7,0.7
2024-06-13T0000,2424A,115.0817,30.2006,黄石市,陈家湾,,38,38,41,17,19,67,,179,133,17,9,6,5,0.7,0.8
2024-06-13T0000,2426A,114.8988,30.2019,黄石市,铁山,,41,41,37,20,15,66,,154,117,25,13,10,9,0.5,0.7
2024-06-13T0000,2427A,115.0307,30.2092,黄石市,团城山,,43,43,41,14,13,96,,166,126,10,11,5,8,0.4,0.5
2024-06-13T0000,3149A,115.0235,30.1578,黄石市,笔架山北路,,40,40,39,13,12,65,,166,114,20,6,5,7,0.5,0.3
2024-06-13T0000,1392A,114.4183,23.0528,惠州市,河南岸金山湖子站,,23,23,23,12,14,12,,83,36,21,14,4,4,0.5,0.5
2024-06-13T0000,1393A,114.4053,23.0822,惠州市,下埔横江三路子站,,25,25,24,13,14,20,,88,42,23,16,6,6,0.7,0.6
2024-06-13T0000,1394A,114.4103,23.1142,惠州市,江北云山西路子站,,23,23,23,15,12,18,,96,45,18,14,7,7,0.6,0.6
2024-06-13T0000,1395A,114.4645,22.7833,惠州市,惠阳区承修路船湖子站,,19,19,19,11,10,30,,72,41,16,12,3,3,0.5,0.5
2024-06-13T0000,1396A,114.5317,22.7422,惠州市,大亚湾管委会子站,,25,25,23,10,11,13,,82,35,31,20,6,6,0.7,0.7
2024-06-13T0000,3314A,114.4338,22.8134,惠州市,惠阳秋长,,36,36,36,8,12,25,,83,41,25,19,5,5,0.5,0.5
2024-06-13T0000,3452A,114.6517,22.775,惠州市,大亚湾霞涌,,17,17,18,10,18,22,,68,46,14,7,3,3,0.5,0.5
2024-06-13T0000,2240A,130.9762,45.3001,鸡西市,环保局,,20,20,23,10,13,35,,69,52,18,13,5,6,0.4,0.5
2024-06-13T0000,2243A,130.9429,45.3039,鸡西市,第一中学,,20,20,23,9,12,27,,64,47,13,8,6,7,0.3,0.4
2024-06-13T0000,3707A,131.0207,45.3073,鸡西市,欧美日汽修厂,,22,22,20,13,15,29,,62,47,13,12,4,5,0.5,0.6
2024-06-13T0000,3709A,130.9967,45.3106,鸡西市,市政设施管理处,,27,27,23,12,11,12,,49,38,16,14,6,6,0.5,0.5
2024-06-13T0000,2367A,114.9754,27.0803,吉安市,红声器材厂,,15,10,21,3,12,45,,62,,12,13,10,10,0.4,0.4
2024-06-13T0000,2368A,114.9658,27.0999,吉安市,市森林工业局,,13,9,22,8,15,40,,62,50,10,12,10,11,0.6,0.6
2024-06-13T0000,2369A,114.99,27.1312,吉安市,市环境监测站,,14,10,21,7,11,44,,66,57,7,9,10,12,0.6,0.6
2024-06-13T0000,2370A,115.0093,27.0968,吉安市,青原区法院,,18,17,26,12,15,40,,55,43,14,16,13,12,0.4,0.5
2024-06-13T0000,1772A,126.54,43.8622,吉林市,哈达湾,,40,40,37,24,25,54,,139,104,33,17,5,6,0.6,0.6
2024-06-13T0000,1773A,126.5844,43.8358,吉林市,东局子,,35,35,33,20,23,62,,126,91,21,21,4,5,0.6,0.6
2024-06-13T0000,1774A,126.5052,43.8245,吉林市,电力学院,,37,37,33,20,19,3,,137,76,63,19,7,7,0.5,0.5
2024-06-13T0000,1775A,126.6133,43.8972,吉林市,江北,细颗粒物(PM2.5),63,71,40,45,26,15,,119,74,68,22,6,7,0.8,0.7
2024-06-13T0000,1776A,126.555,43.8306,吉林市,江南公园,,26,26,29,18,22,61,,128,94,20,19,4,5,0.6,0.6
2024-06-13T0000,1778A,126.7061,43.7133,吉林市,丰满,,,,,,,,,,,,,,,,
2024-06-13T0000,2868A,126.4739,43.953,吉林市,九站,颗粒物(PM10),54,57,34,32,19,3,,136,83,79,25,8,8,0.7,0.6
2024-06-13T0000,1299A,116.9862,36.6114,济南市,科干所,臭氧1小时,90,48,60,17,19,192,,214,204,9,10,8,10,0.3,0.4
2024-06-13T0000,1300A,116.9376,36.665,济南市,农科所,臭氧1小时,75,39,60,10,15,180,,226,210,14,14,8,8,0.4,0.4
2024-06-13T0000,1301A,117.1265,36.6734,济南市,开发区,臭氧1小时,104,51,63,20,21,207,,227,217,10,13,8,8,0.4,0.4
2024-06-13T0000,1303A,117.0624,36.6868,济南市,省种子仓库,,,,70,,19,,,226,215,,4,,6,,0.4
2024-06-13T0000,1304A,116.9489,36.6447,济南市,机床二厂,臭氧1小时,82,44,73,17,17,185,,231,216,4,6,9,11,0.3,0.4
2024-06-13T0000,1305A,117.0495,36.663,济南市,市监测站,臭氧1小时,109,54,62,17,20,218,,234,225,10,12,11,12,0.4,0.4
2024-06-13T0000,1306A,116.7675,36.5484,济南市,长清党校,臭氧1小时,83,37,77,3,22,186,,225,,15,13,6,9,0.5,0.6
2024-06-13T0000,1616A,117.6795,36.229,济南市,技术学院,,44,19,62,17,22,138,,214,171,20,20,7,10,0.5,0.7
2024-06-13T0000,1961A,117.532,36.6868,济南市,东山小学,臭氧1小时,65,22,62,15,18,172,,157,,14,15,6,8,0.5,0.5
2024-06-13T0000,3059A,117.7161,36.2049,济南市,泰兴公司,,37,29,58,14,20,118,,197,158,17,17,9,12,0.6,0.6
2024-06-13T0000,3064A,117.6867,36.2171,济南市,莱芜战役纪念馆,,42,36,60,19,19,134,,182,,20,17,8,12,0.5,0.6
2024-06-13T0000,3494A,117.1673,36.9782,济南市,济阳区政府,颗粒物(PM10),68,85,89,27,23,153,,238,204,26,21,8,11,0.4,0.5
2024-06-13T0000,3495A,117.1171,36.63,济南市,锦屏中学,臭氧1小时,105,46,60,20,19,209,,229,221,4,6,7,8,0.2,0.3
2024-06-13T0000,3682A,116.9814,36.6819,济南市,济南四建,臭氧1小时,85,46,59,17,20,188,,220,206,6,9,7,9,0.5,0.5
2024-06-13T0000,1653A,116.6251,35.4302,济宁市,火炬城,,44,39,72,9,22,139,,185,,11,11,8,10,0.5,0.7
2024-06-13T0000,1655A,116.5491,35.4042,济宁市,电化厂,颗粒物(PM10),57,64,89,14,25,152,,217,192,11,14,3,8,0.2,0.7
2024-06-13T0000,3500A,116.5814,35.3707,济宁市,北湖一中,,48,38,63,9,20,153,,214,190,13,16,12,15,0.1,0.4
2024-06-13T0000,3501A,116.8249,35.5593,济宁市,服务中心,,44,44,80,10,22,125,,201,177,18,14,2,3,0.4,0.7
2024-06-13T0000,3678A,116.5907,35.4054,济宁市,市第七中学,,49,49,61,9,20,154,,204,,11,13,5,6,0.4,0.6
2024-06-13T0000,2255A,130.2751,46.8028,佳木斯市,佳纺,,41,41,22,21,13,9,,61,32,22,12,3,4,0.4,0.4
2024-06-13T0000,2256A,130.3995,46.8307,佳木斯市,发电厂,,25,25,19,15,11,7,,67,44,28,7,6,5,0.7,0.4
2024-06-13T0000,2257A,130.3258,46.7975,佳木斯市,环保局,,40,40,24,17,12,4,,56,32,34,14,6,5,0.3,0.3
2024-06-13T0000,2258A,130.3648,46.8032,佳木斯市,十一中,颗粒物(PM10),51,51,17,34,13,8,,65,42,39,12,6,5,0.7,0.4
2024-06-13T0000,2259A,130.3794,46.7588,佳木斯市,四丰,,17,17,14,8,7,18,,52,37,13,9,1,1,0.6,0.6
2024-06-13T0000,1252A,120.7436,30.778,嘉兴市,清河小学,颗粒物(PM10),58,66,36,38,17,74,,153,117,43,23,5,4,0.7,0.6
2024-06-13T0000,1253A,120.726,30.7478,嘉兴市,嘉兴学院,细颗粒物(PM2.5),68,56,27,49,22,83,,134,110,28,19,4,4,0.8,0.6
2024-06-13T0000,2872A,120.7846,30.7525,嘉兴市,南湖区残联,细颗粒物(PM2.5),73,68,31,53,26,120,,154,128,22,17,6,5,0.7,0.6
2024-06-13T0000,3407A,120.6916,30.7739,嘉兴市,秀洲住建,颗粒物(PM10),53,55,31,30,20,96,,149,111,20,21,5,5,0.9,0.7
2024-06-13T0000,1945A,98.2908,39.7711,嘉峪关市,气象局,,41,41,57,24,13,121,,140,131,8,12,10,12,0.4,0.4
2024-06-13T0000,2884A,98.2672,39.7978,嘉峪关市,酒钢宾馆,颗粒物(PM10),52,53,59,17,17,120,,144,138,11,12,15,35,0.4,0.5
2024-06-13T0000,3248A,98.2643,39.7724,嘉峪关市,雄关区,,48,48,41,21,13,114,,141,129,12,10,7,9,0.3,0.4
2024-06-13T0000,1383A,113.1064,22.6058,江门市,北街,,25,25,31,8,14,24,,56,36,22,13,3,3,0.6,0.5
2024-06-13T0000,1384A,113.0731,22.5835,江门市,西区,,14,14,26,9,11,42,,58,47,9,14,6,6,0.4,0.5
2024-06-13T0000,1385A,113.0219,22.5311,江门市,圭峰西,,17,17,21,7,9,48,,54,49,2,6,4,4,0.2,0.3
2024-06-13T0000,1386A,113.0828,22.5947,江门市,东湖,,15,15,25,8,11,44,,59,46,9,13,6,6,0.4,0.5
2024-06-13T0000,3311A,113.1075,22.5647,江门市,江海富民,,31,31,32,11,15,29,,62,41,19,14,5,5,0.4,0.4
2024-06-13T0000,3449A,113.05,22.4667,江门市,新会银湖,,30,30,25,3,8,27,,55,44,13,10,4,4,0.5,0.5
2024-06-13T0000,1828A,113.227,35.2125,焦作市,市环保局,细颗粒物(PM2.5),57,46,67,40,38,123,,220,146,12,12,2,7,0.3,0.5
2024-06-13T0000,1830A,113.1992,35.2590,焦作市,影视城,,,,,,,,,,,,,,,,
2024-06-13T0000,3169A,113.2725,35.2067,焦作市,太极体育中心,颗粒物(PM10),70,89,85,45,38,79,,214,137,26,15,6,8,0.7,0.7
2024-06-13T0000,3335A,113.3137,35.2641,焦作市,马村街道办,颗粒物(PM10),52,54,67,20,33,134,,213,148,11,17,3,6,1.0,0.7
2024-06-13T0000,3336A,113.2465,35.2373,焦作市,焦作技师学院,,43,42,65,27,31,137,,216,148,6,14,1,5,0.4,0.5
2024-06-13T0000,3477A,113.1656,35.2539,焦作市,中站许衡医院,细颗粒物(PM2.5),67,73,60,48,38,123,,202,134,32,20,6,9,0.4,0.6
2024-06-13T0000,3981A,113.2449,35.1803,焦作市,原李万街道办,细颗粒物(PM2.5),64,61,64,46,30,82,,205,122,30,17,7,9,0.6,0.6
2024-06-13T0000,1708A,116.3701,23.5345,揭阳市,新兴,,26,26,27,8,11,36,,59,45,10,8,6,4,0.7,0.6
2024-06-13T0000,1709A,116.3264,23.5443,揭阳市,西马,,48,48,32,16,14,31,,57,43,9,7,4,4,0.6,0.6
2024-06-13T0000,1710A,116.3611,23.5626,揭阳市,东兴,,28,28,30,9,10,43,,64,50,6,9,2,2,0.7,0.7
2024-06-13T0000,1711A,116.4151,23.5294,揭阳市,渔湖,,31,31,31,14,9,32,,63,42,8,8,4,5,0.4,0.4
2024-06-13T0000,3320A,116.403,23.5699,揭阳市,曲溪,,,19,23,16,10,45,,69,54,,,3,2,0.5,0.5
2024-06-13T0000,1944A,102.1692,38.5167,金昌市,天庆家园,,40,24,34,11,14,127,,145,132,4,11,6,6,0.6,0.5
2024-06-13T0000,3170A,102.1864,38.5253,金昌市,市委党校,,41,41,41,11,13,114,,136,,2,8,8,11,0.4,0.5
2024-06-13T0000,4022A,102.1647,38.5371,金昌市,金川区人防中心,,39,31,33,14,11,124,,148,138,5,8,8,8,0.5,0.5
2024-06-13T0000,1262A,119.647,29.077,金华市,十五中,,39,39,23,17,14,38,,78,61,22,21,4,3,0.6,0.7
2024-06-13T0000,1263A,119.686,29.1029,金华市,监测站,,32,32,27,17,15,13,,78,59,44,26,4,3,0.6,0.6
2024-06-13T0000,3659A,119.656,29.1131,金华市,气象局,,46,46,28,9,13,30,,77,60,28,25,6,4,0.8,0.9
2024-06-13T0000,1767A,121.1115,41.0879,锦州市,南山,,45,45,49,29,25,117,,183,150,34,16,9,12,0.6,0.6
2024-06-13T0000,1768A,121.0533,40.8434,锦州市,开发区,,46,45,51,32,18,122,,159,139,39,26,39,20,0.9,0.7
2024-06-13T0000,1769A,121.1836,41.1119,锦州市,百股街道,,50,31,47,17,20,158,,190,163,23,18,14,14,0.7,0.7
2024-06-13T0000,1770A,121.1178,41.1222,锦州市,天安街道,,41,41,53,26,20,116,,166,137,30,19,7,8,0.8,0.8
2024-06-13T0000,1771A,121.1303,41.1386,锦州市,北湖公园,,40,37,51,21,22,125,,179,148,27,17,10,11,0.6,0.7
2024-06-13T0000,2160A,112.85,35.5051,晋城市,自来水公司,颗粒物(PM10),67,84,60,29,19,34,,199,108,58,28,8,11,1.1,1.3
2024-06-13T0000,2161A,112.8318,35.4936,晋城市,白云商贸,颗粒物(PM10),62,73,66,24,20,59,,208,118,41,25,10,13,1.0,1.1
2024-06-13T0000,2162A,112.8508,35.4887,晋城市,市环保局,颗粒物(PM10),57,64,53,29,21,47,,206,110,52,30,8,11,1.0,1
2024-06-13T0000,2163A,112.8676,35.4897,晋城市,技术学院,颗粒物(PM10),60,69,53,31,22,32,,206,105,68,33,7,11,0.8,1.1
2024-06-13T0000,2165A,112.8453,35.546,晋城市,白马寺,,,,,,,,,,,,,,,,
2024-06-13T0000,3620A,112.8271,35.4828,晋城市,泽州一中,颗粒物(PM10),59,67,58,24,17,70,,194,123,33,22,9,11,1.1,1
2024-06-13T0000,2171A,112.7532,37.6945,晋中市,锦纶小区,,48,48,54,19,21,128,,209,174,32,23,11,14,0.3,0.4
2024-06-13T0000,2173A,112.7249,37.7067,晋中市,南都小区,颗粒物(PM10),52,54,51,16,18,136,,221,176,26,22,10,13,0.4,0.4
2024-06-13T0000,2174A,112.6991,37.6982,晋中市,榆次区政府,,46,46,54,23,24,144,,209,172,22,27,9,14,0.3,0.3
2024-06-13T0000,2865A,112.7195,37.6828,晋中市,榆次三中,颗粒物(PM10),54,58,60,14,15,134,,214,175,29,27,10,14,0.5,0.5
2024-06-13T0000,2439A,112.2014,31.0481,荆门市,竹园小学,,29,29,41,17,26,88,,139,124,11,10,9,10,0.5,0.5
2024-06-13T0000,2440A,112.1969,30.9891,荆门市,掇刀,,35,29,33,24,27,87,,134,121,14,11,9,8,0.7,0.6
2024-06-13T0000,2441A,112.2213,31.0386,荆门市,石化一小,,31,30,36,17,23,98,,142,126,14,12,12,16,0.5,0.5
2024-06-13T0000,3012A,112.1849,31.0362,荆门市,西山林语,,30,25,34,21,26,85,,138,125,12,9,6,7,0.4,0.5
2024-06-13T0000,3547A,112.1632,31.0138,荆门市,龙泉中学南校,,29,29,32,15,21,81,,137,116,14,13,9,10,0.5,0.5
2024-06-13T0000,1844A,112.2494,30.3197,荆州市,市图书馆,,25,22,23,17,18,63,,121,97,17,13,9,6,0.7,0.6
2024-06-13T0000,1845A,112.2008,30.3544,荆州市,市委党校,,29,20,25,20,20,61,,122,101,26,12,8,8,0.5,0.5
2024-06-13T0000,3194A,112.2747,30.3122,荆州市,管委会,,29,29,25,15,17,69,,127,104,20,11,9,5,0.6,0.5
2024-06-13T0000,3548A,112.1655,30.3364,荆州市,学苑路,,30,22,29,21,23,63,,124,95,18,12,7,6,0.6,0.6
2024-06-13T0000,2342A,117.3102,29.3867,景德镇市,王港中学,,,,,,,,,,,,,,,,
2024-06-13T0000,2343A,117.2117,29.2933,景德镇市,老干部活动中心,,28,21,23,19,17,27,,80,55,14,11,5,7,0.6,0.7
2024-06-13T0000,2344A,117.1894,29.2789,景德镇市,兽医站,,36,27,28,25,16,24,,84,56,19,12,8,8,0.6,0.6
2024-06-13T0000,2345A,117.1547,29.2617,景德镇市,台达陶瓷,,33,33,28,14,20,16,,80,54,37,15,46,10,0.4,0.5
2024-06-13T0000,2346A,117.2461,29.2956,景德镇市,陶研所,,20,20,23,7,9,24,,77,54,5,5,4,4,0.4,0.4
2024-06-13T0000,1803A,115.9872,29.6815,九江市,十里,,22,18,21,10,14,29,,116,72,43,21,11,10,0.6,0.6
2024-06-13T0000,1804A,115.9584,29.7046,九江市,茅山头,颗粒物(PM10),66,81,29,14,14,35,,121,72,29,17,8,10,0.6,0.6
2024-06-13T0000,1805A,115.9877,29.7295,九江市,西园,,23,13,19,11,13,27,,107,71,46,38,12,11,0.8,0.8
2024-06-13T0000,1806A,116.0172,29.6547,九江市,五七二七厂,,18,13,14,12,11,31,,123,72,15,10,9,9,0.7,0.7
2024-06-13T0000,1808A,115.9114,29.6038,九江市,综合工业园,,22,22,22,13,12,42,,113,70,21,22,9,9,0.8,0.8
2024-06-13T0000,1809A,116.0721,29.7535,九江市,石化总厂,,21,21,27,14,16,50,,107,71,19,22,12,12,0.7,0.8
2024-06-13T0000,1810A,115.9773,29.5698,九江市,庐山气象台,,33,,14,12,15,103,,108,96,1,2,21,10,0.4,0.7
2024-06-13T0000,3190A,116.0254,29.6994,九江市,外国语学校,,25,23,17,17,14,50,,113,71,18,23,47,11,0.4,0.5
2024-06-13T0000,2658A,98.5061,39.7443,酒泉市,仓门街子站,颗粒物(PM10),64,78,48,24,19,111,,131,122,17,15,7,7,0.3,0.3
2024-06-13T0000,2659A,98.4989,39.7256,酒泉市,油田生活基地,颗粒物(PM10),51,51,45,11,17,119,,140,133,16,15,8,7,0.3,0.2
2024-06-13T0000,2698A,76.0072,39.4467,喀什地区,巡警大队,颗粒物(PM10),57,64,51,14,6,102,,132,125,27,15,4,5,0.3,0.1
2024-06-13T0000,2699A,75.9755,39.4694,喀什地区,吾办,颗粒物(PM10),69,87,61,19,17,113,,129,125,18,16,2,5,0.3,0.3
2024-06-13T0000,4027A,75.9483,39.4689,喀什地区,老干局,颗粒物(PM10),92,133,109,12,10,103,,131,123,34,27,4,4,0.1,0.1
2024-06-13T0000,1824A,114.3389,34.7781,开封市,肿瘤医院,,,106,74,38,21,,,208,,16,18,2,5,0.4,0.5
2024-06-13T0000,1826A,114.2885,34.7965,开封市,世纪星幼儿园,细颗粒物(PM2.5),150,,72,115,49,144,,86,,12,17,2,3,0.9,0.7
2024-06-13T0000,3147A,114.3438,34.8106,开封市,龙亭公园,,,,,,,,,,,,,,,,
2024-06-13T0000,3210A,114.3644,34.7964,开封市,汴京公园,颗粒物(PM10),56,61,67,35,28,133,,207,,24,20,6,4,0.5,0.4
2024-06-13T0000,3473A,114.2485,34.8306,开封市,技师学院,颗粒物(PM10),57,63,67,26,28,147,,219,185,15,15,3,5,0.6,0.7
2024-06-13T0000,3592A,114.4644,34.7556,开封市,祥符区生态环境局,颗粒物(PM10),67,83,67,32,31,127,,194,,26,20,7,3,0.6,0.6
2024-06-13T0000,1951A,84.895,45.6094,克拉玛依市,长征新村,,31,22,28,3,6,98,,113,72,5,11,9,9,0.1,0.2
2024-06-13T0000,1952A,84.8988,45.5893,克拉玛依市,南林小区,,45,31,28,31,15,102,,112,64,5,18,8,9,0.2,0.2
2024-06-13T0000,1954A,84.905,44.3396,克拉玛依市,独山子区,,26,18,22,15,7,83,,134,112,15,9,9,9,0.4,0.3
2024-06-13T0000,1955A,85.6979,46.098,克拉玛依市,乌尔禾区商贸楼,,30,14,22,3,7,95,,118,105,7,4,11,12,0.2,0.2
2024-06-13T0000,3612A,85.1045,45.6899,克拉玛依市,白碱滩区新站,,31,22,25,11,14,98,,116,101,8,7,9,9,0.3,0.3
2024-06-13T0000,2697A,76.1454,39.7142,克孜勒苏柯尔克孜自治州,市人民政府,,47,47,26,16,12,122,,132,123,8,7,11,13,0.2,0.1
2024-06-13T0000,3665A,76.1658,39.7157,克孜勒苏柯尔克孜自治州,克州文化中心,,47,47,20,14,10,131,,137,132,2,3,14,11,0.2,0.2
2024-06-13T0000,1450A,102.8204,24.8886,昆明市,呈贡新区,,18,18,23,6,12,36,,84,59,14,12,4,6,0.5,0.5
2024-06-13T0000,1451A,102.6251,24.9608,昆明市,西山森林公园,,,,,,,,,,,,,,,,
2024-06-13T0000,1452A,102.7252,25.0902,昆明市,龙泉镇,,31,31,16,10,7,42,,89,66,14,13,8,6,0.5,0.5
2024-06-13T0000,1453A,102.7266,25.0375,昆明市,东风东路,,20,20,16,9,10,35,,82,,17,14,3,2,0.7,0.6
2024-06-13T0000,1454A,102.6742,25.0669,昆明市,金鼎山,,31,31,18,21,10,35,,92,69,21,14,12,9,0.5,0.4
2024-06-13T0000,1455A,102.6644,25.0401,昆明市,碧鸡广场,,38,26,18,26,18,30,,87,63,22,13,3,2,0.6,0.5
2024-06-13T0000,3179A,102.7494,25.0119,昆明市,官渡区博物馆,,17,17,16,7,7,45,,95,73,11,13,10,8,0.5,0.5
2024-06-13T0000,3375A,102.8017,24.8336,昆明市,青年创业园,,10,10,18,6,13,28,,83,52,17,13,10,9,0.6,0.5
2024-06-13T0000,3550A,102.7997,24.9786,昆明市,昆明学院,,18,18,18,11,10,38,,88,69,14,14,8,8,0.6,0.6
2024-06-13T0000,3551A,102.5967,24.6736,昆明市,晋宁区生态环境分局,,19,19,20,9,9,36,,75,53,11,11,3,2,1.0,0.7
2024-06-13T0000,3552A,102.6678,24.9856,昆明市,云天化总部,,16,10,15,7,11,51,,85,65,3,9,5,9,0.6,0.6
2024-06-13T0000,1456A,91.1319,29.6514,拉萨市,八廓街,,36,15,18,9,10,114,,136,130,19,12,8,9,0.3,0.3
2024-06-13T0000,1457A,91.1221,29.6747,拉萨市,市环保局,,36,18,20,7,10,113,,130,124,14,14,8,8,0.3,0.3
2024-06-13T0000,1458A,91.0874,29.6475,拉萨市,区监测站,,37,13,18,7,12,118,,133,131,12,12,6,7,0.2,0.2
2024-06-13T0000,1459A,91.1774,29.6541,拉萨市,西藏大学,,39,19,19,6,8,122,,135,,5,5,4,6,0.4,0.4
2024-06-13T0000,1460A,90.9798,29.6588,拉萨市,区辐射站,,40,17,18,9,9,125,,129,121,8,17,7,8,0.3,0.4
2024-06-13T0000,1461A,91.0834,29.6292,拉萨市,拉萨火车站,,40,9,17,7,8,126,,134,134,5,9,7,7,0.3,0.3
2024-06-13T0000,2520A,109.2203,23.7256,来宾市,来宾技工学校,,21,21,23,10,12,40,,66,50,6,6,5,5,0.7,0.8
2024-06-13T0000,3535A,109.1781,23.7297,来宾市,兴宾区政府,,19,19,18,8,10,28,,65,48,19,8,4,5,1.1,1.1
2024-06-13T0000,4002A,109.2416,23.7461,来宾市,中南小学,,26,26,26,13,14,41,,68,51,8,8,2,2,0.9,1
2024-06-13T0000,1476A,103.631,36.1031,兰州市,兰炼宾馆,,37,37,52,25,26,114,,166,150,20,31,8,14,0.4,0.4
2024-06-13T0000,1477A,104.1373,35.9454,兰州市,榆中兰大校区,,,,,,,,,,,,,,,,
2024-06-13T0000,1478A,103.8412,36.0726,兰州市,生物制品所,,41,41,57,27,30,103,,163,136,25,42,8,13,0.3,0.4
2024-06-13T0000,1479A,103.831,36.0464,兰州市,铁路设计院,,42,42,52,22,24,90,,154,123,49,53,7,12,0.3,0.4
2024-06-13T0000,3186A,103.7158,36.1058,兰州市,教育港,,38,29,41,26,23,106,,175,145,25,30,9,14,0.4,0.5
2024-06-13T0000,3241A,103.7439,36.0842,兰州市,百合公园,,34,34,45,17,22,90,,166,135,34,33,8,9,0.1,0.3
2024-06-13T0000,3242A,103.9611,35.998,兰州市,和平,,42,36,50,22,22,132,,172,152,13,16,9,13,0.2,0.2
2024-06-13T0000,3245A,103.6633,36.533,兰州新区,新区管委会,,40,35,36,28,19,115,,163,143,15,15,12,16,0.4,0.4
2024-06-13T0000,3246A,103.6975,36.4789,兰州新区,舟曲中学,,45,45,42,19,20,139,,168,156,9,13,7,17,0.3,0.4
2024-06-13T0000,1067A,116.6708,39.5111,廊坊市,药材公司,臭氧1小时,104,113,79,49,33,208,,259,247,14,16,7,4,0.9,0.5
2024-06-13T0000,1068A,116.7214,39.5589,廊坊市,开发区,臭氧1小时,99,113,77,47,33,199,,257,250,17,20,8,5,1.0,0.5
2024-06-13T0000,1070A,116.7244,39.5269,廊坊市,北华航天学院,颗粒物(PM10),93,136,87,46,32,183,,244,231,19,21,5,3,1.0,0.5
2024-06-13T0000,2919A,116.7022,39.5453,廊坊市,河北工业大学,臭氧1小时,95,119,87,48,33,196,,251,246,19,20,7,3,0.9,0.4
2024-06-13T0000,2535A,103.7723,29.5462,乐山市,花湖湾,,35,31,20,24,18,92,,122,110,13,10,4,4,0.4,0.2
2024-06-13T0000,2536A,103.7627,29.5844,乐山市,牛耳桥,,38,36,25,26,19,53,,124,101,37,15,4,4,0.5,0.4
2024-06-13T0000,2537A,103.7508,29.6006,乐山市,市第三水厂,,41,41,28,25,20,61,,103,,35,10,4,4,0.5,0.5
2024-06-13T0000,2538A,103.7571,29.5664,乐山市,市监测站,,30,30,26,18,19,90,,130,116,18,12,4,3,0.4,0.5
2024-06-13T0000,3361A,103.7311,29.5628,乐山市,理工大学,,38,34,27,26,22,68,,134,112,24,10,9,7,0.5,0.4
2024-06-13T0000,2598A,100.2143,26.8576,丽江市,西南郊,,,,,,,,,,,,,,,,
2024-06-13T0000,2599A,100.2497,26.8802,丽江市,丽江古城,,,,18,,11,,,76,,,10,,6,,0.6
2024-06-13T0000,2600A,100.2203,26.8906,丽江市,市中心,,21,18,11,12,8,66,,77,,9,8,8,8,0.5,0.5
2024-06-13T0000,1267A,119.914,28.4514,丽水市,监测站大楼,,18,18,13,3,5,20,,65,42,20,17,2,3,0.8,0.8
2024-06-13T0000,1268A,119.93,28.4586,丽水市,莲都小学,,15,15,15,3,6,13,,70,43,25,16,3,3,0.4,0.4
2024-06-13T0000,1269A,119.879,28.4231,丽水市,余庄前,,25,25,17,12,10,4,,50,24,10,13,2,2,0.7,0.7
2024-06-13T0000,1173A,119.176,34.5885,连云港市,市环境监测站,,48,48,63,7,29,55,,149,80,16,15,5,6,0.4,0.5
2024-06-13T0000,3000A,119.3581,34.6972,连云港市,德源药业,,36,36,36,7,19,57,,128,71,17,12,5,5,0.9,0.5
2024-06-13T0000,3007A,119.178,34.844,连云港市,新城一中,,32,32,49,6,18,55,,129,69,20,14,5,5,0.7,0.8
2024-06-13T0000,3008A,119.3608,34.7519,连云港市,胡沟管理处,颗粒物(PM10),51,51,39,9,18,91,,113,71,9,14,8,8,0.6,0.6
2024-06-13T0000,3009A,119.1478,34.5911,连云港市,矿山设计院,,48,48,61,7,25,53,,149,80,15,15,2,3,0.3,0.5
2024-06-13T0000,3434A,119.2413,34.6539,连云港市,工贸学校,,26,26,51,3,23,75,,160,98,8,8,7,8,0.6,0.7
2024-06-13T0000,3664A,119.4172,34.7341,连云港市,连云街道,,28,20,43,3,18,89,,125,102,6,10,4,5,0.6,0.6
2024-06-13T0000,2571A,102.3431,27.8099,凉山彝族自治州,青龙寺,,18,14,16,9,7,55,,124,93,6,6,10,12,0.5,0.6
2024-06-13T0000,2572A,102.2721,27.8415,凉山彝族自治州,邛海宾馆,,19,14,22,7,13,60,,119,88,12,14,11,12,0.6,0.7
2024-06-13T0000,2573A,102.2625,27.898,凉山彝族自治州,西昌市政府,,22,22,22,9,11,54,,122,85,8,13,13,16,0.6,0.6
2024-06-13T0000,2574A,102.2685,27.8851,凉山彝族自治州,凉山州政府,,24,24,27,11,11,56,,124,94,12,14,9,11,0.8,0.8
2024-06-13T0000,2575A,102.237,27.8914,凉山彝族自治州,长安,,18,18,23,10,12,40,,119,84,18,19,9,12,0.9,0.8
2024-06-13T0000,2212A,123.2,41.1953,辽阳市,宏伟区,,40,16,27,3,10,128,,161,128,5,18,10,11,0.4,0.6
2024-06-13T0000,2213A,123.1683,41.2495,辽阳市,新华园,,42,,29,14,16,132,,177,142,5,17,6,10,0.3,0.7
2024-06-13T0000,2214A,123.2354,41.2639,辽阳市,滨河路,,37,19,25,8,10,116,,184,131,10,13,8,10,0.5,0.5
2024-06-13T0000,2215A,123.149,41.2991,辽阳市,铁西工业园,,42,,32,14,13,134,,164,144,4,16,10,11,0.6,0.9
2024-06-13T0000,2227A,125.1358,42.8845,辽源市,环保局,,46,28,28,10,18,5,,156,92,92,31,7,8,0.7,0.7
2024-06-13T0000,3239A,125.0764,42.9078,辽源市,银鹰制药,,47,34,30,13,19,11,,144,89,93,34,13,9,0.7,0.7
2024-06-13T0000,1625A,115.9848,36.4372,聊城市,区政府,颗粒物(PM10),103,155,91,29,24,185,,225,,16,18,10,11,0.5,0.5
2024-06-13T0000,2878A,116.0072,36.4343,聊城市,聊大东校,臭氧1小时,95,124,95,28,29,196,,244,213,16,19,7,10,0.5,0.5
2024-06-13T0000,3200A,115.9819,36.4978,聊城市,监控中心,颗粒物(PM10),109,167,108,24,20,189,,232,,17,21,11,14,0.6,0.6
2024-06-13T0000,3513A,116.0445,36.4361,聊城市,九州社区,颗粒物(PM10),92,134,96,29,20,180,,230,197,11,12,6,9,0.5,0.5
2024-06-13T0000,4018A,116.0567,36.4608,聊城市,星美广场,颗粒物(PM10),89,128,93,22,21,186,,236,205,10,9,7,10,0.5,0.6
2024-06-13T0000,2632A,94.3681,29.6376,林芝市,林芝监测站,,18,,8,12,10,33,,89,65,9,5,7,7,0.5,0.5
2024-06-13T0000,2633A,94.3616,29.6616,林芝市,林芝人民医院,,13,9,10,9,6,36,,91,67,8,7,8,8,0.2,0.2
2024-06-13T0000,2603A,100.0781,23.8982,临沧市,市环保局,,25,25,21,16,16,22,,65,39,11,10,5,7,0.5,0.5
2024-06-13T0000,2604A,100.0894,23.8822,临沧市,市气象局,,19,18,23,13,17,36,,67,47,10,11,8,9,0.5,0.5
2024-06-13T0000,1733A,111.5531,36.0783,临汾市,临钢医院,颗粒物(PM10),82,114,76,55,29,95,,223,160,25,17,6,8,0.7,0.6
2024-06-13T0000,1734A,111.5028,36.0714,临汾市,技工学校,颗粒物(PM10),71,91,80,47,25,117,,241,174,28,26,5,7,0.8,0.7
2024-06-13T0000,1736A,111.5018,36.0855,临汾市,市委,颗粒物(PM10),78,105,73,50,20,119,,240,176,17,15,4,6,1.0,0.8
2024-06-13T0000,3018A,111.505,36.1014,临汾市,唐尧大酒店,颗粒物(PM10),81,112,87,48,24,109,,220,164,27,23,7,8,0.9,0.8
2024-06-13T0000,3668A,111.5036,36.0414,临汾市,城南,细颗粒物(PM2.5),80,107,101,59,34,90,,243,161,42,31,14,8,0.9,0.8
2024-06-13T0000,2667A,103.2069,35.5993,临夏回族自治州,环保局,,40,29,29,28,23,85,,140,121,8,9,6,7,0.4,0.4
2024-06-13T0000,2668A,103.2417,35.6057,临夏回族自治州,建设大厦,,39,34,27,27,20,75,,139,114,23,13,6,7,0.4,0.4
2024-06-13T0000,1618A,118.3429,35.0532,临沂市,沂河小区,,44,44,70,14,31,115,,217,174,26,21,8,11,0.3,0.5
2024-06-13T0000,1619A,118.295,35.0583,临沂市,鲁南制药厂,,38,31,88,12,31,121,,234,179,19,12,7,11,0.4,0.7
2024-06-13T0000,1620A,118.2794,34.9976,临沂市,新光毛纺厂,,36,31,87,8,35,115,,234,176,29,20,7,9,0.5,0.7
2024-06-13T0000,1621A,118.3956,35.0888,临沂市,河东保险公司,颗粒物(PM10),51,51,59,6,26,72,,208,157,19,18,6,8,0.4,0.5
2024-06-13T0000,3370A,118.3564,35.0215,临沂市,十里堡居委,,39,31,66,3,28,122,,217,169,16,14,7,9,0.4,0.7
2024-06-13T0000,3496A,118.3604,35.1084,临沂市,南坊新区,颗粒物(PM10),53,56,71,12,23,82,,210,158,23,16,8,9,0.7,0.7
2024-06-13T0000,3860A,118.3920,35.0300,临沂市,皇山花园小区,颗粒物(PM10),58,66,66,14,28,105,,212,166,22,18,8,12,0.5,0.7
2024-06-13T0000,1870A,109.4856,24.3895,柳州市,柳东小学,,16,16,20,3,10,43,,72,58,10,9,6,7,0.6,0.6
2024-06-13T0000,1871A,109.4157,24.3277,柳州市,环保监测站,,22,22,22,10,10,49,,66,55,6,8,6,6,0.5,0.5
2024-06-13T0000,1872A,109.389,24.341,柳州市,河西水厂,,16,16,21,11,10,47,,74,63,10,7,6,7,0.5,0.5
2024-06-13T0000,1873A,109.4311,24.2921,柳州市,市四中,,,,22,10,11,,,76,64,7,9,5,5,0.3,0.4
2024-06-13T0000,1874A,109.4006,24.3631,柳州市,市九中,,19,17,26,13,11,50,,76,66,10,11,6,7,0.5,0.5
2024-06-13T0000,1875A,109.4958,24.3134,柳州市,古亭山,,18,18,21,8,10,34,,74,55,24,12,6,6,0.5,0.5
2024-06-13T0000,3402A,109.5422,24.3996,柳州市,市二中,,13,,20,9,8,25,,71,58,21,10,5,6,0.4,0.4
2024-06-13T0000,2307A,116.5079,31.737,六安市,监测大楼,,33,25,22,18,17,104,,163,143,8,11,5,5,0.5,0.4
2024-06-13T0000,2308A,116.4738,31.7643,六安市,皖西学院,,37,37,28,21,16,110,,175,153,8,12,3,4,0.6,0.5
2024-06-13T0000,2309A,116.4996,31.7905,六安市,朝阳厂,,34,34,19,17,15,100,,164,143,6,8,7,7,0.5,0.4
2024-06-13T0000,2310A,116.5567,31.7886,六安市,开发区,颗粒物(PM10),53,56,35,20,19,94,,161,137,27,13,20,12,0.8,0.6
2024-06-13T0000,2576A,104.8,26.5892,六盘水市,窑上,,,,,,,,,,,,,,,,
2024-06-13T0000,2577A,104.83,26.5917,六盘水市,黄土坡,,30,30,22,12,8,51,,138,99,21,11,5,7,0.4,0.4
2024-06-13T0000,2578A,104.89,26.5939,六盘水市,水钢,,32,27,32,22,16,90,,133,118,20,20,12,28,0.4,1.1
2024-06-13T0000,2579A,104.8475,26.5894,六盘水市,民中,,30,30,18,14,9,80,,136,112,22,13,8,8,0.7,0.6
2024-06-13T0000,2580A,104.9544,26.5506,六盘水市,双水,,24,24,23,9,10,73,,129,108,13,13,7,11,0.2,0.4
2024-06-13T0000,2335A,117.0189,25.1181,龙岩市,龙岩师专,,,,,,,,,,,,,,,,
2024-06-13T0000,2336A,117.0217,25.1033,龙岩市,龙岩市监测站,,18,13,15,12,10,18,,56,37,20,11,2,3,0.4,0.4
2024-06-13T0000,2337A,117.0258,25.0661,龙岩市,闽西职业技术学院,,25,25,16,8,7,7,,56,29,31,10,6,2,0.4,0.4
2024-06-13T0000,2338A,117.0196,25.0306,龙岩市,龙岩学院,,17,17,15,3,6,19,,57,42,8,4,4,4,0.4,0.4
2024-06-13T0000,2665A,105.0822,33.3261,陇南市,汉王镇固水子,,,,,,,,,,,,,,,,
2024-06-13T0000,2885A,104.9339,33.3826,陇南市,滨江中学,颗粒物(PM10),60,69,55,20,17,78,,130,105,26,15,7,14,0.7,0.7
2024-06-13T0000,3247A,104.955,33.371,陇南市,市总工会,,42,42,36,13,9,109,,130,117,7,8,9,11,0.5,0.5
2024-06-13T0000,2487A,111.9589,27.8901,娄底市,电视发射台,,24,24,20,8,7,8,,48,24,6,5,4,5,0.8,0.6
2024-06-13T0000,2488A,111.9975,27.725,娄底市,市监测站,,13,11,24,7,13,39,,56,54,5,12,6,6,0.5,0.8
2024-06-13T0000,2489A,112.0194,27.7314,娄底市,市委党校,,15,14,20,10,12,33,,48,46,6,10,8,7,0.6,0.8
2024-06-13T0000,2490A,111.9561,27.7569,娄底市,涟钢,,18,18,21,6,11,23,,38,33,14,16,14,14,0.6,0.9
2024-06-13T0000,2491A,111.9892,27.7044,娄底市,市政府,,12,10,13,8,10,38,,64,56,6,8,7,6,0.6,0.7
2024-06-13T0000,1893A,105.4324,28.9634,泸州市,九狮山,,28,28,19,18,12,32,,96,66,20,13,5,14,0.3,0.4
2024-06-13T0000,1894A,105.4427,28.9063,泸州市,小市上码头,,33,29,24,23,14,65,,112,98,24,10,5,6,0.4,0.3
2024-06-13T0000,1895A,105.4241,28.8573,泸州市,兰田宪桥,,38,38,29,25,18,27,,116,85,29,14,4,4,0.5,0.4
2024-06-13T0000,1896A,105.4379,28.8833,泸州市,市环监站,,36,36,24,22,16,60,,107,93,37,14,40,6,0.5,0.5
2024-06-13T0000,3490A,105.3617,28.7703,泸州市,纳溪区环保局,,33,33,24,14,11,19,,129,81,29,16,3,4,0.6,0.5
2024-06-13T0000,2183A,111.1406,37.5211,吕梁市,环保局,颗粒物(PM10),111,172,69,40,19,16,,166,100,90,29,1,2,0.3,0.4
2024-06-13T0000,2185A,111.1297,37.5136,吕梁市,自来水公司,颗粒物(PM10),57,64,75,22,20,65,,161,117,44,26,3,5,0.4,0.4
2024-06-13T0000,2867A,111.1283,37.51,吕梁市,马茂庄小学,颗粒物(PM10),64,78,71,29,20,40,,173,112,62,30,3,3,0.4,0.4
2024-06-13T0000,1812A,112.3931,34.6516,洛阳市,市委党校,颗粒物(PM10),77,104,86,50,43,45,,182,121,72,24,6,11,0.7,0.6
2024-06-13T0000,1814A,112.4657,34.6871,洛阳市,豫西宾馆,颗粒物(PM10),76,102,108,35,41,91,,191,137,39,27,6,13,0.6,0.6
2024-06-13T0000,1815A,112.494,34.6886,洛阳市,河南林校,颗粒物(PM10),67,84,80,46,40,94,,186,136,28,21,5,9,0.4,0.5
2024-06-13T0000,1816A,112.3844,34.623,洛阳市,开发区管委会,颗粒物(PM10),81,112,80,49,34,83,,178,140,36,19,5,8,0.4,0.4
2024-06-13T0000,1817A,112.4267,34.6258,洛阳市,市委新办公区,颗粒物(PM10),86,122,84,52,41,48,,179,121,60,21,6,7,0.6,0.5
2024-06-13T0000,3340A,112.6005,34.6326,洛阳市,伊滨,颗粒物(PM10),89,128,104,50,37,72,,193,138,43,22,8,8,0.4,0.3
2024-06-13T0000,3341A,112.4951,34.6332,洛阳市,中移产业园,颗粒物(PM10),89,127,99,48,37,73,,182,132,39,18,5,7,0.6,0.5
2024-06-13T0000,3593A,112.5736,34.8993,洛阳市,吉利监测站,颗粒物(PM10),54,58,64,24,25,84,,201,125,39,22,4,5,0.4,0.3
2024-06-13T0000,3635A,112.3677,34.662,洛阳市,河科大西苑校区,颗粒物(PM10),84,118,101,51,44,39,,177,115,68,28,9,17,0.8,0.7
2024-06-13T0000,3636A,112.4388,34.6781,洛阳市,英才小学,颗粒物(PM10),82,114,103,35,43,68,,180,124,40,25,3,14,0.5,0.6
2024-06-13T0000,2399A,114.051,33.5699,漯河市,三五一五工厂,颗粒物(PM10),59,68,54,27,25,101,,186,156,18,17,5,7,0.6,0.6
2024-06-13T0000,2400A,114.0055,33.5698,漯河市,漯河大学,颗粒物(PM10),55,59,46,36,31,107,,193,164,15,16,10,10,0.5,0.4
2024-06-13T0000,2401A,114.0138,33.5828,漯河市,市水利局,颗粒物(PM10),62,73,55,27,27,104,,186,159,18,14,8,8,0.5,0.5
2024-06-13T0000,2402A,114.0261,33.5698,漯河市,市广电局,颗粒物(PM10),58,66,54,23,23,101,,187,156,16,13,4,5,0.6,0.6
2024-06-13T0000,3478A,113.9749,33.5664,漯河市,市图书馆,颗粒物(PM10),56,62,52,35,26,106,,189,160,13,10,2,7,0.5,0.5
2024-06-13T0000,3479A,114.0967,33.5906,漯河市,召陵区卫健委,颗粒物(PM10),55,60,58,28,31,103,,188,155,16,18,6,6,0.5,0.5
2024-06-13T0000,1798A,118.5092,31.6837,马鞍山市,湖东路四小,,49,49,50,33,28,68,,198,149,35,15,6,9,1.1,0.9
2024-06-13T0000,1799A,118.5024,31.6449,马鞍山市,开发区,颗粒物(PM10),73,96,58,31,28,34,,192,125,74,26,8,9,0.9,0.9
2024-06-13T0000,1800A,118.5228,31.7231,马鞍山市,慈湖,,45,45,57,26,35,104,,209,153,29,24,5,8,1.2,1.2
2024-06-13T0000,1802A,118.6245,31.7241,马鞍山市,濮塘,,39,26,36,25,28,123,,147,,10,11,3,5,0.7,0.8
2024-06-13T0000,3633A,118.4918,31.6809,马鞍山市,雨山,颗粒物(PM10),52,53,61,28,29,94,,199,158,22,16,5,7,1.1,1
2024-06-13T0000,1686A,111.0286,21.4688,茂名市,电白南海,,28,,25,19,17,69,,68,62,6,8,4,4,0.5,0.5
2024-06-13T0000,1687A,110.9294,21.6533,茂名市,茂石化七小,,24,24,28,14,18,26,,71,33,15,12,10,10,0.6,0.6
2024-06-13T0000,1688A,110.9107,21.6687,茂名市,健康路,,24,24,23,9,9,31,,77,43,16,11,12,11,0.6,0.7
2024-06-13T0000,1689A,110.8592,21.6828,茂名市,高岭,,32,31,26,22,17,12,,69,27,30,18,11,8,0.7,0.7
2024-06-13T0000,3450A,111.01,21.5165,茂名市,电白水东,,20,17,19,14,11,62,,66,52,9,14,3,3,0.5,0.5
2024-06-13T0000,2539A,104.0308,30.0478,眉山市,黑龙滩水库,,33,30,26,22,19,104,,175,158,8,5,5,5,0.2,0.2
2024-06-13T0000,2540A,103.8416,30.0874,眉山市,气象局,,33,17,17,17,13,105,,155,142,18,12,8,7,0.4,0.3
2024-06-13T0000,3137A,103.8578,30.0744,眉山市,市委党校,,32,27,20,12,8,100,,149,138,19,12,8,8,0.5,0.4
2024-06-13T0000,3148A,103.8291,30.0564,眉山市,区人社局,,35,23,29,14,10,109,,150,138,19,15,9,9,0.4,0.4
2024-06-13T0000,1690A,116.1231,24.3284,梅州市,梅江月梅,,30,30,19,3,8,16,,69,49,26,8,4,5,0.4,0.4
2024-06-13T0000,1691A,116.0797,24.2719,梅州市,梅县新城,,22,22,19,9,9,19,,63,51,19,9,7,4,0.4,0.4
2024-06-13T0000,1692A,116.1248,24.2654,梅州市,环境监控中心,,42,42,21,7,8,6,,58,33,28,12,4,5,0.5,0.5
2024-06-13T0000,3315A,116.1233,24.2991,梅州市,梅龙,,15,14,15,10,10,33,,63,51,12,5,7,8,0.5,0.5
2024-06-13T0000,1878A,104.7778,31.4741,绵阳市,富乐山,,42,41,30,29,22,116,,160,142,11,8,7,8,0.5,0.5
2024-06-13T0000,1879A,104.7563,31.4535,绵阳市,市人大,细颗粒物(PM2.5),55,58,32,39,24,60,,153,119,50,21,7,7,0.6,0.4
2024-06-13T0000,1880A,104.6697,31.4668,绵阳市,高新区自来水公司,颗粒物(PM10),65,80,41,46,22,47,,173,143,54,20,6,6,0.6,0.5
2024-06-13T0000,1881A,104.7287,31.5075,绵阳市,三水厂,细颗粒物(PM2.5),77,70,40,56,27,28,,161,112,59,25,7,7,0.6,0.4
2024-06-13T0000,3491A,104.69,31.5322,绵阳市,西科大附属小学,细颗粒物(PM2.5),68,74,41,49,26,34,,156,,66,26,8,7,0.7,0.5
2024-06-13T0000,3492A,104.5648,31.5343,绵阳市,安州区旅游局,细颗粒物(PM2.5),77,76,39,56,28,72,,158,132,23,18,8,9,0.6,0.5
2024-06-13T0000,1784A,129.61,44.561,牡丹江市,环保大楼,,20,20,18,7,10,29,,101,53,13,10,6,7,0.4,0.4
2024-06-13T0000,1785A,129.6115,44.5782,牡丹江市,文化广场,,33,,36,23,23,19,,96,44,19,14,6,8,0.5,0.4
2024-06-13T0000,1786A,129.5904,44.5963,牡丹江市,第一医院,,25,25,22,17,20,20,,96,48,16,12,10,5,0.5,0.5
2024-06-13T0000,1787A,129.6364,44.6075,牡丹江市,机车工厂,,18,18,22,3,11,13,,85,41,15,12,4,6,0.4,0.4
2024-06-13T0000,1788A,129.6386,44.5462,牡丹江市,第一中学,,30,30,21,11,11,15,,96,43,20,13,4,4,0.5,0.4
2024-06-13T0000,2531A,105.0703,29.61,内江市,市监测站,,,,19,,22,,,116,90,54,22,6,5,0.7,0.5
2024-06-13T0000,2532A,105.0717,29.5947,内江市,东兴区政府,,25,21,26,17,13,77,,118,108,21,12,9,8,0.7,0.7
2024-06-13T0000,2533A,105.0653,29.5817,内江市,内江二中,,34,34,22,14,17,35,,115,90,40,15,8,7,0.6,0.5
2024-06-13T0000,2534A,105.0406,29.5822,内江市,内江日报社,,38,31,21,18,17,18,,123,86,76,23,8,7,0.8,0.6
2024-06-13T0000,2628A,92.0657,31.4846,那曲市,那曲监测站,,29,11,11,3,5,91,,118,107,6,6,6,7,0.5,0.5
2024-06-13T0000,3128A,92.0506,31.4797,那曲市,那曲会议中心,,28,10,14,3,10,89,,118,106,5,4,3,3,0.4,0.4
2024-06-13T0000,1290A,115.8931,28.6843,南昌市,省外办,,22,22,26,12,18,47,,60,55,10,15,6,7,0.6,0.6
2024-06-13T0000,1291A,115.8886,28.7003,南昌市,省林业公司,,18,14,24,12,12,43,,74,59,20,20,4,7,0.4,0.4
2024-06-13T0000,1292A,115.8126,28.7442,南昌市,林科所,,18,,23,12,14,24,,72,38,34,25,6,8,0.4,0.4
2024-06-13T0000,1294A,115.8518,28.687,南昌市,建工学校,,33,33,25,19,17,35,,75,60,18,15,6,6,0.6,0.5
2024-06-13T0000,1295A,115.8921,28.6424,南昌市,象湖,,23,22,26,9,14,10,,66,50,45,17,4,4,0.7,0.7
2024-06-13T0000,1296A,115.7423,28.7996,南昌市,武术学校,,15,14,19,10,19,4,,70,37,1,2,18,18,0.6,0.6
2024-06-13T0000,1298A,115.9314,28.6842,南昌市,省站,,19,19,24,12,16,37,,63,51,14,15,6,8,0.7,0.7
2024-06-13T0000,3046A,115.9084,28.6062,南昌市,机电学校,,22,22,27,9,14,21,,58,45,20,12,7,7,0.7,0.7
2024-06-13T0000,3690A,115.9721,28.7031,南昌市,外国语学校,,26,26,24,15,14,20,,59,45,24,12,4,5,0.5,0.4
2024-06-13T0000,1905A,106.056,30.8064,南充市,西山风景区,,34,18,20,18,18,107,,118,117,2,2,6,4,0.4,0.4
2024-06-13T0000,1906A,106.0789,30.8023,南充市,南充市委,,43,39,31,30,23,75,,123,108,28,15,6,6,0.5,0.4
2024-06-13T0000,1907A,106.1031,30.8217,南充市,南充炼油厂,,42,42,35,29,21,95,,136,124,19,14,9,8,0.3,0.2
2024-06-13T0000,1908A,106.1064,30.7856,南充市,高坪区监测站,,,42,31,24,20,90,,130,119,22,15,24,10,,0.4
2024-06-13T0000,1909A,106.0642,30.7636,南充市,嘉陵区环保局,细颗粒物(PM2.5),52,,33,36,22,59,,122,104,29,14,7,7,0.4,0.3
2024-06-13T0000,1910A,106.1087,30.8388,南充市,市环境监测站,,50,46,34,35,22,92,,128,114,21,17,8,7,0.8,0.5
2024-06-13T0000,1151A,118.8086,32.1065,南京市,迈皋桥,,44,44,37,27,26,107,,251,183,25,12,5,6,0.7,0.8
2024-06-13T0000,1152A,118.7538,32.0551,南京市,草场门,,42,41,40,29,26,84,,228,176,37,19,3,4,0.8,0.8
2024-06-13T0000,1153A,118.7794,32.0745,南京市,山西路,,46,46,40,24,26,102,,230,182,24,14,4,4,0.5,0.6
2024-06-13T0000,1154A,118.7752,32.0023,南京市,中华门,,36,36,33,24,21,90,,201,153,23,14,6,6,0.6,0.6
2024-06-13T0000,1155A,118.8109,32.0309,南京市,瑞金路,,49,49,44,27,25,93,,217,162,22,14,7,7,0.4,0.5
2024-06-13T0000,1156A,118.7997,32.0754,南京市,玄武湖,,49,49,41,25,24,76,,221,169,28,14,8,9,0.8,0.8
2024-06-13T0000,1157A,118.6414,32.0931,南京市,浦口,,40,38,35,28,23,109,,207,176,18,12,5,6,1.0,0.9
2024-06-13T0000,1158A,118.7356,31.9996,南京市,奥体中心,,43,43,38,29,26,80,,220,176,33,15,5,7,0.6,0.6
2024-06-13T0000,1159A,118.9125,32.1028,南京市,仙林大学城,颗粒物(PM10),52,53,36,34,23,140,,227,190,16,14,6,6,0.7,0.7
2024-06-13T0000,3422A,118.8436,31.9198,南京市,江宁彩虹桥,颗粒物(PM10),51,52,33,34,22,99,,193,142,23,13,4,4,0.6,0.5
2024-06-13T0000,3423A,119.0138,31.6494,南京市,溧水永阳,,48,48,29,28,20,96,,155,116,27,14,8,5,0.7,0.7
2024-06-13T0000,3424A,118.879,31.3302,南京市,高淳老职中,,42,,36,20,20,132,,139,135,12,12,4,6,0.6,0.5
2024-06-13T0000,3427A,118.8554,32.3578,南京市,六合雄州,颗粒物(PM10),55,60,44,26,22,114,,192,176,29,23,1,7,0.7,0.7
2024-06-13T0000,1401A,108.3103,22.7881,南宁市,二十一中,,21,21,21,8,9,48,,86,65,13,11,2,2,0.7,0.6
2024-06-13T0000,1402A,108.3141,22.8528,南宁市,北湖,,28,28,21,9,12,44,,83,55,11,13,3,3,0.9,0.8
2024-06-13T0000,1403A,108.3206,22.8225,南宁市,市监测站,,18,14,21,12,10,43,,77,54,12,13,3,4,0.7,0.7
2024-06-13T0000,1404A,108.3829,22.8037,南宁市,大自然花园,,16,16,18,8,9,42,,72,51,11,8,4,4,0.3,0.3
2024-06-13T0000,1405A,108.4394,22.7904,南宁市,仙葫,,23,23,14,6,6,42,,68,58,6,6,3,4,0.7,0.6
2024-06-13T0000,1406A,108.2397,22.8467,南宁市,区农职院,,24,24,25,11,7,35,,84,54,22,19,5,7,0.7,0.8
2024-06-13T0000,1407A,108.3275,22.735,南宁市,英华嘉园,,26,26,21,6,7,34,,60,44,18,18,4,5,0.6,0.5
2024-06-13T0000,1408A,108.2257,22.7757,南宁市,沙井镇街道办,颗粒物(PM10),58,66,27,9,12,4,,77,41,40,18,2,2,0.6,0.6
2024-06-13T0000,3401A,108.4834,22.7618,南宁市,红星社区,,19,19,20,11,10,43,,68,52,14,11,5,4,0.8,0.6
2024-06-13T0000,2331A,118.0966,26.6761,南平市,茫荡山,,,,,,,,,,,,,,,,
2024-06-13T0000,2332A,118.1681,26.6369,南平市,南平市监测站,,9,,20,3,9,26,,35,30,11,13,3,4,0.7,0.8
2024-06-13T0000,2333A,118.1825,26.6489,南平市,南平铝业有限公司,,14,10,21,3,9,11,,35,26,27,13,9,5,0.7,0.7
2024-06-13T0000,2334A,118.1756,26.6272,南平市,南平七中,,10,7,20,7,10,18,,34,26,9,9,4,4,0.7,0.8
2024-06-13T0000,1168A,120.9098,31.9663,南通市,狼山街道,,22,16,14,8,6,68,,124,95,8,15,10,10,0.4,0.5
2024-06-13T0000,1169A,120.86,32.0005,南通市,虹桥,,22,14,22,10,8,70,,108,,8,17,5,6,0.5,0.6
2024-06-13T0000,1170A,120.87,32.02,南通市,城中,,28,28,25,14,12,68,,117,91,10,17,5,6,0.5,0.6
2024-06-13T0000,1171A,120.94,31.93,南通市,星湖花园,,24,10,12,7,6,74,,127,92,13,19,8,8,0.5,0.6
2024-06-13T0000,1172A,120.81,32.0417,南通市,紫琅学院,,22,,14,11,9,70,,126,96,14,23,5,6,0.6,0.6
2024-06-13T0000,3291A,121.067,32.062,南通市,通州监测站,,26,22,19,3,4,83,,122,93,3,5,9,10,0.5,0.5
2024-06-13T0000,3432A,120.9348,31.9883,南通市,环境教育馆,,27,27,22,13,10,56,,122,88,20,17,7,7,0.5,0.5
2024-06-13T0000,2404A,112.5224,33.0122,南阳市,瓦房庄,,39,39,41,14,23,94,,163,136,16,21,6,7,0.5,0.5
2024-06-13T0000,2405A,112.5003,32.9735,南阳市,汉画馆,颗粒物(PM10),51,52,50,18,26,91,,166,137,20,23,6,6,0.5,0.6
2024-06-13T0000,2406A,112.5573,33.027,南阳市,气象站,,37,37,37,17,23,95,,175,144,18,17,4,4,0.4,0.5
2024-06-13T0000,2407A,112.5481,32.9689,南阳市,理工学院,,41,41,48,21,25,92,,166,136,22,24,5,6,0.5,0.5
2024-06-13T0000,4008A,112.5234,32.9922,南阳市,卧龙区政府,,49,49,53,23,31,88,,163,127,20,26,5,5,0.6,0.7
2024-06-13T0000,1234A,121.8358,29.911,宁波市,区环保大楼,,43,42,35,21,15,1,,65,30,86,55,12,8,0.8,0.9
2024-06-13T0000,1235A,121.56,29.82,宁波市,万里学院,,25,18,16,8,12,18,,87,66,49,24,5,5,0.6,0.6
2024-06-13T0000,1236A,121.713,29.9572,宁波市,龙赛医院,,,35,21,20,13,,,80,64,57,41,5,7,0.7,0.6
2024-06-13T0000,1239A,121.633,29.7733,宁波市,钱湖水厂,,16,16,15,3,7,32,,71,49,12,13,4,4,0.7,0.7
2024-06-13T0000,1240A,121.5856,29.8635,宁波市,太古小学,,21,21,13,11,9,14,,79,54,40,26,6,6,0.8,0.8
2024-06-13T0000,1241A,121.524,29.8674,宁波市,市环境监测中心,,18,18,23,8,10,35,,89,72,34,23,9,9,1.0,1
2024-06-13T0000,2871A,121.6147,29.9017,宁波市,万里国际学校,,18,16,13,12,12,37,,91,70,26,25,4,4,0.5,0.5
2024-06-13T0000,3710A,121.5594,29.8975,宁波市,白沙活动中心,,23,19,14,3,3,16,,92,71,45,18,8,7,0.5,0.5
2024-06-13T0000,2339A,119.5001,26.6946,宁德市,金涵水库,,,,,,,,,,,,,,,,
2024-06-13T0000,2341A,119.5388,26.6612,宁德市,宁德市监测站,,30,,29,21,17,21,,66,41,30,23,4,4,1.1,0.8
2024-06-13T0000,3209A,119.5231,26.6562,宁德市,宁德一中,,,,35,,17,25,,63,53,18,15,4,6,,0.8
2024-06-13T0000,2618A,98.8601,25.8567,怒江傈僳族自治州,州监测站,,26,24,25,18,18,79,,94,92,5,5,8,8,0.5,0.5
2024-06-13T0000,2619A,98.8546,25.8417,怒江傈僳族自治州,泸水一中,,26,,20,18,15,70,,82,80,9,10,5,5,0.3,0.3
2024-06-13T0000,1888A,101.6891,26.571,攀枝花市,弄弄坪,,36,36,29,13,11,71,,116,102,16,16,13,18,0.7,0.8
2024-06-13T0000,1889A,101.5769,26.5928,攀枝花市,河门口,,19,18,18,10,11,59,,105,90,18,18,8,12,0.7,0.8
2024-06-13T0000,1890A,101.7169,26.585,攀枝花市,炳草岗,,36,35,23,25,13,42,,121,97,45,17,22,19,1.6,0.9
2024-06-13T0000,1891A,101.7369,26.5008,攀枝花市,仁和,,26,26,17,15,12,47,,127,93,13,11,8,12,0.4,0.6
2024-06-13T0000,2835A,101.7227,26.567,攀枝花市,四十中小,,34,34,21,12,10,65,,122,104,26,16,22,16,1.4,1.1
2024-06-13T0000,1604A,122.0303,41.1489,盘锦市,开发区,,47,47,40,26,23,122,,172,142,27,16,6,5,0.4,0.4
2024-06-13T0000,1605A,122.0485,41.0883,盘锦市,兴隆台,颗粒物(PM10),51,51,36,23,23,111,,165,135,33,19,5,5,0.4,0.5
2024-06-13T0000,1606A,121.8297,41.1028,盘锦市,新生街道,,35,28,36,14,16,112,,159,131,14,12,4,5,0.3,0.3
2024-06-13T0000,1832A,113.3257,33.742,平顶山市,新华旅馆,,49,44,48,34,29,124,,198,174,15,12,8,8,0.4,0.4
2024-06-13T0000,1833A,113.2919,33.737,平顶山市,规划设计院,颗粒物(PM10),55,59,46,25,28,117,,190,167,16,14,7,6,0.5,0.5
2024-06-13T0000,1834A,113.182,33.774,平顶山市,平顶山工学院,,43,39,44,17,24,136,,196,170,9,12,5,6,0.5,0.6
2024-06-13T0000,3204A,113.3025,33.73,平顶山市,规划局,"颗粒物(PM10),细颗粒物(PM2.5)",52,53,51,36,33,115,,190,166,25,17,7,7,0.4,0.2
2024-06-13T0000,3594A,112.8867,33.9116,平顶山市,石龙区,,49,45,67,23,37,154,,200,184,5,23,5,9,0.5,0.6
2024-06-13T0000,2656A,106.6692,35.5461,平凉市,聚贤嘉苑,,49,49,49,19,16,119,,155,,22,22,8,7,0.4,0.2
2024-06-13T0000,2657A,106.7021,35.5307,平凉市,博物馆,,47,47,47,16,18,103,,170,134,29,20,10,13,0.2,0.2
2024-06-13T0000,2347A,114.0997,27.5002,萍乡市,武功山,,8,6,3,3,3,22,,33,,3,3,17,17,0.5,0.4
2024-06-13T0000,2348A,113.8385,27.6434,萍乡市,中医院,,25,25,18,17,11,39,,39,39,5,12,24,9,0.7,0.9
2024-06-13T0000,2349A,113.8493,27.6253,萍乡市,市政府车库,,23,17,13,16,17,36,,28,,6,10,10,7,0.6,0.8
2024-06-13T0000,2350A,113.8676,27.6435,萍乡市,市环保局,,22,19,18,15,14,43,,41,41,7,15,10,5,0.4,0.6
2024-06-13T0000,2351A,113.866,27.6198,萍乡市,安源区政府,,14,14,21,8,9,26,,29,,13,10,17,12,0.9,0.8
2024-06-13T0000,2319A,119.0141,25.4325,莆田市,荔城区仓后路,,16,16,29,6,15,45,,94,60,11,12,6,6,0.7,0.7
2024-06-13T0000,2320A,119.0015,25.4553,莆田市,莆田市监测站,,19,19,30,3,13,29,,98,52,6,9,8,8,0.6,0.6
2024-06-13T0000,2321A,119.1119,25.4561,莆田市,涵江区六中,,,21,31,11,13,,,97,60,23,16,8,8,0.6,0.6
2024-06-13T0000,2322A,119.1013,25.3215,莆田市,秀屿区政府,,31,31,31,12,15,37,,78,46,8,9,7,8,0.6,0.6
2024-06-13T0000,2323A,118.981,25.4792,莆田市,东圳水库,,,,,,,,,,,,,,,,
2024-06-13T0000,2392A,115.0312,35.7636,濮阳市,环保局,颗粒物(PM10),60,70,60,27,25,132,,212,174,22,16,10,9,0.5,0.5
2024-06-13T0000,2394A,115.0574,35.7609,濮阳市,油田运输公司,颗粒物(PM10),69,87,64,22,24,141,,230,185,13,18,10,9,0.7,0.4
2024-06-13T0000,2395A,115.0866,35.7754,濮阳市,油田物探公司,颗粒物(PM10),67,84,66,27,27,146,,231,187,14,13,9,9,0.6,0.6
2024-06-13T0000,3021A,115,35.7668,濮阳市,濮水河管理处,颗粒物(PM10),55,60,59,30,27,137,,213,169,17,15,10,9,0.4,0.4
2024-06-13T0000,2601A,100.98,22.7633,普洱市,市环保局,,20,,11,14,13,40,,44,42,4,4,6,6,0.3,0.4
2024-06-13T0000,2602A,100.9817,22.8322,普洱市,普洱第二中学,,25,,10,17,11,36,,43,39,5,5,8,8,0.6,0.5
2024-06-13T0000,2262A,131.0518,45.8751,七台河市,新一中,,23,23,11,9,9,35,,87,60,7,7,10,9,0.7,0.6
2024-06-13T0000,3345A,131.0577,45.7879,七台河市,中波台,,16,13,6,3,6,20,,80,56,31,11,8,8,0.6,0.4
2024-06-13T0000,3637A,131.0176,45.7761,七台河市,人民广场,,35,35,16,10,10,22,,84,50,17,10,10,10,0.4,0.4
2024-06-13T0000,3684A,130.8781,45.8222,七台河市,新建矿广场,,13,9,11,9,14,17,,59,40,18,19,7,11,0.1,0.3
2024-06-13T0000,1779A,123.9305,47.3636,齐齐哈尔市,安居小区,颗粒物(PM10),58,66,27,30,10,57,,99,64,41,20,6,5,0.4,0.4
2024-06-13T0000,1780A,123.9488,47.3386,齐齐哈尔市,中心广场,颗粒物(PM10),58,66,19,20,11,52,,99,79,44,16,9,8,0.4,0.2
2024-06-13T0000,1781A,123.9483,47.3227,齐齐哈尔市,农牧车辆厂,颗粒物(PM10),52,53,27,13,4,45,,103,73,41,16,8,7,0.4,0.2
2024-06-13T0000,1783A,123.945,47.2988,齐齐哈尔市,市环境监测站,,32,32,20,18,16,67,,81,71,21,14,5,5,0.4,0.3
2024-06-13T0000,3662A,123.6333,47.2075,齐齐哈尔市,富区青少年活动中心,,22,22,20,8,8,64,,,,17,16,11,6,0.1,0.2
2024-06-13T0000,2591A,107.9783,26.5747,黔东南苗族侗族自治州,市环境监测站,,25,24,18,17,11,8,,70,33,31,18,3,3,0.6,0.6
2024-06-13T0000,2881A,107.8908,26.5311,黔东南苗族侗族自治州,凯里学院,,27,27,20,13,10,9,,73,44,12,8,3,3,0.5,0.5
2024-06-13T0000,2593A,107.5228,26.2403,黔南布依族苗族自治州,小围寨,,19,19,12,9,9,10,,60,38,12,6,4,4,0.6,0.5
2024-06-13T0000,3538A,107.5175,26.2978,黔南布依族苗族自治州,沙坝,,22,22,13,9,8,11,,68,48,19,8,4,4,0.6,0.6
2024-06-13T0000,2589A,104.9022,25.0925,黔西南布依族苗族自治州,场坝街,,18,11,12,7,6,56,,80,64,7,8,2,2,0.3,0.4
2024-06-13T0000,2590A,104.8811,25.0992,黔西南布依族苗族自治州,坪东大道,,17,10,12,8,7,52,,81,59,6,6,3,5,0.3,0.3
2024-06-13T0000,2502A,108.6236,21.9667,钦州市,市环保站,,22,22,18,9,5,42,,73,57,23,10,8,7,0.7,0.6
2024-06-13T0000,2503A,108.6549,21.9481,钦州市,沙埠小学,,40,40,27,16,11,44,,74,59,24,14,6,4,0.9,0.7
2024-06-13T0000,2504A,108.5989,21.7431,钦州市,港区一小,,,,27,8,3,73,,71,71,14,9,11,7,0.6,0.5
2024-06-13T0000,3404A,108.5959,21.9633,钦州市,北职校,,32,32,24,13,9,44,,70,56,18,12,9,8,0.7,0.6
2024-06-13T0000,1042A,119.5134,39.8207,秦皇岛市,北戴河环保局,,42,42,55,13,15,113,,164,148,17,6,3,3,0.4,0.4
2024-06-13T0000,1043A,119.7493,40.0116,秦皇岛市,第一关,二氧化氮,62,52,73,16,24,21,,170,128,124,24,4,5,0.2,0.4
2024-06-13T0000,1044A,119.5897,39.9499,秦皇岛市,监测站,颗粒物(PM10),55,60,69,19,24,107,,164,136,21,15,2,4,0.3,0.5
2024-06-13T0000,1046A,119.5251,39.9041,秦皇岛市,建设大厦,,40,40,62,12,18,104,,164,134,28,20,2,2,0.0,0.2
2024-06-13T0000,3132A,119.610547,39.943889,秦皇岛市,文明里,颗粒物(PM10),55,59,67,27,28,106,,158,142,23,9,2,2,0.4,0.4
2024-06-13T0000,1307A,120.6659,36.2403,青岛市,仰口,,15,,9,9,8,48,,102,62,6,4,4,4,0.2,0.2
2024-06-13T0000,1310A,120.4134,36.0658,青岛市,市南区东部子站,,27,12,9,12,6,85,,98,76,4,5,7,7,0.4,0.4
2024-06-13T0000,1311A,120.3664,36.1032,青岛市,四方区子站,,29,17,14,12,9,92,,104,80,7,10,9,9,0.5,0.5
2024-06-13T0000,1312A,120.2994,36.054,青岛市,市南区西部子站,,26,19,10,12,4,82,,112,79,16,10,6,6,0.4,0.4
2024-06-13T0000,1313A,120.4581,36.0858,青岛市,崂山区子站,,29,14,10,12,7,91,,102,82,8,9,8,8,0.4,0.4
2024-06-13T0000,1314A,120.1983,35.9608,青岛市,黄岛区子站,,28,,10,10,6,87,,105,81,6,7,6,6,0.4,0.4
2024-06-13T0000,1315A,120.3999,36.3083,青岛市,城阳区子站,,25,9,18,7,10,80,,98,73,8,13,5,7,0.4,0.5
2024-06-13T0000,1966A,120.0405,35.8735,青岛市,黄岛区4号,,30,12,13,9,5,93,,110,84,6,8,8,8,0.7,0.7
2024-06-13T0000,3362A,120.5014,36.4034,青岛市,即墨2号,,17,13,19,6,8,54,,112,73,14,11,6,6,0.4,0.4
2024-06-13T0000,3642A,120.3503,36.0736,青岛市,市北区南部,,28,16,12,9,6,88,,104,84,9,7,5,6,0.4,0.7
2024-06-13T0000,3643A,120.3948,36.1805,青岛市,李沧区北部,,23,,12,14,10,71,,85,68,4,9,9,9,0.4,0.4
2024-06-13T0000,1702A,113.0426,23.691,清远市,环保大楼,,21,21,34,12,15,46,,102,74,11,16,5,7,0.5,0.6
2024-06-13T0000,1703A,113.0208,23.7106,清远市,凤城街办,,24,24,35,12,19,35,,95,67,16,17,1,3,0.5,0.5
2024-06-13T0000,3025A,113.0477,23.6344,清远市,技师学院,,25,25,32,16,19,44,,120,90,21,16,4,4,0.6,0.5
2024-06-13T0000,3318A,112.9903,23.7403,清远市,清新太和,,16,16,36,11,21,37,,81,54,16,17,4,4,0.5,0.6
2024-06-13T0000,3455A,113.076,23.7198,清远市,清城东城,,20,20,33,9,18,51,,107,77,11,14,5,5,0.4,0.4
2024-06-13T0000,2661A,107.6325,35.7357,庆阳市,庆阳五中,,49,49,55,14,18,130,,168,142,12,12,3,3,0.2,0.3
2024-06-13T0000,2662A,107.6364,35.7067,庆阳市,市环保局,颗粒物(PM10),86,121,53,14,13,128,,167,141,11,11,4,5,0.4,0.4
2024-06-13T0000,1916A,103.7897,25.5035,曲靖市,环境监测站,,27,27,21,14,13,40,,119,96,24,12,3,5,0.9,0.9
2024-06-13T0000,1917A,103.8,25.5364,曲靖市,烟厂办公区,,42,42,23,26,12,52,,118,100,31,12,4,4,1.9,0.8
2024-06-13T0000,3376A,103.7947,25.462,曲靖市,南苑二区,,31,31,18,15,11,57,,121,99,11,12,4,6,0.8,0.8
2024-06-13T0000,3377A,103.7444,25.5261,曲靖市,曲靖师范学院,细颗粒物(PM2.5),53,,19,37,14,52,,121,99,27,17,37,12,1.3,0.8
2024-06-13T0000,1264A,118.8692,28.9398,衢州市,环保大楼,,,31,18,18,12,,,64,50,21,14,4,3,0.6,0.5
2024-06-13T0000,1265A,118.8709,28.9666,衢州市,实验学校,,30,30,19,15,13,13,,79,52,27,13,5,5,0.3,0.3
2024-06-13T0000,1266A,118.8621,28.9808,衢州市,衢州学院,,25,25,16,15,13,2,,84,49,27,15,4,6,0.6,0.5
2024-06-13T0000,1611A,118.5819,24.9117,泉州市,涂山街,,,34,35,,15,26,,81,40,22,16,3,3,0.4,0.5
2024-06-13T0000,1612A,118.5972,24.8978,泉州市,津头埔,,38,33,31,26,16,24,,73,40,26,19,1,2,0.6,0.5
2024-06-13T0000,1613A,118.6663,24.9424,泉州市,万安,,33,29,28,23,16,29,,84,39,15,15,2,2,0.4,0.4
2024-06-13T0000,1614A,118.6117,24.9604,泉州市,清源山,,,,,,,,,,,,,,,,
2024-06-13T0000,3529A,118.6333,24.9264,泉州市,城华南路,,39,39,29,11,10,21,,76,40,23,16,2,2,0.3,0.3
2024-06-13T0000,2626A,88.8876,29.2718,日喀则市,日喀则监测站,,36,20,12,7,5,115,,131,126,6,7,7,6,0.5,0.5
2024-06-13T0000,3726A,88.8781,29.2426,日喀则市,林业技术推广中心,,36,20,13,6,3,114,,128,127,5,6,4,4,0.5,0.5
2024-06-13T0000,1659A,119.471,35.4209,日照市,监测站,,24,14,36,10,21,75,,116,65,13,25,9,10,0.3,0.5
2024-06-13T0000,1660A,119.523,35.4216,日照市,市政府广场,,25,14,36,3,14,78,,110,75,5,18,9,10,0.4,0.6
2024-06-13T0000,1661A,119.5587,35.4044,日照市,港务局,,27,14,25,3,8,84,,94,81,4,13,7,8,0.4,0.5
2024-06-13T0000,3507A,119.5328,35.4625,日照市,职业技术学院,,26,14,34,9,16,81,,108,81,9,14,8,8,0.5,0.6
2024-06-13T0000,3604A,119.3266,35.1044,日照市,岚山环保分局,,44,44,37,3,17,51,,122,72,26,15,8,7,0.6,0.6
2024-06-13T0000,1835A,111.1922,34.7752,三门峡市,市政府,颗粒物(PM10),58,66,68,30,25,58,,194,139,63,37,10,13,0.5,0.6
2024-06-13T0000,1836A,111.1587,34.7942,三门峡市,开发区,颗粒物(PM10),62,74,77,34,35,110,,208,160,23,18,17,15,0.7,0.7
2024-06-13T0000,1838A,111.143,34.7955,三门峡市,风景区,,,,,,,,,,,,,,,,
2024-06-13T0000,3039A,111.1911,34.7829,三门峡市,三门峡市第一小学,细颗粒物(PM2.5),67,54,67,48,24,77,,208,145,46,26,11,14,0.7,0.6
2024-06-13T0000,3598A,111.1,34.7167,三门峡市,富达温泉假日酒店,颗粒物(PM10),51,51,89,18,26,94,,194,136,24,29,12,18,0.4,0.5
2024-06-13T0000,2324A,117.6211,26.2625,三明市,三钢,,9,,32,6,25,24,,57,36,15,16,5,14,0.6,1.5
2024-06-13T0000,2325A,117.635,26.2714,三明市,三明二中,,13,,29,9,18,29,,59,38,13,15,5,8,0.8,0.8
2024-06-13T0000,2326A,117.6028,26.2378,三明市,三元区政府,,15,14,40,10,25,18,,52,30,24,16,2,6,0.8,0.6
2024-06-13T0000,2327A,117.7275,26.3108,三明市,洋溪,,,,,,,,,,,,,,,,
2024-06-13T0000,1876A,109.5078,18.2489,三亚市,河东子站,,21,19,21,7,9,66,,73,70,5,7,3,4,0.3,0.4
2024-06-13T0000,1877A,109.4964,18.2681,三亚市,河西子站,,19,19,20,13,9,48,,73,67,8,7,3,2,0.3,0.3
2024-06-13T0000,3540A,109.7348,18.3443,三亚市,君悦子站,,20,20,25,10,7,32,,67,54,15,9,2,2,0.3,0.3
2024-06-13T0000,2624A,91.7608,29.2313,山南市,山南监测站,,38,,14,8,6,121,,131,130,2,5,5,6,0.3,0.3
2024-06-13T0000,2625A,91.7706,29.2436,山南市,山南人民医院,,38,10,23,6,8,121,,130,129,6,8,6,6,0.2,0.2
2024-06-13T0000,1674A,116.6794,23.3667,汕头市,金平子站,,26,26,21,12,9,49,,68,55,7,8,2,2,0.6,0.6
2024-06-13T0000,1675A,116.7244,23.3633,汕头市,龙湖子站,,24,24,19,3,7,45,,62,52,9,9,5,5,0.8,0.7
2024-06-13T0000,1676A,116.7258,23.2775,汕头市,濠江子站,,21,21,24,3,11,55,,69,58,6,5,4,4,0.7,0.7
2024-06-13T0000,1677A,116.7519,23.4714,汕头市,澄海子站,,22,22,23,11,10,49,,74,56,9,8,4,4,0.7,0.7
2024-06-13T0000,1678A,116.6092,23.2539,汕头市,潮阳子站,,28,28,19,3,9,51,,64,56,3,3,4,4,0.5,0.5
2024-06-13T0000,3444A,116.454,23.2684,汕头市,潮南峡山,,24,24,19,6,9,43,,57,48,6,6,4,4,0.7,0.7
2024-06-13T0000,3624A,116.4069,23.2533,汕头市,潮南子站,,25,25,24,12,10,48,,60,51,3,3,6,6,0.6,0.6
2024-06-13T0000,1693A,115.3653,22.775,汕尾市,市环保局,,23,23,25,8,8,53,,72,62,5,3,4,4,0.5,0.7
2024-06-13T0000,1694A,115.3706,22.7898,汕尾市,市政府,,24,24,22,9,12,53,,73,62,4,2,7,7,0.5,0.6
2024-06-13T0000,1695A,115.3622,22.7925,汕尾市,新城中学,,24,24,30,11,10,56,,81,69,7,4,4,4,0.4,0.4
2024-06-13T0000,2645A,109.9154,33.8715,商洛市,监测站,颗粒物(PM10),51,51,38,19,16,52,,161,91,14,13,4,5,0.4,0.4
2024-06-13T0000,3045A,109.9643,33.8471,商洛市,商州区中学,,40,40,45,14,16,28,,156,86,46,21,8,8,0.5,0.5
2024-06-13T0000,2408A,115.6702,34.4285,商丘市,环境监测站,颗粒物(PM10),61,72,56,24,23,133,,209,185,18,10,9,12,0.3,0.3
2024-06-13T0000,2409A,115.6458,34.4045,商丘市,粮食局,,,33,49,26,22,,,208,,15,9,4,7,0.3,0.3
2024-06-13T0000,2410A,115.6293,34.3948,商丘市,睢阳区环保局,颗粒物(PM10),65,79,58,25,26,134,,210,184,13,10,6,9,0.3,0.3
2024-06-13T0000,3171A,115.6071,34.4465,商丘市,梁园区档案局,颗粒物(PM10),52,53,57,23,31,143,,217,194,16,13,8,10,0.3,0.3
2024-06-13T0000,1141A,121.4,31.238,上海市,普陀,细颗粒物(PM2.5),58,56,33,41,24,56,,124,98,38,25,4,4,0.5,0.5
2024-06-13T0000,1142A,121.478,31.2036,上海市,十五厂,细颗粒物(PM2.5),62,48,32,44,26,71,,112,90,26,26,6,6,0.7,0.6
2024-06-13T0000,1143A,121.467,31.3008,上海市,虹口,,49,43,29,34,23,61,,86,63,24,26,10,10,0.5,0.5
2024-06-13T0000,1144A,121.412,31.1654,上海市,徐汇上师大,细颗粒物(PM2.5),74,67,36,54,31,65,,129,105,28,27,8,8,0.6,0.6
2024-06-13T0000,1145A,121.536,31.2659,上海市,杨浦四漂,,48,48,32,31,22,63,,82,60,24,30,6,6,0.7,0.7
2024-06-13T0000,1147A,121.425,31.2261,上海市,静安监测站,细颗粒物(PM2.5),65,56,34,47,29,63,,119,94,29,25,8,8,0.6,0.5
2024-06-13T0000,1148A,121.703,31.1907,上海市,浦东川沙,,36,33,22,25,18,64,,83,69,26,20,6,6,0.6,0.5
2024-06-13T0000,1149A,121.533,31.2284,上海市,浦东新区监测站,,48,37,25,33,20,68,,90,67,28,28,7,7,0.6,0.6
2024-06-13T0000,1150A,121.577,31.2071,上海市,浦东张江,细颗粒物(PM2.5),53,42,30,37,22,81,,95,78,20,24,5,5,0.8,0.7
2024-06-13T0000,3265A,121.4316,31.3322,上海市,宝山庙行,,48,39,28,33,22,61,,89,65,18,23,7,7,0.6,0.7
2024-06-13T0000,3266A,121.8791,31.4662,上海市,崇明上实东滩,,25,13,12,12,11,79,,100,85,8,14,8,8,0.6,0.6
2024-06-13T0000,3268A,121.3162,31.2838,上海市,嘉定南翔,颗粒物(PM10),56,62,31,38,24,31,,115,63,46,33,5,5,0.8,0.7
2024-06-13T0000,3269A,121.3359,30.7456,上海市,金山新城,,33,23,27,23,25,77,,149,130,19,13,6,7,0.5,0.5
2024-06-13T0000,3270A,121.4996,31.0739,上海市,闵行浦江,细颗粒物(PM2.5),77,57,28,56,27,81,,121,103,16,20,5,5,0.7,0.6
2024-06-13T0000,3271A,121.2886,31.1663,上海市,青浦徐泾,细颗粒物(PM2.5),80,70,36,59,32,44,,145,118,40,23,6,5,0.6,0.5
2024-06-13T0000,3272A,121.2186,31.0378,上海市,松江图书馆,细颗粒物(PM2.5),84,62,39,62,38,82,,170,139,24,22,6,6,0.7,0.7
2024-06-13T0000,3273A,121.3902,31.2059,上海市,长宁仙霞,细颗粒物(PM2.5),62,62,36,44,23,54,,125,104,33,26,8,8,0.9,0.8
2024-06-13T0000,3274A,121.7965,31.0507,上海市,浦东惠南,,48,,21,33,19,91,,88,82,9,15,6,6,0.6,0.6
2024-06-13T0000,3544A,121.4891,30.925,上海市,奉贤南桥新城,细颗粒物(PM2.5),78,,27,57,27,106,,115,105,14,22,5,9,0.6,0.6
2024-06-13T0000,2381A,118.005,28.4572,上饶市,百草园,,21,21,20,12,12,35,,46,39,10,8,4,6,0.8,0.8
2024-06-13T0000,2382A,117.9756,28.4436,上饶市,市监测站,,20,20,39,8,10,38,,61,48,6,9,6,8,0.6,0.6
2024-06-13T0000,2383A,117.9519,28.4628,上饶市,凤凰光学,,19,19,20,10,9,12,,64,44,31,11,3,8,0.8,0.8
2024-06-13T0000,3413A,118.1953,28.4401,上饶市,广丰区教体局,,29,,15,20,8,27,,72,49,5,7,5,4,0.6,0.7
2024-06-13T0000,3685A,117.897,28.4315,上饶市,双创科技城,,27,27,27,16,14,32,,61,49,16,13,1,14,0.6,0.9
2024-06-13T0000,1669A,113.5824,24.7733,韶关市,市八中,,21,19,34,10,18,66,,87,73,10,10,20,16,0.6,0.6
2024-06-13T0000,1671A,113.5917,24.7972,韶关市,园林处,,19,17,24,9,16,59,,77,67,10,9,10,10,0.6,0.7
2024-06-13T0000,1672A,113.6735,24.7791,韶关市,韶关学院,,24,20,25,6,10,75,,80,75,15,10,16,13,0.8,0.9
2024-06-13T0000,1673A,113.5971,24.6863,韶关市,曲江监测站,,23,11,26,3,16,71,,83,74,9,9,8,7,0.4,0.4
2024-06-13T0000,3622A,113.5556,24.8082,韶关市,碧湖山庄,,22,12,28,8,15,68,,87,74,8,10,8,9,0.3,0.4
2024-06-13T0000,2462A,111.5239,27.3033,邵阳市,市水土所,,14,6,11,3,5,44,,52,48,2,3,4,4,0.4,0.4
2024-06-13T0000,2463A,111.4733,27.2317,邵阳市,市一中,,21,6,15,3,10,65,,65,65,5,8,5,6,0.5,0.5
2024-06-13T0000,2464A,111.5283,27.2442,邵阳市,市化工厂,,21,6,14,3,8,66,,66,65,3,8,6,6,0.5,0.6
2024-06-13T0000,2465A,111.4503,27.2537,邵阳市,市罐头厂,,19,6,13,3,6,60,,61,61,6,10,5,5,0.3,0.4
2024-06-13T0000,2466A,111.4328,27.2272,邵阳市,市环保局,,19,,12,3,9,60,,60,60,4,8,4,4,0.1,0.2
2024-06-13T0000,1247A,120.6053,29.9928,绍兴市,城东开发委,,16,16,21,8,15,39,,101,67,19,17,5,5,0.7,0.7
2024-06-13T0000,2921A,120.5483,30.0003,绍兴市,树下王站,,20,17,19,11,15,62,,105,85,10,15,4,4,0.7,0.8
2024-06-13T0000,3408A,120.5683,29.9361,绍兴市,绍兴中专,,16,16,16,10,12,18,,100,58,24,15,7,7,0.5,0.6
2024-06-13T0000,3409A,120.4906,30.0861,绍兴市,柯桥区政府,,28,28,24,14,13,69,,105,89,17,18,5,5,0.5,0.6
2024-06-13T0000,3410A,120.8752,30.0249,绍兴市,重华小学,,18,14,21,8,18,55,,108,89,17,15,7,7,0.8,0.9
2024-06-13T0000,3411A,120.8369,30.0137,绍兴市,上虞中学,,18,15,22,10,17,55,,101,80,18,20,13,11,0.6,0.6
2024-06-13T0000,3560A,120.4722,30.0415,绍兴市,柯桥妇保,,26,26,25,12,15,64,,104,83,22,19,6,6,0.8,0.8
2024-06-13T0000,3658A,120.6153,30.0764,绍兴市,袍江中学,,20,20,20,10,13,64,,116,93,18,22,8,8,0.8,0.7
2024-06-13T0000,1356A,114.1063,22.5545,深圳市,通心岭子站,,16,16,20,7,10,25,,56,28,22,15,5,5,0.6,0.6
2024-06-13T0000,1357A,114.117,22.5625,深圳市,洪湖,,21,21,24,7,10,34,,60,34,19,16,6,5,0.4,0.4
2024-06-13T0000,1358A,113.987,22.5417,深圳市,华侨城,,18,18,21,3,10,52,,59,48,8,9,3,4,0.3,0.4
2024-06-13T0000,1359A,113.9181,22.5171,深圳市,南海子站,,26,26,28,12,13,40,,54,42,22,18,6,6,0.6,0.6
2024-06-13T0000,1360A,114.2458,22.5689,深圳市,盐田,,23,23,26,9,13,1,,41,12,37,28,5,5,0.6,0.6
2024-06-13T0000,1361A,114.2283,22.7244,深圳市,龙岗,,16,16,20,7,9,20,,65,32,29,21,4,3,0.5,0.5
2024-06-13T0000,1363A,114.494,22.5422,深圳市,南澳,,24,24,24,13,10,32,,70,44,6,3,5,5,0.4,0.4
2024-06-13T0000,1364A,114.41,22.6342,深圳市,葵涌,,25,22,23,17,12,20,,75,38,13,10,4,4,0.5,0.5
2024-06-13T0000,1365A,114.297,22.5978,深圳市,梅沙,,19,19,23,3,8,13,,57,24,8,9,3,3,0.3,0.4
2024-06-13T0000,1366A,114.0678,22.738,深圳市,观澜,,23,23,29,9,13,38,,58,40,12,12,7,7,0.5,0.5
2024-06-13T0000,3305A,114.0731,22.559,深圳市,莲花,,19,19,20,9,9,22,,46,22,14,11,5,5,0.5,0.5
2024-06-13T0000,3306A,114.0261,22.6198,深圳市,民治,,18,18,18,9,11,35,,44,35,13,10,4,4,0.5,0.5
2024-06-13T0000,3307A,114.1871,22.6451,深圳市,横岗,,17,16,21,7,11,19,,61,28,33,26,4,5,0.4,0.4
2024-06-13T0000,3447A,114.3551,22.7151,深圳市,坪山,,18,18,19,9,10,15,,64,31,22,13,3,3,0.6,0.5
2024-06-13T0000,3623A,113.8953,22.5861,深圳市,西乡,,29,29,28,9,9,39,,56,42,18,14,5,5,0.5,0.5
2024-06-13T0000,1098A,123.6836,41.9339,沈阳市,森林路,,,,,,,,,,,,,,,,
2024-06-13T0000,1099A,123.505,41.7406,沈阳市,浑南东路,,45,45,31,21,16,67,,202,,45,28,10,13,1.3,1
2024-06-13T0000,1100A,123.4231,41.6989,沈阳市,新秀街,,30,30,30,17,15,92,,182,,28,21,7,13,0.6,0.8
2024-06-13T0000,1102A,123.5903,41.8411,沈阳市,东陵路,,30,30,40,17,19,94,,211,147,23,21,10,12,0.7,1
2024-06-13T0000,1103A,123.4264,41.8467,沈阳市,陵东街,,31,28,27,17,16,98,,199,153,24,19,8,10,0.7,0.9
2024-06-13T0000,1104A,123.4114,41.7653,沈阳市,文化路,,35,30,34,18,22,111,,196,,18,17,6,10,0.4,0.7
2024-06-13T0000,1105A,123.4678,41.7867,沈阳市,小河沿,,36,36,33,18,17,78,,186,,34,21,8,10,1.2,0.9
2024-06-13T0000,1106A,123.4017,41.7972,沈阳市,太原街,,,,29,,16,,,188,,,19,,10,,0.7
2024-06-13T0000,1108A,123.3783,41.9228,沈阳市,京沈街,,34,28,36,15,21,108,,199,,16,17,12,14,0.9,0.8
2024-06-13T0000,2897A,123.2444,41.7347,沈阳市,沈辽西路,颗粒物(PM10),54,57,38,20,18,56,,184,,46,23,16,11,1.2,0.9
2024-06-13T0000,2900A,123.5953,41.9086,沈阳市,裕农路,,32,26,32,22,19,90,,209,143,26,21,8,9,0.8,0.9
2024-06-13T0000,2428A,111.0419,32.395,十堰市,武当山,,37,20,17,3,10,117,,123,121,18,16,12,12,0.6,0.7
2024-06-13T0000,2429A,110.78,32.6494,十堰市,滨河新村,,34,34,29,21,21,42,,125,90,28,11,7,5,0.4,0.5
2024-06-13T0000,2430A,110.7258,32.6389,十堰市,刘家沟,,,,35,17,18,62,,112,,,9,7,5,0.6,0.7
2024-06-13T0000,2431A,110.8839,32.5714,十堰市,铁二处,,29,29,23,18,17,63,,146,110,6,6,5,5,0.7,0.7
2024-06-13T0000,3545A,110.8054,32.8401,十堰市,郧阳区金沙路,,34,34,20,21,15,69,,121,109,10,7,8,9,0.7,0.7
2024-06-13T0000,2709A,86.0497,44.2967,石河子市,艾青诗歌馆,,48,48,33,9,15,103,,123,109,10,13,5,5,0.3,0.3
2024-06-13T0000,2710A,86.0697,44.3075,石河子市,阳光学校,颗粒物(PM10),54,58,36,12,12,102,,122,110,7,8,5,7,0.3,0.4
2024-06-13T0000,3442A,86.047,44.2331,石河子市,南区管委会,,50,50,32,3,11,110,,120,108,2,5,6,6,0.3,0.3
2024-06-13T0000,1029A,114.4422,38.0444,石家庄市,职工医院,颗粒物(PM10),59,68,74,27,31,125,,242,184,26,22,9,7,0.7,0.5
2024-06-13T0000,1030A,114.6063,38.0266,石家庄市,高新区,颗粒物(PM10),60,70,78,25,36,147,,236,190,22,20,5,6,0.6,0.6
2024-06-13T0000,1031A,114.4898,38.1328,石家庄市,西北水源,颗粒物(PM10),97,143,83,39,30,39,,217,144,88,27,6,7,0.6,0.5
2024-06-13T0000,1032A,114.4586,38.0058,石家庄市,西南高教,颗粒物(PM10),75,99,81,31,26,112,,232,184,40,23,8,6,0.7,0.5
2024-06-13T0000,1033A,114.5331,38.0178,石家庄市,世纪公园,颗粒物(PM10),60,70,73,26,26,129,,220,176,26,19,8,6,0.7,0.5
2024-06-13T0000,1034A,114.509,38.0457,石家庄市,人民会堂,颗粒物(PM10),66,81,74,40,35,143,,241,196,24,20,7,4,0.7,0.5
2024-06-13T0000,1035A,114.3524,37.8911,石家庄市,封龙山,臭氧1小时,107,40,48,18,19,214,,216,216,6,8,10,10,0.7,0.5
2024-06-13T0000,2862A,114.5481,38.0378,石家庄市,22中南校区,颗粒物(PM10),75,99,96,34,31,130,,230,183,29,22,14,7,0.7,0.6
2024-06-13T0000,3456A,114.289,38.0906,石家庄市,鹿泉一中,颗粒物(PM10),67,84,79,29,28,135,,227,167,16,20,3,6,0.5,0.5
2024-06-13T0000,3573A,114.8506765,38.0322033,石家庄市,藁城区实验学校,颗粒物(PM10),79,108,116,56,32,134,,231,180,27,21,9,7,0.5,0.5
2024-06-13T0000,3574A,114.0504658,38.0591645,石家庄市,井陉矿区区委大楼,,44,41,53,22,21,138,,214,162,17,32,7,11,0.6,0.5
2024-06-13T0000,4024A,114.6549,37.9020,石家庄市,栾城区星河路,颗粒物(PM10),87,124,91,40,32,123,,226,194,35,23,9,8,0.6,0.6
2024-06-13T0000,1947A,106.3394,38.817,石嘴山市,沙湖旅游区,颗粒物(PM10),63,75,72,14,16,95,,162,118,21,30,15,16,0.5,0.6
2024-06-13T0000,1948A,106.3668,39.0145,石嘴山市,大武口朝阳西街,颗粒物(PM10),69,87,85,18,30,82,,167,121,43,37,20,39,0.5,1.1
2024-06-13T0000,1949A,106.7704,39.2282,石嘴山市,惠农南大街,颗粒物(PM10),61,72,75,21,19,29,,153,93,69,43,24,27,0.7,0.8
2024-06-13T0000,1950A,106.7099,39.1325,石嘴山市,红果子镇惠新街,颗粒物(PM10),70,90,79,30,31,36,,153,102,79,52,12,17,0.6,0.7
2024-06-13T0000,3520A,106.3495,38.9836,石嘴山市,妇女儿童医院,颗粒物(PM10),72,94,73,28,26,71,,152,109,41,39,47,38,1.0,1.4
2024-06-13T0000,3521A,106.7492,39.2069,石嘴山市,石大公路,颗粒物(PM10),60,69,61,34,34,10,,150,80,94,48,12,13,0.6,0.7
2024-06-13T0000,2248A,131.1511,46.6937,双鸭山市,双合村,,39,39,21,9,6,6,,59,44,20,8,10,7,1.1,0.1
2024-06-13T0000,2249A,131.1652,46.6191,双鸭山市,南小市,,25,,18,17,9,16,,65,44,8,8,6,6,0.1,0.1
2024-06-13T0000,2250A,131.1524,46.6554,双鸭山市,环保局,颗粒物(PM10),51,51,27,32,19,4,,55,40,20,9,8,7,1.3,0.1
2024-06-13T0000,2251A,131.12,46.5656,双鸭山市,苗圃,,20,18,17,14,13,20,,54,32,5,7,3,3,0.2,0.2
2024-06-13T0000,2166A,112.4397,39.3522,朔州市,平朔,颗粒物(PM10),68,86,95,42,28,49,,165,112,40,38,7,11,0.7,0.6
2024-06-13T0000,2167A,112.4575,39.3617,朔州市,朔唯,颗粒物(PM10),104,158,122,38,27,59,,162,108,33,40,11,14,0.5,0.5
2024-06-13T0000,2168A,112.4258,39.3197,朔州市,区政府,颗粒物(PM10),53,55,85,13,28,116,,168,134,17,37,6,13,0.5,0.6
2024-06-13T0000,2169A,112.4072,39.3278,朔州市,市环保局,颗粒物(PM10),71,91,94,35,33,49,,168,115,51,34,16,18,0.6,0.6
2024-06-13T0000,2170A,112.4272,39.3681,朔州市,市二中,"颗粒物(PM10),细颗粒物(PM2.5)",89,127,109,66,36,44,,173,116,61,42,12,18,0.4,0.6
2024-06-13T0000,3571A,112.2931,39.53,朔州市,一水厂,颗粒物(PM10),75,99,83,32,26,26,,155,109,76,34,7,25,0.4,0.4
2024-06-13T0000,2225A,124.4002,43.1713,四平市,一商场,,28,28,37,15,24,70,,141,102,56,48,9,6,0.2,0.4
2024-06-13T0000,2226A,124.388,43.193,四平市,境园,颗粒物(PM10),53,56,36,24,20,38,,138,78,64,39,7,6,0.3,0.4
2024-06-13T0000,3486A,124.4036,43.1411,四平市,植物园,,25,25,34,9,20,58,,136,100,49,50,4,5,0.2,0.3
2024-06-13T0000,3713A,124.3419,43.1666,四平市,世纪城,,28,25,33,19,24,76,,143,115,49,47,7,7,0.2,0.3
2024-06-13T0000,2233A,124.8006,45.1214,松原市,江南,,29,28,22,17,12,92,,130,118,26,14,6,4,0.4,0.4
2024-06-13T0000,2234A,124.7965,45.1722,松原市,江北,,26,22,17,15,11,83,,118,94,18,18,4,4,0.4,0.4
2024-06-13T0000,1160A,120.561,31.2472,苏州市,上方山,颗粒物(PM10),51,52,34,30,22,65,,157,120,24,12,6,6,0.9,0.8
2024-06-13T0000,1162A,120.591,31.3019,苏州市,彩香,细颗粒物(PM2.5),80,79,41,59,30,86,,148,124,20,14,7,7,0.8,0.7
2024-06-13T0000,1163A,120.596,31.3264,苏州市,轧钢厂,细颗粒物(PM2.5),92,86,45,68,33,88,,172,140,29,19,6,6,0.9,0.7
2024-06-13T0000,1164A,120.613,31.2703,苏州市,吴中区,细颗粒物(PM2.5),79,84,47,58,30,97,,182,147,27,23,8,8,0.7,0.6
2024-06-13T0000,1165A,120.543,31.2994,苏州市,苏州新区,细颗粒物(PM2.5),97,96,50,72,34,85,,169,117,40,28,8,7,0.8,0.6
2024-06-13T0000,1166A,120.669,31.3097,苏州市,苏州工业园区,细颗粒物(PM2.5),78,95,44,57,28,88,,172,138,22,12,8,8,0.8,0.6
2024-06-13T0000,1167A,120.641,31.3708,苏州市,相城区,细颗粒物(PM2.5),58,47,38,41,27,8,,180,107,77,21,10,8,0.9,0.7
2024-06-13T0000,3289A,120.743,31.3188,苏州市,方洲路,细颗粒物(PM2.5),83,67,37,61,28,90,,192,130,27,17,14,8,0.9,0.7
2024-06-13T0000,3290A,120.5031,31.2774,苏州市,木渎中学,,42,39,30,29,22,62,,152,104,18,14,7,7,0.8,0.7
2024-06-13T0000,3425A,120.624,31.1733,苏州市,越秀幼儿园,细颗粒物(PM2.5),72,66,37,52,31,81,,154,129,29,12,8,8,0.8,0.7
2024-06-13T0000,3431A,120.6505,31.416,苏州市,高铁新城,,38,38,28,22,18,22,,181,114,52,22,8,7,0.8,0.8
2024-06-13T0000,1220A,118.293,33.9528,宿迁市,宿迁学院,颗粒物(PM10),78,106,77,47,38,123,,211,179,31,19,7,5,1.1,1.1
2024-06-13T0000,1221A,118.2442,33.9592,宿迁市,宿迁中学,颗粒物(PM10),68,85,62,41,33,115,,207,177,20,15,7,7,1.0,1
2024-06-13T0000,2996A,118.283,33.965,宿迁市,市供电局,颗粒物(PM10),67,84,59,40,37,123,,224,192,21,13,6,4,1.2,1.2
2024-06-13T0000,3191A,118.3225,33.9447,宿迁市,宿豫区政府,颗粒物(PM10),64,78,67,37,38,97,,210,182,22,14,5,5,1.0,1.1
2024-06-13T0000,3187A,116.9509,33.666,宿州市,远航博物馆,颗粒物(PM10),60,69,52,22,22,146,,218,192,9,8,6,7,0.3,0.3
2024-06-13T0000,3463A,116.9708,33.591,宿州市,社会福利中心,颗粒物(PM10),66,81,61,22,28,130,,198,165,13,14,5,5,0.3,0.3
2024-06-13T0000,3634A,116.9884,33.6305,宿州市,宿州学院,颗粒物(PM10),66,82,57,17,20,143,,206,179,11,10,5,6,0.2,0.2
2024-06-13T0000,3701A,116.9648,33.6252,宿州市,皖北煤电集团,颗粒物(PM10),61,71,54,28,31,146,,218,188,9,11,7,8,0.4,0.5
2024-06-13T0000,2266A,126.9785,46.6365,绥化市,人和东街,,16,15,16,10,9,51,,99,81,13,14,6,6,0.4,0.4
2024-06-13T0000,2267A,126.964,46.6528,绥化市,党政办公中心,,17,16,14,11,8,54,,97,81,11,10,5,5,0.4,0.4
2024-06-13T0000,2451A,113.3583,31.7275,随州市,市委党校,,31,24,37,17,25,98,,135,116,2,6,9,9,0.6,0.6
2024-06-13T0000,2452A,113.3833,31.6908,随州市,市林业局,,31,18,32,15,26,99,,135,124,2,5,7,7,0.6,0.7
2024-06-13T0000,2453A,113.3983,31.7308,随州市,市立交桥水厂,,33,21,37,16,26,104,,141,121,2,8,6,6,0.5,0.6
2024-06-13T0000,2527A,105.5453,30.5678,遂宁市,石溪浩,,41,41,43,19,15,64,,135,111,23,17,8,9,0.6,0.6
2024-06-13T0000,2528A,105.5582,30.5232,遂宁市,市监测站,,35,35,28,13,11,78,,124,106,14,12,7,7,0.4,0.4
2024-06-13T0000,2529A,105.5861,30.5366,遂宁市,行政中心,,29,23,31,17,13,90,,136,124,16,12,20,12,0.5,0.5
2024-06-13T0000,2530A,105.5918,30.4728,遂宁市,美宁食品公司,,37,37,28,18,14,62,,119,99,22,17,10,9,0.4,0.4
2024-06-13T0000,2706A,82.9994,46.7432,塔城地区,东门外小游园,,,21,58,16,10,,,79,70,5,5,6,5,0.4,0.1
2024-06-13T0000,1255A,121.273,28.6459,台州市,黄岩环保大楼,,33,30,17,23,12,41,,69,37,9,17,6,6,0.5,0.6
2024-06-13T0000,1256A,121.419,28.6542,台州市,台州环保大楼,颗粒物(PM10),56,61,27,27,15,48,,86,52,14,20,6,6,0.6,0.6
2024-06-13T0000,1257A,121.377,28.5773,台州市,路桥田洋王,,43,43,22,23,17,56,,85,62,9,17,7,8,0.2,0.4
2024-06-13T0000,3564A,121.2568,28.6681,台州市,台州科技职业学院,,23,23,19,13,10,20,,71,35,34,30,6,6,0.7,0.6
2024-06-13T0000,1081A,112.522,37.8873,太原市,尖草坪,颗粒物(PM10),64,77,66,33,25,72,,214,151,52,33,7,14,0.5,0.6
2024-06-13T0000,1083A,112.434,38.0108,太原市,上兰,,,,,,,,,,,,,,,,
2024-06-13T0000,1084A,112.469,37.7124,太原市,晋源,颗粒物(PM10),63,76,74,30,31,78,,210,149,61,39,6,12,0.4,0.5
2024-06-13T0000,1085A,112.5583,37.7394,太原市,小店,颗粒物(PM10),55,60,64,16,23,88,,218,165,62,40,4,10,0.5,0.6
2024-06-13T0000,1086A,112.5369,37.8692,太原市,桃园,颗粒物(PM10),58,66,68,23,26,80,,213,154,42,36,7,13,0.4,0.5
2024-06-13T0000,1087A,112.57,37.8195,太原市,坞城,颗粒物(PM10),59,68,63,29,22,91,,218,166,49,35,4,12,0.5,0.5
2024-06-13T0000,1088A,112.549,37.9854,太原市,南寨,,50,50,63,13,24,59,,194,133,36,35,6,13,0.3,0.7
2024-06-13T0000,3618A,112.4719,37.7831,太原市,金胜,,46,46,68,17,26,129,,216,163,24,29,5,10,0.3,0.4
2024-06-13T0000,4010A,112.5608,37.8807,太原市,育英中学,颗粒物(PM10),53,55,55,20,23,79,,207,152,42,32,9,12,0.6,0.5
2024-06-13T0000,1656A,117.1437,36.1937,泰安市,监测站,,40,24,69,13,24,128,,219,184,21,14,11,13,0.5,0.5
2024-06-13T0000,1657A,117.0885,36.2017,泰安市,人口学校,细颗粒物(PM2.5),72,,67,52,41,134,,228,194,9,7,8,10,0.2,0.5
2024-06-13T0000,1658A,117.1089,36.1758,泰安市,电力学校,,40,27,70,18,20,127,,217,175,13,11,11,13,0.4,0.3
2024-06-13T0000,3502A,117.1812,36.2275,泰安市,国网新校,,36,32,65,14,17,114,,228,187,16,9,9,12,0.4,0.5
2024-06-13T0000,3503A,117.0313,36.2018,泰安市,交通技校,,47,20,61,8,29,150,,235,202,16,17,10,12,0.2,0.4
2024-06-13T0000,3504A,117.0829,36.13,泰安市,山东第一医科大学,,40,34,77,14,23,127,,232,189,23,17,13,13,0.4,0.4
2024-06-13T0000,1206A,119.905,32.4878,泰州市,公园路,,29,29,44,17,31,63,,158,115,16,18,8,8,0.6,0.7
2024-06-13T0000,1207A,119.9189,32.4625,泰州市,莲花,,25,22,37,17,26,66,,157,115,13,15,8,8,0.5,0.4
2024-06-13T0000,1209A,119.888,32.4639,泰州市,留学生创业园,,26,26,31,15,25,64,,151,110,12,13,7,7,0.6,0.7
2024-06-13T0000,2997A,119.8767,32.3289,泰州市,王营,,28,22,29,19,24,60,,186,134,18,19,9,8,0.5,0.6
2024-06-13T0000,3295A,120.1259,32.5099,泰州市,姜堰区政府广场,,19,19,26,11,17,58,,141,100,16,16,12,13,0.6,0.6
2024-06-13T0000,3435A,119.9192,32.4322,泰州市,周山河街区,,26,20,28,18,30,59,,159,114,13,13,8,8,0.5,0.5
2024-06-13T0000,1037A,118.131,39.6363,唐山市,雷达站,颗粒物(PM10),70,89,76,39,37,116,,266,198,24,20,16,7,1.5,0.8
2024-06-13T0000,1038A,118.1725,39.6334,唐山市,物资局,颗粒物(PM10),67,84,72,41,31,112,,254,189,17,14,14,6,2.0,0.8
2024-06-13T0000,1040A,118.1705,39.6506,唐山市,十二中,颗粒物(PM10),62,74,68,39,34,104,,234,176,16,12,11,4,1.7,0.8
2024-06-13T0000,1041A,118.1869,39.622,唐山市,小山,颗粒物(PM10),70,89,78,35,24,107,,238,175,17,16,12,6,2.1,0.9
2024-06-13T0000,3457A,118.4359,39.2762,唐山市,冀东油田职工医院,颗粒物(PM10),57,63,61,18,21,80,,219,171,22,9,10,11,0.5,0.3
2024-06-13T0000,3575A,118.09279,39.58089,唐山市,正泰大街热力站,颗粒物(PM10),61,72,68,40,30,105,,249,184,15,16,7,4,1.8,0.9
2024-06-13T0000,3576A,118.1562,39.8322,唐山市,丰润区政府,颗粒物(PM10),70,89,82,47,34,119,,252,185,22,24,10,5,2.6,0.8
2024-06-13T0000,3577A,118.43673,39.73809,唐山市,金山小学,颗粒物(PM10),52,54,71,27,26,139,,246,188,13,15,21,11,0.7,0.9
2024-06-13T0000,3578A,118.24498,39.66941,唐山市,政府服务中心,颗粒物(PM10),69,87,105,36,40,118,,,,19,24,17,13,1.2,0.9
2024-06-13T0000,3692A,118.2059,39.6585,唐山市,消防缸窑路中队,颗粒物(PM10),59,68,70,32,27,128,,257,191,16,18,18,9,1.6,0.8
2024-06-13T0000,3693A,118.1436,39.6202,唐山市,路南电大,颗粒物(PM10),63,76,68,38,33,112,,247,183,14,16,10,6,1.7,0.8
2024-06-13T0000,1015A,117.1444,39.1661,天津市,勤俭道,颗粒物(PM10),89,127,77,63,34,149,,268,226,18,20,8,8,0.7,0.6
2024-06-13T0000,1017A,117.237,39.1082,天津市,大直沽八号路,细颗粒物(PM2.5),89,116,85,66,38,128,,238,196,22,25,8,10,0.7,0.6
2024-06-13T0000,1018A,117.202,39.0927,天津市,前进道,颗粒物(PM10),82,113,81,57,32,138,,252,210,25,25,8,10,0.9,0.8
2024-06-13T0000,1019A,117.1837,39.2133,天津市,淮河道,颗粒物(PM10),100,149,89,71,36,155,,269,222,16,24,13,10,1.0,0.8
2024-06-13T0000,1021A,117.307,39.0877,天津市,跃进路,颗粒物(PM10),80,110,82,58,31,139,,272,220,22,26,8,9,0.8,0.7
2024-06-13T0000,1023A,117.707,39.0343,天津市,第四大街,颗粒物(PM10),69,88,81,44,32,124,,222,173,24,37,2,3,0.6,0.6
2024-06-13T0000,1024A,117.457,38.8394,天津市,永明路,颗粒物(PM10),68,86,74,47,33,135,,240,197,20,19,4,7,0.7,0.6
2024-06-13T0000,1026A,117.764,39.1587,天津市,汉北路,颗粒物(PM10),61,71,68,39,30,105,,192,166,24,22,11,9,1.2,0.7
2024-06-13T0000,1027A,117.157,38.9194,天津市,团泊洼,颗粒物(PM10),66,81,68,47,30,131,,267,202,21,22,4,7,0.9,0.8
2024-06-13T0000,2858A,117.7918,39.2474,天津市,河西一经路,细颗粒物(PM2.5),73,65,58,53,34,122,,266,204,10,13,6,8,0.4,0.6
2024-06-13T0000,2859A,117.3747,38.9846,天津市,津沽路,颗粒物(PM10),78,105,82,56,34,125,,259,207,29,21,10,9,0.8,0.5
2024-06-13T0000,2860A,117.1589,39.0845,天津市,宾水西道,颗粒物(PM10),78,106,76,40,32,138,,247,211,28,20,5,7,0.8,0.7
2024-06-13T0000,2922A,117.1941,39.1067,天津市,大理道,细颗粒物(PM2.5),75,98,68,55,29,138,,242,208,21,21,4,5,0.7,0.6
2024-06-13T0000,3020A,117.2101,39.1699,天津市,中山北路,细颗粒物(PM2.5),108,154,87,81,37,151,,269,224,19,25,10,11,0.8,0.7
2024-06-13T0000,3051A,117.3876,39.1488,天津市,西四道,颗粒物(PM10),88,126,80,58,31,130,,270,210,22,30,4,6,1.1,0.7
2024-06-13T0000,3325A,117.0365,39.3828,天津市,雍阳西道,颗粒物(PM10),83,115,77,60,32,180,,273,241,14,20,6,6,0.8,0.5
2024-06-13T0000,3326A,117.0296,39.0605,天津市,辛老路,颗粒物(PM10),78,106,84,42,33,158,,271,243,25,25,4,6,0.9,0.6
2024-06-13T0000,3327A,116.9638,38.9375,天津市,地纬路,"颗粒物(PM10),细颗粒物(PM2.5)",82,114,90,60,36,143,,265,216,22,21,4,6,0.8,0.6
2024-06-13T0000,3460A,117.4067,40.0583,天津市,北环路,臭氧1小时,88,90,61,31,21,190,,268,248,17,18,13,11,0.8,0.5
2024-06-13T0000,3461A,117.3045,39.7169,天津市,建设路,臭氧1小时,72,78,78,41,33,177,,284,258,25,27,14,12,1.0,0.8
2024-06-13T0000,3462A,117.8199,39.3521,天津市,滨水东路,颗粒物(PM10),74,97,75,48,31,108,,269,207,22,24,5,7,1.3,0.9
2024-06-13T0000,2649A,106.0055,34.343,天水市,麦积山,,,,,,,,,,,,,,,,
2024-06-13T0000,2650A,105.7205,34.5786,天水市,公园小学,,48,45,39,33,16,55,,148,98,28,19,7,9,0.4,0.5
2024-06-13T0000,2651A,105.8945,34.5538,天水市,麦积国土局,,47,47,42,30,19,51,,134,89,32,18,7,7,0.6,0.5
2024-06-13T0000,2216A,123.8139,42.3022,铁岭市,汇工街西,,38,38,54,16,22,77,,222,175,29,19,14,13,0.9,0.8
2024-06-13T0000,2217A,123.8649,42.2923,铁岭市,水上乐园,,35,35,43,19,23,83,,217,172,32,22,11,11,0.8,0.8
2024-06-13T0000,2218A,123.8486,42.2867,铁岭市,银州路东段,,39,39,50,20,27,87,,213,170,26,20,7,7,0.7,0.6
2024-06-13T0000,2219A,123.7153,42.2217,铁岭市,金沙江路北,颗粒物(PM10),52,54,46,24,25,76,,207,154,31,25,8,7,0.9,0.9
2024-06-13T0000,2229A,125.9358,41.7173,通化市,光明,,21,21,19,9,9,18,,124,58,10,10,7,6,0.4,0.4
2024-06-13T0000,2230A,125.9446,41.7325,通化市,铁路,,26,26,15,13,9,19,,123,56,13,10,8,8,0.4,0.4
2024-06-13T0000,2191A,122.2532,43.6801,通辽市,艺术职业学校,,39,39,31,17,29,114,,149,130,13,8,6,6,0.2,0.2
2024-06-13T0000,3706A,122.2584,43.6333,通辽市,老干部活动中心,,36,36,31,23,17,104,,115,104,20,16,7,7,0.1,0.1
2024-06-13T0000,3708A,122.2922,43.6189,通辽市,东方明珠社区,,43,33,36,30,23,105,,129,111,17,13,12,10,0.3,0.2
2024-06-13T0000,1922A,109.0656,35.0994,铜川市,党校,,,,,,,,,,,,,,,,
2024-06-13T0000,1923A,109.0697,35.0697,铜川市,王益区政府,颗粒物(PM10),55,59,56,19,17,64,,214,147,37,25,6,6,0.5,0.5
2024-06-13T0000,1924A,108.9344,34.9058,铜川市,新区管委会,颗粒物(PM10),53,56,52,26,20,115,,214,157,18,21,9,9,0.4,0.4
2024-06-13T0000,3651A,108.9543,34.8732,铜川市,旺旺集团,颗粒物(PM10),55,59,52,31,22,102,,220,161,25,21,6,7,0.5,0.4
2024-06-13T0000,2285A,117.8177,30.9412,铜陵市,市第四中学,颗粒物(PM10),53,55,38,20,15,77,,162,126,19,14,10,12,0.7,0.7
2024-06-13T0000,2286A,117.8059,30.9273,铜陵市,市公路局,,42,41,39,29,20,76,,162,129,19,12,7,8,0.7,0.7
2024-06-13T0000,2287A,117.7807,30.9413,铜陵市,市新民污水厂,,45,45,35,25,22,57,,167,100,40,36,45,18,0.7,0.6
2024-06-13T0000,2288A,117.7439,30.8792,铜陵市,市第九中学,颗粒物(PM10),53,56,46,25,20,40,,149,88,42,34,7,6,0.7,0.7
2024-06-13T0000,2289A,117.846,30.9413,铜陵市,车站新区,颗粒物(PM10),51,51,39,34,21,56,,171,127,35,16,6,9,0.5,0.5
2024-06-13T0000,2290A,117.8483,30.97,铜陵市,市职教基地,,49,49,34,25,19,53,,166,117,33,19,9,8,0.9,0.6
2024-06-13T0000,2585A,109.1839,27.7344,铜仁市,铜仁卫校,,12,12,11,6,7,18,,64,36,14,10,2,1,0.3,0.3
2024-06-13T0000,2586A,109.1753,27.6944,铜仁市,铜仁七中,,13,13,12,6,6,27,,58,40,6,5,4,4,0.3,0.3
2024-06-13T0000,2686A,89.1904,42.9418,吐鲁番市,市环保局,,47,47,63,11,19,120,,128,127,15,14,6,6,0.3,0.4
2024-06-13T0000,2687A,89.1673,42.9559,吐鲁番市,地区环保局,,40,40,64,13,21,113,,126,122,16,18,6,6,0.3,0.3
2024-06-13T0000,1662A,122.1214,37.4236,威海市,华夏技校,,25,6,14,3,4,80,,109,80,3,8,4,5,0.1,0.1
2024-06-13T0000,1663A,122.0508,37.5236,威海市,山大分校,,26,,12,3,4,81,,122,85,3,7,5,5,0.3,0.3
2024-06-13T0000,1664A,122.1067,37.5072,威海市,市监测站,,24,7,23,3,8,76,,114,79,1,6,3,3,0.3,0.3
2024-06-13T0000,1982A,122.0693,37.2174,威海市,文登开发区,,26,8,12,3,4,83,,108,80,2,4,5,5,0.6,0.6
2024-06-13T0000,3505A,122.1379,37.3414,威海市,临港区管委会,,26,6,16,3,4,83,,114,82,3,7,6,6,0.4,0.4
2024-06-13T0000,1650A,119.1437,36.7023,潍坊市,环保局,,26,24,61,18,27,68,,190,115,11,15,11,12,0.6,0.7
2024-06-13T0000,2877A,119.1641,36.6523,潍坊市,坊子邮政,,29,29,63,12,24,69,,195,118,14,15,9,9,0.5,0.5
2024-06-13T0000,3178A,119.0587,36.721,潍坊市,潍坊七中,,27,27,60,15,22,64,,190,115,12,13,8,8,0.5,0.6
2024-06-13T0000,3368A,119.1977,36.6872,潍坊市,高新实验学校,,41,41,67,14,22,62,,185,112,16,15,13,11,0.4,0.5
2024-06-13T0000,3416A,119.1755,36.7149,潍坊市,潍坊学院,,27,27,71,10,23,65,,179,110,17,18,9,8,0.8,0.9
2024-06-13T0000,3861A,119.2041,36.7699,潍坊市,寒亭区实验一小,,,22,61,19,23,,,186,127,26,17,11,10,0.4,0.6
2024-06-13T0000,1938A,109.5293,34.5101,渭南市,农科所,,,,,,,,,,,,,,,,
2024-06-13T0000,1939A,109.4974,34.4877,渭南市,日报社,颗粒物(PM10),56,61,58,26,27,94,,196,,50,41,6,10,0.5,0.5
2024-06-13T0000,1940A,109.4636,34.493,渭南市,体育馆,,46,46,60,17,18,132,,219,162,29,33,9,19,0.3,0.4
2024-06-13T0000,1941A,109.4259,34.5023,渭南市,高新一小,,34,30,71,22,24,108,,187,,30,33,7,8,0.6,0.5
2024-06-13T0000,1242A,120.634,28.0089,温州市,瓯海,,26,22,27,18,23,25,,38,22,34,41,4,4,0.6,0.7
2024-06-13T0000,1243A,120.6748,27.9939,温州市,南浦,,22,22,28,15,22,43,,45,30,18,32,4,4,0.6,0.7
2024-06-13T0000,1244A,120.76,27.9747,温州市,龙湾,,22,22,32,14,19,22,,41,25,43,52,5,5,0.6,0.7
2024-06-13T0000,1245A,120.6709,28.0167,温州市,市站,,36,36,39,23,27,10,,34,24,51,44,6,6,0.8,0.8
2024-06-13T0000,3561A,120.6985,27.9251,温州市,茶山,,32,30,27,22,19,14,,43,23,42,37,4,4,0.6,0.7
2024-06-13T0000,2610A,104.2533,23.3594,文山壮族苗族自治州,州水务局,,,9,14,,10,29,,50,40,7,6,6,7,0.2,0.2
2024-06-13T0000,2611A,104.2319,23.3892,文山壮族苗族自治州,市便民服务中心,,15,15,16,9,8,30,,51,39,10,9,6,6,0.2,0.2
2024-06-13T0000,2187A,106.8174,39.6973,乌海市,市林业局,颗粒物(PM10),65,80,71,19,22,47,,142,108,55,31,27,22,1.0,0.8
2024-06-13T0000,2188A,106.7907,39.6667,乌海市,中海勃湾学校,颗粒物(PM10),61,71,75,32,26,25,,149,106,86,40,24,29,0.9,0.8
2024-06-13T0000,3284A,106.813,39.7274,乌海市,海北新区,颗粒物(PM10),87,124,96,28,22,44,,147,107,54,39,31,23,0.6,0.6
2024-06-13T0000,3621A,106.8288,39.6778,乌海市,聚英学校,颗粒物(PM10),81,111,93,28,27,47,,149,104,68,33,49,30,1.4,0.9
2024-06-13T0000,2197A,113.1306,40.9923,乌兰察布市,集宁新区,,40,40,41,25,22,101,,169,144,22,18,3,3,0.6,0.3
2024-06-13T0000,3034A,113.1076,41.0385,乌兰察布市,光明街小学,,,,48,,22,,,168,,,23,,8,,0.3
2024-06-13T0000,3285A,113.1376,40.9509,乌兰察布市,北京八中,,46,46,54,21,19,92,,174,145,26,21,12,12,0.8,0.5
2024-06-13T0000,3421A,113.1775,40.9779,乌兰察布市,市委党校,,36,36,39,14,14,102,,175,147,19,20,10,8,0.7,0.5
2024-06-13T0000,1490A,87.5801,43.8303,乌鲁木齐市,监测站,,36,31,29,8,9,113,,130,122,15,17,5,4,0.2,0.2
2024-06-13T0000,1491A,87.6046,43.768,乌鲁木齐市,收费所,,36,27,33,10,10,115,,124,119,5,20,9,9,0.3,0.4
2024-06-13T0000,1492A,87.4754,43.9469,乌鲁木齐市,新疆农科院农场,,32,28,38,11,13,100,,120,113,11,16,10,10,0.6,0.6
2024-06-13T0000,1493A,87.5525,43.8711,乌鲁木齐市,铁路局,,43,43,31,13,9,113,,130,121,10,15,2,3,0.2,0.2
2024-06-13T0000,1494A,87.6432,43.831,乌鲁木齐市,三十一中学,,32,32,32,15,12,102,,117,110,7,9,6,6,0.2,0.2
2024-06-13T0000,1496A,87.7216,44.1747,乌鲁木齐市,米东区环保局,颗粒物(PM10),58,66,36,19,12,110,,134,126,7,9,6,7,0.2,0.2
2024-06-13T0000,3033A,87.4651,43.4569,乌鲁木齐市,培训基地,,37,9,15,7,3,118,,134,131,4,4,6,6,0.4,0.3
2024-06-13T0000,3437A,88.3118,43.3658,乌鲁木齐市,达坂城区环保局,,38,15,23,7,6,121,,127,125,4,5,4,4,0.2,0.2
2024-06-13T0000,3438A,87.6162,43.8801,乌鲁木齐市,红光山片区,,36,36,35,24,10,109,,120,115,15,19,7,8,0.2,0.2
2024-06-13T0000,3439A,87.7024,43.8004,乌鲁木齐市,新师大温泉校区,,37,35,28,8,10,118,,139,132,15,14,5,5,0.2,0.2
2024-06-13T0000,3440A,87.4921,43.8411,乌鲁木齐市,大绿谷,,39,38,24,27,11,113,,134,126,9,10,6,6,0.3,0.3
2024-06-13T0000,1188A,120.269,31.4867,无锡市,雪浪,,48,48,29,27,16,47,,158,124,44,16,8,7,1.1,0.6
2024-06-13T0000,1189A,120.275,31.6219,无锡市,黄巷,,,,33,,25,,,137,,,19,,7,,0.7
2024-06-13T0000,1190A,120.294,31.56,无锡市,曹张,细颗粒物(PM2.5),64,,28,46,26,46,,164,122,37,21,4,3,0.9,0.5
2024-06-13T0000,1191A,120.242,31.5031,无锡市,漆塘,,49,48,29,34,22,52,,144,111,32,8,3,1,1.2,0.8
2024-06-13T0000,1192A,120.3489,31.5863,无锡市,东亭,,46,46,39,29,25,40,,188,131,41,25,4,3,0.9,0.7
2024-06-13T0000,1193A,120.354,31.5475,无锡市,旺庄,,41,41,37,27,21,40,,179,125,38,24,6,4,1.0,0.7
2024-06-13T0000,1194A,120.245,31.5631,无锡市,荣巷,,45,41,29,31,20,58,,162,132,32,11,7,6,0.9,0.7
2024-06-13T0000,1195A,120.299,31.6817,无锡市,堰桥,,39,34,34,27,22,67,,188,138,23,21,2,2,1.0,0.9
2024-06-13T0000,3428A,120.3142,31.4753,无锡市,华庄,细颗粒物(PM2.5),57,45,28,40,21,32,,154,108,41,14,8,6,1.1,0.6
2024-06-13T0000,2677A,106.1532,37.9648,吴忠市,教育园区,颗粒物(PM10),61,71,59,21,17,32,,154,103,56,25,10,18,0.5,0.4
2024-06-13T0000,2679A,106.1856,37.9956,吴忠市,新区二泵站,颗粒物(PM10),60,70,60,30,20,21,,154,110,78,27,8,15,0.9,0.5
2024-06-13T0000,3648A,106.2112,37.9768,吴忠市,文卫南街,颗粒物(PM10),57,64,60,28,21,30,,154,112,69,34,8,15,0.6,0.5
2024-06-13T0000,1794A,118.3606,31.3519,芜湖市,监测站,二氧化氮,61,59,40,35,25,2,,175,123,121,29,10,7,0.9,0.7
2024-06-13T0000,1795A,118.3714,31.4134,芜湖市,科创中心,颗粒物(PM10),67,83,46,33,25,33,,181,103,92,38,7,8,0.8,0.7
2024-06-13T0000,1796A,118.3673,31.3131,芜湖市,四水厂,颗粒物(PM10),52,53,39,26,22,59,,185,124,90,27,8,7,0.9,0.8
2024-06-13T0000,3328A,118.4209,31.3707,芜湖市,市气象局,,45,45,40,25,26,49,,175,133,78,23,8,9,0.5,0.5
2024-06-13T0000,3465A,118.4781,31.3225,芜湖市,清苑社区,颗粒物(PM10),51,52,42,34,23,15,,167,95,77,33,7,8,0.8,0.7
2024-06-13T0000,3466A,118.2746,31.2326,芜湖市,扬子职业技术学院,颗粒物(PM10),57,63,39,21,23,77,,176,130,24,15,8,9,0.7,0.7
2024-06-13T0000,2495A,111.3014,23.4832,梧州市,市逸夫小学,,38,38,39,21,15,2,,82,36,38,22,9,8,1.0,0.9
2024-06-13T0000,2496A,111.3239,23.4794,梧州市,市十一中,,32,32,33,20,16,6,,82,37,38,26,6,6,0.8,0.8
2024-06-13T0000,2497A,111.247,23.4189,梧州市,龙圩,,43,43,29,24,15,7,,72,37,32,16,7,6,1.0,0.9
2024-06-13T0000,2498A,111.2711,23.4835,梧州市,龙新,,28,28,28,15,11,0,,75,34,37,21,6,6,0.9,0.9
2024-06-13T0000,2711A,87.5475,44.1756,五家渠市,农水大厦,颗粒物(PM10),65,79,45,13,13,104,,124,116,6,11,5,5,0.2,0.2
2024-06-13T0000,3441A,87.546,44.1912,五家渠市,经开区管委会,颗粒物(PM10),64,77,37,11,13,106,,130,123,6,9,5,6,0.2,0.3
2024-06-13T0000,1325A,114.3677,30.5584,武汉市,东湖梨园,,32,28,27,22,18,83,,183,138,18,14,6,6,0.7,0.7
2024-06-13T0000,1326A,114.2529,30.558,武汉市,汉阳月湖,,44,44,27,17,16,35,,164,119,59,21,6,7,0.6,0.4
2024-06-13T0000,1327A,114.282,30.6189,武汉市,汉口花桥,,39,35,33,27,19,63,,162,126,50,19,7,7,0.6,0.4
2024-06-13T0000,1328A,114.3025,30.5332,武汉市,武昌紫阳,,39,39,33,17,17,75,,178,125,44,26,6,6,0.9,0.7
2024-06-13T0000,1329A,114.3646,30.6217,武汉市,青山钢花,,45,40,32,31,24,76,,189,143,40,19,8,8,0.8,0.7
2024-06-13T0000,1330A,114.1566,30.4825,武汉市,沌口新区,,45,45,36,29,25,60,,152,108,50,30,7,7,0.6,0.6
2024-06-13T0000,1331A,114.3014,30.5944,武汉市,汉口江滩,,,,31,,20,,,148,,,45,,7,,0.6
2024-06-13T0000,1333A,114.135,30.6319,武汉市,吴家山,,42,42,27,27,16,69,,131,106,46,20,7,7,0.6,0.6
2024-06-13T0000,1334A,113.8454,30.2917,武汉市,沉湖七壕,,34,34,23,16,15,99,,125,116,22,12,5,5,0.4,0.4
2024-06-13T0000,3153A,114.3877,30.4908,武汉市,民族大道182号,,34,34,31,17,18,59,,175,127,55,18,5,6,0.5,0.5
2024-06-13T0000,2652A,102.6201,37.9251,武威市,监测站,,46,46,38,15,13,88,,150,128,17,15,8,7,0.3,0.4
2024-06-13T0000,3201A,102.6486,37.9325,武威市,东关招商场,颗粒物(PM10),56,62,38,19,16,96,,150,134,16,15,4,5,0.3,0.4
2024-06-13T0000,1462A,108.882,34.2749,西安市,高压开关厂,颗粒物(PM10),66,82,68,21,20,20,,211,113,82,54,5,6,0.8,0.5
2024-06-13T0000,1463A,108.993,34.2629,西安市,兴庆小区,,49,49,50,20,18,76,,242,150,34,33,5,5,0.5,0.5
2024-06-13T0000,1464A,109.06,34.2572,西安市,纺织城,颗粒物(PM10),68,85,67,28,23,18,,215,82,74,50,6,6,0.5,0.5
2024-06-13T0000,1465A,108.9356,34.2173,西安市,小寨,颗粒物(PM10),54,58,49,27,19,32,,229,124,70,41,6,7,0.7,0.6
2024-06-13T0000,1466A,108.954,34.2713,西安市,市人民体育场,颗粒物(PM10),60,70,55,35,26,39,,204,115,61,44,5,6,0.7,0.5
2024-06-13T0000,1467A,108.8922,34.2322,西安市,高新西区,颗粒物(PM10),72,93,60,41,25,6,,193,91,109,51,4,4,1.1,0.7
2024-06-13T0000,1468A,108.935,34.3474,西安市,经开区,颗粒物(PM10),66,81,60,24,18,18,,217,124,86,42,6,6,0.9,0.5
2024-06-13T0000,1469A,108.906,34.1546,西安市,长安区,颗粒物(PM10),61,72,56,16,19,26,,217,103,54,31,4,4,0.6,0.5
2024-06-13T0000,1471A,109.2186,34.3731,西安市,临潼区,,45,45,53,20,20,63,,224,145,47,28,7,8,0.6,0.4
2024-06-13T0000,1472A,108.869,34.378,西安市,草滩,颗粒物(PM10),72,94,60,18,11,6,,196,109,92,42,2,2,0.6,0.4
2024-06-13T0000,1473A,108.985,34.1978,西安市,曲江文化产业集团,颗粒物(PM10),56,61,52,21,18,36,,222,110,70,46,4,4,0.7,0.6
2024-06-13T0000,1474A,109.051,34.3213,西安市,广运潭,颗粒物(PM10),57,64,53,16,19,83,,242,143,42,37,6,6,0.5,0.5
2024-06-13T0000,3524A,108.6116,34.1164,西安市,文体局,,49,49,42,7,11,67,,191,116,24,24,5,6,0.3,0.3
2024-06-13T0000,3605A,109.09,34.5236,西安市,无线电监控中心,颗粒物(PM10),69,87,72,25,23,50,,250,164,78,35,6,6,0.5,0.4
2024-06-13T0000,1483A,101.524,36.6867,西宁市,第五水厂,,,,,,,,,,,,,,,,
2024-06-13T0000,3055A,101.7775,36.6428,西宁市,城北区政府,,28,,36,19,25,83,,138,120,7,18,6,15,0.5,0.8
2024-06-13T0000,3629A,101.8305,36.5786,西宁市,世纪职校,,29,23,35,20,21,78,,135,110,24,25,7,17,0.5,1
2024-06-13T0000,3630A,101.7413,36.6397,西宁市,师大城西校区,,31,31,40,20,23,81,,138,112,24,20,5,15,0.6,1.5
2024-06-13T0000,2612A,100.7939,22.0019,西双版纳傣族自治州,景洪市江南,,24,24,15,11,8,12,,48,32,17,8,8,8,0.6,0.4
2024-06-13T0000,2613A,100.8017,22.0225,西双版纳傣族自治州,景洪市江北,,25,17,24,17,14,9,,48,25,15,9,9,9,0.6,0.5
2024-06-13T0000,3606A,108.7108,34.46,西咸新区,北杜,颗粒物(PM10),79,108,67,23,19,34,,195,109,51,36,4,4,0.7,0.5
2024-06-13T0000,3607A,108.7096,34.2956,西咸新区,同德佳苑,颗粒物(PM10),53,55,53,27,17,33,,198,132,65,36,5,6,0.5,0.4
2024-06-13T0000,3608A,108.8558,34.4978,西咸新区,崇文塔,颗粒物(PM10),60,69,57,13,18,50,,208,125,72,38,4,4,0.6,0.5
2024-06-13T0000,2202A,116.1042,43.9317,锡林郭勒盟,市环保监测站,,28,28,37,3,7,75,,107,84,8,10,11,10,0.2,0.2
2024-06-13T0000,2203A,116.0781,43.9311,锡林郭勒盟,市政府,,30,30,36,3,14,76,,118,88,5,11,7,7,0.2,0.2
2024-06-13T0000,1286A,118.1608,24.8169,厦门市,溪东,,,,,,,,,,,,,,,,
2024-06-13T0000,1287A,118.1514,24.4767,厦门市,洪文,,29,29,25,14,12,18,,43,26,6,3,2,2,0.2,0.2
2024-06-13T0000,1288A,118.0661,24.4444,厦门市,鼓浪屿,,27,27,26,13,13,21,,53,28,12,10,2,3,0.3,0.3
2024-06-13T0000,2842A,118.0936,24.5058,厦门市,湖里中学,,30,30,29,13,14,10,,50,17,14,18,1,2,0.2,0.2
2024-06-13T0000,3527A,118.0958,24.5688,厦门市,集美中学,,37,37,27,23,12,8,,52,25,39,17,1,2,0.8,0.6
2024-06-13T0000,3528A,118.1493,24.7245,厦门市,同安二实小,,10,10,20,3,11,22,,50,33,4,14,1,2,0.3,0.3
2024-06-13T0000,2447A,114.3175,29.8142,咸宁市,森林公园,,32,23,24,18,15,101,,116,106,3,4,8,8,0.5,0.6
2024-06-13T0000,2448A,114.3107,29.8454,咸宁市,市发改委,,37,37,31,18,21,35,,131,90,17,9,7,7,0.8,0.9
2024-06-13T0000,2449A,114.2936,29.8566,咸宁市,咸安区政府,,38,,29,26,23,63,,134,101,9,10,6,6,0.7,0.8
2024-06-13T0000,3655A,114.3375,29.8683,咸宁市,长江产业园,,45,45,37,18,19,20,,145,77,28,23,6,7,0.9,0.9
2024-06-13T0000,1918A,108.7197,34.3956,咸阳市,气象站,,,,,,,,,,,,,,,,
2024-06-13T0000,1919A,108.673,34.3155,咸阳市,实验中学,颗粒物(PM10),57,64,58,22,19,23,,200,126,79,41,5,6,0.7,0.6
2024-06-13T0000,1920A,108.7233,34.3617,咸阳市,师范学院,颗粒物(PM10),71,92,72,31,24,38,,212,131,53,45,6,5,0.5,0.5
2024-06-13T0000,3165A,108.6594,34.2969,咸阳市,两寺渡,颗粒物(PM10),53,56,53,20,18,28,,184,118,62,37,3,3,0.4,0.4
2024-06-13T0000,3525A,108.6396,34.4078,咸阳市,奥体中心,颗粒物(PM10),61,72,62,31,22,28,,191,108,55,38,1,2,0.5,0.4
2024-06-13T0000,1508A,112.9433,27.8614,湘潭市,板塘,,15,15,17,7,10,14,,62,44,18,17,9,8,0.7,0.6
2024-06-13T0000,1511A,112.9118,27.8403,湘潭市,市监测站,,19,,15,13,16,26,,58,43,12,13,7,5,1.0,0.9
2024-06-13T0000,1512A,112.8937,27.8728,湘潭市,江麓,,16,15,24,11,6,24,,64,46,24,27,8,7,0.6,0.6
2024-06-13T0000,1513A,112.9227,27.8159,湘潭市,岳塘,,23,23,28,13,13,20,,51,39,12,14,6,4,0.9,0.8
2024-06-13T0000,1514A,112.9074,27.9119,湘潭市,科大,,18,18,26,11,16,17,,62,45,18,17,5,6,0.8,0.9
2024-06-13T0000,1562A,113.0048,27.9153,湘潭市,昭山,,15,14,19,10,11,20,,66,49,16,12,5,5,0.8,0.9
2024-06-13T0000,1564A,112.4876,27.9164,湘潭市,韶山,,18,18,16,3,6,23,,48,32,9,8,5,5,0.5,0.4
2024-06-13T0000,2492A,109.6414,28.2558,湘西土家族苗族自治州,跃进水库,,15,14,15,10,10,3,,42,18,3,2,4,4,0.8,0.7
2024-06-13T0000,2493A,109.7325,28.3169,湘西土家族苗族自治州,州政府,,29,29,22,14,15,4,,82,42,9,5,7,8,0.7,0.7
2024-06-13T0000,2494A,109.6958,28.2675,湘西土家族苗族自治州,吉首市计生局,,25,25,20,14,15,11,,82,45,13,9,8,8,0.5,0.4
2024-06-13T0000,2432A,112.155,32.0197,襄阳市,襄城运动路,细颗粒物(PM2.5),57,,49,40,26,112,,142,130,14,13,10,9,0.6,0.7
2024-06-13T0000,2433A,112.1392,32.0564,襄阳市,樊城新华路,,44,44,43,25,28,102,,135,121,14,12,10,9,0.6,0.7
2024-06-13T0000,2434A,112.1825,32.1142,襄阳市,高新管委会,,42,42,45,20,31,115,,151,131,11,11,6,8,0.7,0.7
2024-06-13T0000,2435A,112.2106,32.0903,襄阳市,襄州航空路,,39,34,40,25,30,124,,141,127,8,7,8,8,0.7,0.8
2024-06-13T0000,3396A,112.0828,32.0067,襄阳市,襄城隆中路,,36,31,39,20,29,114,,146,134,10,8,9,11,0.6,0.5
2024-06-13T0000,3397A,112.1214,32.1008,襄阳市,高新台子湾,,45,45,44,16,25,114,,155,134,12,13,7,7,0.7,0.8
2024-06-13T0000,2443A,113.9153,30.9285,孝感市,文化路,,,24,26,21,20,94,,124,114,,3,9,9,0.8,0.9
2024-06-13T0000,2444A,113.942,30.9075,孝感市,东城区,,30,18,21,11,17,96,,124,116,8,5,10,10,0.7,0.7
2024-06-13T0000,2181A,112.7383,38.4519,忻州市,开发区,,40,40,61,22,28,96,,160,131,25,36,7,11,0.4,0.5
2024-06-13T0000,2182A,112.7003,38.4928,忻州市,会展中心,,43,41,69,30,30,67,,147,111,35,37,4,7,0.3,0.4
2024-06-13T0000,3208A,112.7283,38.4153,忻州市,市政府,,35,35,61,13,25,90,,176,137,28,30,6,12,0.5,0.5
2024-06-13T0000,2389A,113.836,35.311,新乡市,环保西院,颗粒物(PM10),65,79,80,38,29,83,,240,162,42,24,13,13,0.4,0.3
2024-06-13T0000,2390A,113.884,35.272,新乡市,开发区,颗粒物(PM10),59,68,79,39,28,102,,250,178,28,18,11,13,0.6,0.6
2024-06-13T0000,2391A,113.883,35.303,新乡市,环保东院,颗粒物(PM10),64,78,80,37,31,95,,240,171,35,19,11,12,0.6,0.5
2024-06-13T0000,3054A,113.9194,35.2847,新乡市,市委党校,颗粒物(PM10),76,102,82,37,29,108,,255,184,32,23,9,9,0.8,0.8
2024-06-13T0000,3475A,113.9188,35.3045,新乡市,市政府,颗粒物(PM10),62,74,76,28,23,113,,256,191,30,20,7,9,0.4,0.4
2024-06-13T0000,3476A,113.9135,35.3327,新乡市,河师大,颗粒物(PM10),79,107,92,34,34,110,,260,196,36,26,9,11,0.5,0.5
2024-06-13T0000,3689A,113.9003,35.372,新乡市,行政服务中心,颗粒物(PM10),74,97,78,28,34,60,,232,153,60,33,11,12,0.4,0.4
2024-06-13T0000,2352A,115.0861,27.9317,新余市,北岗,,,,,,,,,,,,,,,,
2024-06-13T0000,2353A,114.9886,27.8431,新余市,飞宇,,32,32,28,17,13,30,,53,46,15,14,3,3,0.8,0.9
2024-06-13T0000,2354A,114.9231,27.8246,新余市,第二水厂,,39,30,26,27,13,31,,62,54,19,11,8,7,1.3,0.7
2024-06-13T0000,2355A,114.9308,27.8036,新余市,市气象局,,34,34,27,21,15,45,,61,58,18,15,4,4,1.1,1
2024-06-13T0000,3206A,114.9149,27.807,新余市,新钢沁园村,,26,26,23,8,8,44,,59,54,9,10,6,6,0.8,0.6
2024-06-13T0000,2054A,114.1099,32.1059,信阳市,平桥分局,,38,28,35,21,24,119,,145,137,7,6,6,6,0.5,0.5
2024-06-13T0000,2064A,113.9956,32.1271,信阳市,南湾水厂,,43,43,42,26,21,106,,139,131,4,3,4,4,0.5,0.6
2024-06-13T0000,2065A,114.0775,32.1195,信阳市,市酿酒公司,,36,31,30,25,22,107,,135,126,7,6,6,6,0.6,0.6
2024-06-13T0000,2066A,114.0609,32.1399,信阳市,审计局,,47,47,35,22,23,118,,144,136,4,4,6,6,0.5,0.6
2024-06-13T0000,2200A,122.0392,46.0656,兴安盟,胜华新制药厂,,25,25,29,17,17,65,,98,81,12,12,4,3,0.6,0.4
2024-06-13T0000,2201A,121.9504,46.0741,兴安盟,科右前旗环保局,,38,34,29,26,24,73,,113,86,9,10,5,3,1.9,0.4
2024-06-13T0000,3035A,122.0931,46.0707,兴安盟,北滨河,,35,25,29,24,20,64,,101,80,8,9,2,4,0.3,0.3
2024-06-13T0000,1077A,114.4704,37.0886,邢台市,达活泉,颗粒物(PM10),66,81,60,22,18,69,,232,163,46,18,17,9,1.2,0.6
2024-06-13T0000,1078A,114.5062,37.0349,邢台市,邢师高专,颗粒物(PM10),73,96,66,26,22,35,,216,130,81,35,19,12,1.4,1.1
2024-06-13T0000,1079A,114.5237,37.0851,邢台市,路桥公司,颗粒物(PM10),68,85,59,31,18,61,,241,171,59,31,17,10,1.5,1
2024-06-13T0000,1080A,114.4725,37.0719,邢台市,市环保局,颗粒物(PM10),80,109,62,25,20,59,,235,160,57,18,20,8,0.9,0.4
2024-06-13T0000,3584A,115.8844,39.0341,雄安新区,容城县环境保护局,颗粒物(PM10),95,140,108,44,28,179,,257,214,24,23,9,8,0.8,0.5
2024-06-13T0000,3585A,115.8665,39.0645,雄安新区,河北容城中学,颗粒物(PM10),107,164,128,58,38,188,,254,221,23,22,9,8,0.7,0.4
2024-06-13T0000,3586A,115.923,38.9405,雄安新区,安新县民政局,颗粒物(PM10),104,158,110,68,37,172,,247,216,25,16,6,5,0.8,0.4
2024-06-13T0000,3587A,115.9324,38.9338,雄安新区,安新县电力局,颗粒物(PM10),112,174,125,59,32,185,,262,226,25,17,9,9,0.5,0.3
2024-06-13T0000,3588A,116.0901,38.9816,雄安新区,雄县环境保护局,颗粒物(PM10),136,222,103,51,26,173,,252,229,27,19,9,7,0.9,0.6
2024-06-13T0000,3589A,116.1105,39.0046,雄安新区,雄县国土资源局,颗粒物(PM10),97,144,105,44,26,171,,249,225,23,17,8,7,0.8,0.5
2024-06-13T0000,1177A,117.179,34.2761,徐州市,黄河新村,颗粒物(PM10),209,356,113,51,29,157,,209,191,18,16,8,8,0.6,0.5
2024-06-13T0000,1178A,117.1918,34.2384,徐州市,淮塔,颗粒物(PM10),188,325,111,43,26,143,,192,175,18,17,9,9,0.6,0.6
2024-06-13T0000,1180A,117.256,34.2153,徐州市,新城区,颗粒物(PM10),213,359,123,54,28,143,,198,182,22,17,8,7,0.5,0.4
2024-06-13T0000,1181A,117.244,34.2911,徐州市,桃园路,颗粒物(PM10),144,237,109,46,27,137,,194,176,14,13,9,9,0.6,0.6
2024-06-13T0000,1182A,117.2933,34.2778,徐州市,农科院,颗粒物(PM10),155,259,118,38,26,144,,207,188,18,16,7,6,0.6,0.6
2024-06-13T0000,3005A,117.1814,34.29,徐州市,鼓楼区政府,颗粒物(PM10),152,254,90,43,30,154,,208,189,10,9,7,7,0.6,0.5
2024-06-13T0000,3006A,117.1694,34.1781,徐州市,铜山区招生办,颗粒物(PM10),286,410,98,45,22,157,,206,189,22,16,7,7,0.6,0.5
2024-06-13T0000,3288A,117.4754,34.4422,徐州市,大泉街道,颗粒物(PM10),106,162,93,27,27,138,,216,192,18,16,10,9,0.5,0.5
2024-06-13T0000,2396A,113.8276,34.0159,许昌市,监测站,,,,69,,12,,,176,,,20,,5,,0.5
2024-06-13T0000,2398A,113.7906,33.9953,许昌市,开发区,颗粒物(PM10),63,75,65,28,26,102,,194,154,23,19,6,6,0.5,0.5
2024-06-13T0000,3134A,113.8172,34.0339,许昌市,市一中,颗粒物(PM10),70,89,61,34,27,106,,188,161,19,17,2,3,0.3,0.3
2024-06-13T0000,3337A,113.8614,34.0442,许昌市,许昌学院,颗粒物(PM10),66,81,58,30,28,111,,202,168,17,14,4,5,0.5,0.5
2024-06-13T0000,3338A,113.843,34.0823,许昌市,芙蓉广场,颗粒物(PM10),70,90,61,36,38,121,,204,174,19,18,8,9,0.4,0.4
2024-06-13T0000,3597A,113.8134,34.1251,许昌市,建安区兴业大厦,颗粒物(PM10),69,88,62,36,31,112,,197,163,16,17,4,5,0.4,0.4
2024-06-13T0000,2316A,118.7581,30.9454,宣城市,鳌峰子站,,44,44,31,24,16,64,,145,116,20,9,4,4,0.6,0.5
2024-06-13T0000,2317A,118.7385,30.9743,宣城市,敬亭山子站,,40,40,28,26,14,82,,133,112,12,6,4,4,0.7,0.6
2024-06-13T0000,2318A,118.7173,30.9427,宣城市,开发区子站,,46,46,35,31,17,70,,137,108,20,12,4,4,0.5,0.5
2024-06-13T0000,3470A,118.7724,30.9141,宣城市,夏渡子站,,36,35,31,25,16,26,,131,87,22,12,5,5,0.7,0.6
2024-06-13T0000,2554A,103.0475,30.02,雅安市,建安厂,,49,49,49,27,22,41,,152,83,55,37,7,9,0.5,0.4
2024-06-13T0000,2555A,103.0111,29.9833,雅安市,市政府,颗粒物(PM10),72,93,55,24,23,65,,163,113,24,17,8,8,0.3,0.3
2024-06-13T0000,2556A,102.9905,29.9775,雅安市,川农大,,36,36,33,23,22,100,,150,126,13,13,8,9,0.4,0.4
2024-06-13T0000,3700A,103.0456,29.9956,雅安市,康养中心,,,48,34,35,21,,,,,,,6,7,,
2024-06-13T0000,1642A,121.2514,37.5639,烟台市,开发区,,25,6,23,3,5,77,,112,85,1,5,9,9,0.6,0.6
2024-06-13T0000,1643A,121.3719,37.5433,烟台市,轴承厂,,25,12,24,6,8,80,,112,86,4,8,9,9,0.4,0.3
2024-06-13T0000,1644A,121.3181,37.5436,烟台市,西郊化工站,,25,,19,7,7,77,,113,85,2,3,5,6,0.3,0.3
2024-06-13T0000,1645A,121.4478,37.4822,烟台市,莱山环保局,,24,,14,3,4,74,,108,79,1,2,8,8,0.4,0.4
2024-06-13T0000,1646A,121.2611,37.4967,烟台市,福山环保局,,22,9,25,3,4,68,,112,79,6,8,8,9,0.4,0.4
2024-06-13T0000,3057A,121.5992,37.4014,烟台市,牟平检察院,,25,6,22,3,4,78,,106,,3,6,7,8,0.2,0.2
2024-06-13T0000,3366A,121.5206,37.4336,烟台市,中国农业大学,,24,6,20,3,5,76,,109,80,4,7,7,7,0.3,0.3
2024-06-13T0000,1926A,109.4131,36.6275,延安市,枣园,颗粒物(PM10),55,59,35,15,12,30,,163,90,52,26,6,6,0.5,0.5
2024-06-13T0000,1927A,109.4761,36.6028,延安市,延大医附院,颗粒物(PM10),58,66,46,21,21,5,,160,73,80,43,5,4,0.6,0.7
2024-06-13T0000,1929A,109.5056,36.6106,延安市,百米大道,颗粒物(PM10),61,71,49,23,17,11,,153,73,86,41,4,5,0.8,0.6
2024-06-13T0000,3652A,109.4809,36.5786,延安市,西北局旧址,颗粒物(PM10),61,71,49,22,15,8,,152,79,75,37,3,3,0.5,0.4
2024-06-13T0000,2237A,129.47,42.8883,延边朝鲜族自治州,妇幼医院,,19,19,22,12,16,27,,116,65,20,16,5,5,0.6,0.6
2024-06-13T0000,2238A,129.5055,42.9108,延边朝鲜族自治州,延边医院,,26,24,24,18,16,41,,118,80,23,17,8,8,0.6,0.6
2024-06-13T0000,2239A,129.3964,42.8881,延边朝鲜族自治州,朝阳川镇医院,,24,18,20,11,14,7,,122,50,47,26,10,9,0.6,0.6
2024-06-13T0000,1215A,120.118,33.4022,盐城市,盐城电厂,,24,12,32,3,20,76,,122,92,8,9,5,5,0.4,0.6
2024-06-13T0000,1216A,120.156,33.3942,盐城市,市监测站,,25,9,32,3,14,77,,113,86,8,10,4,4,0.7,0.7
2024-06-13T0000,1218A,120.2144,33.38,盐城市,开发区管委会,,24,7,28,3,19,74,,105,86,7,7,7,7,0.6,0.7
2024-06-13T0000,3004A,120.1544,33.3663,盐城市,宝龙广场,,21,12,27,3,12,67,,104,83,6,7,6,6,0.4,0.6
2024-06-13T0000,3293A,120.1501,33.3367,盐城市,月亮广场,,24,9,26,3,19,75,,119,95,7,6,5,5,0.5,0.7
2024-06-13T0000,3436A,120.4279,33.205,盐城市,大丰高级中学,,23,6,14,3,7,71,,89,84,4,5,5,6,0.3,0.3
2024-06-13T0000,1186A,119.389,32.3761,扬州市,邗江监测站,,44,44,57,12,19,73,,234,176,24,27,8,7,0.7,0.7
2024-06-13T0000,2869A,119.447,32.4155,扬州市,五台山医院,,31,31,37,19,24,71,,223,164,20,22,5,6,0.6,0.7
2024-06-13T0000,3164A,119.4686,32.3942,扬州市,广陵建设局,,31,31,39,21,25,71,,226,163,22,27,7,7,0.7,0.7
2024-06-13T0000,3195A,119.3633,32.3972,扬州市,市体育局,,44,44,55,19,22,71,,226,172,21,23,7,6,0.6,0.6
2024-06-13T0000,3294A,119.5653,32.4222,扬州市,引江管理处,,30,30,40,15,23,68,,209,154,21,23,7,7,0.8,0.9
2024-06-13T0000,1699A,111.9797,21.8593,阳江市,鸳鸯湖,,35,24,21,24,14,62,,70,63,3,4,6,6,0.6,0.7
2024-06-13T0000,1701A,111.9491,21.8658,阳江市,马南垌,,25,19,25,17,18,54,,61,52,5,12,4,7,0.4,0.6
2024-06-13T0000,3317A,111.9765,21.8947,阳江市,两阳中学,,35,35,27,10,9,53,,64,56,5,8,6,6,0.7,0.6
2024-06-13T0000,3453A,112.0125,21.8749,阳江市,阳东陶然,,19,15,18,8,10,58,,65,59,3,5,3,3,0.5,0.6
2024-06-13T0000,1738A,113.5758,37.8572,阳泉市,市中心,颗粒物(PM10),127,203,73,27,21,35,,195,136,106,43,11,20,0.8,0.9
2024-06-13T0000,1739A,113.4894,37.8731,阳泉市,赛鱼,颗粒物(PM10),68,86,63,29,26,30,,192,126,105,40,7,9,0.9,0.7
2024-06-13T0000,1740A,113.5819,37.8486,阳泉市,南庄,颗粒物(PM10),82,113,84,36,28,76,,198,156,64,31,12,18,0.8,0.7
2024-06-13T0000,1742A,113.5614,37.8703,阳泉市,平坦,颗粒物(PM10),72,94,67,30,24,55,,199,151,94,35,14,14,0.8,0.7
2024-06-13T0000,1743A,113.5158,37.8392,阳泉市,大阳泉,臭氧1小时,73,43,38,22,19,178,,203,200,14,15,11,12,0.7,0.6
2024-06-13T0000,3619A,113.617,37.8571,阳泉市,龙柱,颗粒物(PM10),80,109,82,25,32,68,,191,130,63,51,48,27,1.1,1
2024-06-13T0000,2252A,128.5159,47.4311,伊春市,环保局,,19,19,18,10,8,26,,72,43,8,7,4,5,0.2,0.2
2024-06-13T0000,2253A,128.9102,47.7412,伊春市,电力嘉园,,27,27,17,13,11,27,,75,39,12,9,6,7,0.2,0.2
2024-06-13T0000,2254A,129.5029,48.471,伊春市,汤旺河国家公园,,11,11,10,6,7,5,,69,33,5,5,4,6,0.4,0.4
2024-06-13T0000,3342A,128.4741,47.4346,伊春市,中心小学,,20,15,15,14,9,23,,79,46,12,5,8,8,0.3,0.3
2024-06-13T0000,3343A,128.6871,47.7369,伊春市,检察院,,34,34,22,8,13,12,,84,41,12,7,8,8,0.5,0.4
2024-06-13T0000,3344A,128.8431,47.8474,伊春市,双子河社区,,16,16,14,3,9,22,,84,42,13,7,6,6,0.2,0.2
2024-06-13T0000,3480A,129.1368,47.6417,伊春市,美溪镇,,21,21,21,3,6,13,,68,30,15,13,7,8,0.4,0.4
2024-06-13T0000,2703A,81.2815,43.9404,伊犁哈萨克自治州,市环保局,,29,29,30,8,12,88,,118,102,18,16,7,7,0.4,0.4
2024-06-13T0000,2704A,81.2996,43.9174,伊犁哈萨克自治州,新政府片区,,27,27,25,12,13,82,,109,96,17,12,8,8,0.5,0.4
2024-06-13T0000,2705A,81.3364,43.941,伊犁哈萨克自治州,第二水厂,,35,35,30,16,12,78,,108,95,20,13,8,8,0.6,0.6
2024-06-13T0000,1882A,104.563,28.793,宜宾市,石马中学,,,,,,,,,,,,,,,,
2024-06-13T0000,1883A,104.6201,28.7728,宜宾市,市委,,33,33,25,19,17,39,,122,97,33,14,7,10,0.6,0.5
2024-06-13T0000,1884A,104.6055,28.793,宜宾市,宜宾四中,,46,46,27,25,18,31,,125,99,54,20,8,13,0.6,0.5
2024-06-13T0000,1885A,104.639,28.7562,宜宾市,市政府,颗粒物(PM10),53,55,32,26,19,28,,123,97,53,18,8,9,0.7,0.5
2024-06-13T0000,1886A,104.5742,28.7199,宜宾市,黄金嘴,,33,33,27,19,17,39,,124,91,26,15,8,8,0.6,0.6
2024-06-13T0000,3728A,104.68,28.8071,宜宾市,白酒学院,,28,28,28,14,17,51,,134,106,33,12,7,8,0.5,0.5
2024-06-13T0000,1840A,111.2992,30.6981,宜昌市,白龙岗,,27,27,26,14,14,68,,139,112,19,16,9,7,0.5,0.5
2024-06-13T0000,1841A,111.3549,30.6465,宜昌市,伍家岗,,32,,24,22,19,64,,136,111,18,16,7,7,0.5,0.4
2024-06-13T0000,1842A,111.2628,30.6961,宜昌市,点军区,,33,33,26,17,14,55,,139,111,24,17,6,5,0.3,0.3
2024-06-13T0000,1843A,111.3275,30.7819,宜昌市,夷陵区,,50,50,27,14,14,68,,135,117,20,13,4,5,0.5,0.4
2024-06-13T0000,3546A,111.4606,30.552,宜昌市,猇亭区张家湾站,,,,31,,15,63,,134,103,15,17,11,9,0.5,0.4
2024-06-13T0000,3653A,111.3119,30.7273,宜昌市,云深路,,36,36,28,21,18,74,,147,124,18,14,8,9,0.5,0.4
2024-06-13T0000,2371A,114.3408,27.8064,宜春市,槟榔水业,,,,,,,,,,,,,,,,
2024-06-13T0000,2373A,114.3956,27.7844,宜春市,市石油公司,,24,24,20,9,10,18,,35,28,15,10,3,4,1.3,0.8
2024-06-13T0000,2374A,114.3703,27.7914,宜春市,市气象局,,31,31,24,14,13,24,,48,38,15,9,5,6,1.8,1.3
2024-06-13T0000,2375A,114.4013,27.8074,宜春市,市广电局,,29,28,27,20,12,32,,41,,14,10,1,1,1.4,0.9
2024-06-13T0000,3151A,114.375,27.8097,宜春市,宜春学院北校区,,29,28,23,20,14,31,,51,39,14,11,4,6,1.0,0.5
2024-06-13T0000,3415A,114.4519,28.0828,宜春市,万载县环保局,,16,7,16,3,8,25,,66,47,32,17,18,24,0.6,0.6
2024-06-13T0000,2467A,112.4067,28.6428,益阳市,甘溪港,,29,,18,20,16,39,,109,80,11,6,9,5,0.5,0.5
2024-06-13T0000,2468A,112.3458,28.5808,益阳市,市环保局,,46,46,44,3,12,47,,121,87,4,6,8,8,0.4,0.4
2024-06-13T0000,2469A,112.3437,28.5531,益阳市,市特殊教育学校,,39,39,43,12,17,44,,119,86,10,9,6,6,0.6,0.6
2024-06-13T0000,2470A,112.3347,28.6047,益阳市,资阳区政务中心,,23,23,29,14,15,37,,110,76,11,9,5,5,0.6,0.6
2024-06-13T0000,2471A,112.3744,28.5819,益阳市,赫山环保分局,,35,35,36,3,11,44,,117,81,6,5,6,6,0.7,0.7
2024-06-13T0000,1484A,105.9512,38.6016,银川市,贺兰山马莲口,,49,49,43,20,16,136,,158,144,3,9,6,6,0.1,0.3
2024-06-13T0000,1488A,106.2328,38.4975,银川市,贺兰山东路,颗粒物(PM10),65,80,61,36,27,64,,160,124,50,38,7,8,0.6,0.5
2024-06-13T0000,1489A,106.1358,38.5036,银川市,学院路,颗粒物(PM10),73,96,77,34,30,38,,157,113,67,37,8,7,0.5,0.5
2024-06-13T0000,2924A,106.2266,38.4418,银川市,水乡路,颗粒物(PM10),60,69,73,21,20,34,,145,110,76,36,8,10,0.7,0.5
2024-06-13T0000,2925A,106.2757,38.4842,银川市,上海东路,,50,50,46,11,16,12,,157,107,99,46,12,11,0.9,0.5
2024-06-13T0000,2926A,106.1015,38.497,银川市,文昌北街,颗粒物(PM10),74,98,59,23,23,15,,146,98,104,45,17,8,0.6,0.5
2024-06-13T0000,3523A,106.5105,38.3856,银川市,滨河新区,颗粒物(PM10),65,80,76,21,19,62,,167,117,45,28,29,48,0.5,0.5
2024-06-13T0000,2357A,116.9822,28.1136,鹰潭市,龙虎山,,,,,,,,,,,,,,,,
2024-06-13T0000,2358A,117.0564,28.2642,鹰潭市,新监测站,,29,29,20,16,10,28,,68,46,16,7,35,15,0.9,0.5
2024-06-13T0000,2359A,117.0311,28.2475,鹰潭市,财苑宾馆,,24,24,17,14,7,35,,63,48,15,8,28,10,0.6,0.4
2024-06-13T0000,2360A,117.0222,28.2264,鹰潭市,体育馆,,39,39,24,24,10,50,,72,52,35,15,27,12,0.9,0.4
2024-06-13T0000,2361A,117.0017,28.2131,鹰潭市,三川水表,,40,40,20,21,6,46,,64,44,45,15,19,10,1.1,0.4
2024-06-13T0000,1597A,122.2703,40.7094,营口市,大庆路,,33,33,35,20,18,94,,151,115,24,19,7,6,0.6,0.7
2024-06-13T0000,1598A,122.2150,40.6511,营口市,镜湖西路,,36,36,38,17,15,102,,153,132,19,14,5,7,0.5,0.6
2024-06-13T0000,1599A,122.1658,40.6789,营口市,西炮台,,33,33,40,16,21,99,,145,126,20,15,5,5,0.4,0.5
2024-06-13T0000,3379A,122.1139,40.2278,营口市,鲅鱼圈市民活动中心,,35,26,32,15,16,110,,163,130,11,13,5,7,0.5,0.5
2024-06-13T0000,3866A,122.2469,40.66302,营口市,三高中,,35,31,36,18,20,112,,165,144,13,8,8,7,0.5,0.6
2024-06-13T0000,4006A,122.3622,40.6762,营口市,老边实验小学,,45,45,37,27,20,70,,171,122,52,24,8,6,1.1,0.5
2024-06-13T0000,2477A,111.6217,26.2081,永州市,零陵南津渡,,25,,23,17,12,44,,45,45,6,6,5,5,0.5,0.5
2024-06-13T0000,2478A,111.6156,26.4214,永州市,市环境监测站,,22,21,18,15,12,40,,56,52,9,7,7,7,0.6,0.7
2024-06-13T0000,2479A,111.6236,26.2331,永州市,零陵区环保局,,31,31,24,17,13,50,,55,53,6,6,7,7,0.5,0.5
2024-06-13T0000,2480A,111.5992,26.4364,永州市,永州市环保局,,22,20,17,15,12,38,,49,46,8,7,6,8,0.6,0.6
2024-06-13T0000,2481A,111.5989,26.4519,永州市,冷水滩区环保局,,28,27,19,19,13,40,,49,,8,7,5,13,0.7,0.9
2024-06-13T0000,2638A,109.7414,38.3344,榆林市,红石峡森林公园,颗粒物(PM10),61,72,64,28,5,56,,169,116,55,30,11,15,0.5,0.5
2024-06-13T0000,2639A,109.7456,38.2911,榆林市,世纪广场,颗粒物(PM10),62,73,55,28,24,62,,160,112,58,43,21,17,0.6,0.5
2024-06-13T0000,2640A,109.7289,38.2839,榆林市,实验中学,颗粒物(PM10),62,74,59,25,20,63,,166,121,54,31,13,15,0.6,0.5
2024-06-13T0000,2641A,109.7336,38.2478,榆林市,环保监测大楼,颗粒物(PM10),56,62,54,24,20,51,,160,115,60,39,9,14,0.7,0.5
2024-06-13T0000,2509A,110.1106,22.7019,玉林市,寒山水库,,27,27,28,11,14,34,,65,44,9,6,6,7,0.6,0.6
2024-06-13T0000,2510A,110.1675,22.6411,玉林市,市监测站,,35,35,26,8,15,37,,74,52,11,6,21,14,0.7,0.5
2024-06-13T0000,2511A,110.1433,22.6164,玉林市,南江一中,,42,42,37,10,13,39,,72,46,12,11,8,10,0.6,0.5
2024-06-13T0000,3532A,110.1945,22.6831,玉林市,玉林师范学院东校区,,24,24,21,8,11,48,,66,51,11,12,13,3,0.5,0.5
2024-06-13T0000,3533A,110.0527,22.5893,玉林市,福绵环保局,,21,21,23,10,14,48,,72,51,8,8,1,3,0.5,0.5
2024-06-13T0000,2675A,97,33.0014,玉树藏族自治州,玉树县结古镇,,24,6,3,3,2,76,,114,104,11,4,10,10,0.5,0.5
2024-06-13T0000,1715A,102.575,24.3711,玉溪市,东风水库,,32,32,21,10,12,32,,66,52,9,9,7,6,0.6,0.6
2024-06-13T0000,2882A,102.5389,24.3703,玉溪市,玉溪一中,,16,16,15,9,7,29,,64,46,15,13,10,8,0.6,0.6
2024-06-13T0000,2883A,102.5381,24.3389,玉溪市,文体中心,,15,15,22,8,9,34,,65,49,12,12,10,9,0.6,0.6
2024-06-13T0000,1847A,113.1094,29.3578,岳阳市,南湖风景区,,28,25,24,19,17,66,,111,90,9,10,7,6,0.6,0.6
2024-06-13T0000,1848A,113.1493,29.4251,岳阳市,城陵矶,,46,46,29,20,21,36,,104,,38,34,7,6,0.9,0.8
2024-06-13T0000,1849A,113.1497,29.3575,岳阳市,开发区,,23,22,24,16,16,43,,118,87,25,15,5,4,0.5,0.5
2024-06-13T0000,1850A,113.2621,29.4758,岳阳市,云溪区,,26,26,28,15,15,54,,118,68,6,9,6,6,0.5,0.6
2024-06-13T0000,1851A,112.9943,29.4402,岳阳市,君山区,,23,18,20,16,16,63,,104,,15,10,4,4,0.7,0.6
2024-06-13T0000,1852A,113.2117,29.355,岳阳市,金凤水库,,26,22,24,18,13,46,,125,89,19,10,4,4,0.7,0.8
2024-06-13T0000,1712A,112.0392,22.9169,云浮市,新市府,,10,6,19,6,11,32,,58,46,2,6,5,5,0.5,0.5
2024-06-13T0000,1714A,112.0539,22.9539,云浮市,牧羊,,22,22,27,6,12,16,,62,37,19,18,7,8,0.4,0.5
2024-06-13T0000,3628A,112.0336,22.9374,云浮市,文笔,,16,,12,11,8,49,,64,56,3,8,3,4,0.5,0.5
2024-06-13T0000,2175A,110.9956,35.0147,运城市,运城中学,臭氧1小时,64,70,114,23,26,171,,208,168,11,18,8,9,0.5,0.9
2024-06-13T0000,2178A,110.9686,35.0303,运城市,地区技校,臭氧1小时,78,81,115,35,27,182,,230,189,11,25,8,8,0.5,0.6
2024-06-13T0000,2179A,111.0414,35.1147,运城市,空港新区,颗粒物(PM10),83,116,137,38,36,96,,212,147,39,34,8,13,0.6,0.8
2024-06-13T0000,3667A,111.0283,35.0547,运城市,水利职院,臭氧1小时,72,71,122,33,35,177,,217,192,9,27,6,7,0.4,0.8
2024-06-13T0000,3670A,111.0522,35.0439,运城市,禹都公园,,,,133,,31,168,,218,182,,22,8,8,,1
2024-06-13T0000,1637A,117.558,34.8438,枣庄市,市中区政府,臭氧1小时,67,61,90,22,23,173,,229,202,25,23,9,10,1.0,0.7
2024-06-13T0000,1638A,117.2852,34.7837,枣庄市,薛城环保局,颗粒物(PM10),62,73,92,20,24,164,,226,207,20,20,6,7,0.7,0.8
2024-06-13T0000,1639A,117.5852,34.7745,枣庄市,峄城区政府,颗粒物(PM10),62,73,97,22,28,158,,228,203,26,20,7,8,0.6,0.5
2024-06-13T0000,1640A,117.7276,34.5578,枣庄市,台儿庄区环保局,颗粒物(PM10),92,134,96,22,27,143,,224,194,21,20,9,9,0.6,0.7
2024-06-13T0000,1641A,117.4518,35.0992,枣庄市,山亭区环保局,,45,34,66,7,20,144,,223,198,21,19,6,9,0.6,0.8
2024-06-13T0000,3364A,117.3152,34.8103,枣庄市,市环保局,颗粒物(PM10),59,68,83,19,20,166,,216,199,20,21,5,7,0.5,0.6
2024-06-13T0000,1680A,110.3539,21.2706,湛江市,湛江影剧院,,27,27,27,10,10,56,,68,54,9,14,12,8,0.4,0.4
2024-06-13T0000,1681A,110.3928,21.2228,湛江市,市环境监测站,,18,16,24,12,12,56,,65,56,11,12,6,6,0.6,0.6
2024-06-13T0000,1682A,110.4019,21.1997,湛江市,环保局宿舍,,27,27,25,12,13,39,,64,51,25,16,7,10,0.5,0.4
2024-06-13T0000,1683A,110.4111,21.2028,湛江市,霞山游泳场,,24,24,22,10,11,48,,66,51,12,13,7,9,0.4,0.4
2024-06-13T0000,1684A,110.3316,21.2679,湛江市,麻章区环保局,,35,35,33,24,22,48,,68,52,11,15,27,10,0.4,0.5
2024-06-13T0000,1685A,110.4558,21.2567,湛江市,坡头区环保局,,20,20,26,13,13,58,,70,56,9,12,5,5,0.4,0.4
2024-06-13T0000,1858A,110.5319,29.1217,张家界市,永定新区,,24,24,16,14,13,18,,91,54,11,7,2,2,0.2,0.2
2024-06-13T0000,1859A,110.4697,29.1242,张家界市,电业局,,23,,12,16,12,22,,88,57,7,4,4,5,0.4,0.4
2024-06-13T0000,1860A,110.5594,29.3547,张家界市,未央路,,23,20,15,16,13,20,,84,47,7,5,3,3,0.3,0.3
2024-06-13T0000,1861A,110.4417,29.315,张家界市,袁家界,,11,11,13,3,8,20,,87,52,16,14,6,5,0.7,0.7
2024-06-13T0000,1057A,114.8883,40.8336,张家口市,人民公园,,35,33,35,8,7,110,,156,141,18,10,3,3,0.3,0.2
2024-06-13T0000,1059A,114.8687,40.8042,张家口市,五金库,,39,27,34,14,11,122,,152,137,14,13,6,6,0.2,0.2
2024-06-13T0000,1060A,114.8902,40.762,张家口市,世纪豪园,,37,20,30,9,9,116,,150,134,6,5,2,4,0.3,0.3
2024-06-13T0000,1061A,114.8916,40.8661,张家口市,北泵房,,42,20,27,14,7,134,,162,149,9,8,8,9,0.8,0.7
2024-06-13T0000,3131A,114.879,40.7993,张家口市,烟厂,,35,35,42,11,10,112,,150,136,14,9,4,3,0.3,0.3
2024-06-13T0000,3323A,115.2773,40.9724,张家口市,青少年活动中心,,31,10,26,3,8,97,,144,134,5,5,2,2,0.2,0.2
2024-06-13T0000,2654A,100.4698,38.9524,张掖市,润泉湖,,49,49,30,27,15,89,,146,126,22,11,6,10,0.3,0.3
2024-06-13T0000,2655A,100.4154,38.9422,张掖市,区工会,颗粒物(PM10),66,81,37,20,13,98,,150,128,17,12,6,8,0.2,0.2
2024-06-13T0000,2075A,117.6336,24.4674,漳州市,九湖,,,,,,,,,,,,,,,,
2024-06-13T0000,2920A,117.7116,24.506,漳州市,蓝田镇,颗粒物(PM10),52,53,29,22,13,0,,58,20,34,15,4,4,0.6,0.4
2024-06-13T0000,3216A,114.6622,24.5183,漳州市,漳州党校,,32,32,31,16,14,10,,69,33,33,14,5,4,0.6,0.5
2024-06-13T0000,3530A,117.6296,24.5314,漳州市,西洋坪路,,21,21,25,10,14,2,,60,21,23,13,2,2,0.6,0.6
2024-06-13T0000,2596A,103.7667,27.3736,昭通市,监测站,,44,44,32,17,16,81,,133,114,23,12,7,7,0.3,0.4
2024-06-13T0000,2597A,103.7225,27.3361,昭通市,环保局,,36,36,27,22,15,95,,138,118,19,15,6,5,0.3,0.3
2024-06-13T0000,1397A,112.4267,23.0706,肇庆市,睦岗子站,,22,22,26,11,14,7,,92,48,32,19,6,7,0.4,0.3
2024-06-13T0000,1398A,112.4645,23.0475,肇庆市,城中子站,,22,22,25,15,15,27,,87,55,22,22,11,10,0.5,0.5
2024-06-13T0000,1399A,112.5544,23.1522,肇庆市,坑口子站,,16,16,23,10,15,20,,90,54,17,17,7,8,0.1,0.2
2024-06-13T0000,1400A,112.4753,23.1,肇庆市,七星岩子站,,,,,,,,,,,,,,,,
2024-06-13T0000,3313A,112.4575,23.0166,肇庆市,高要湖西,,28,28,28,10,14,30,,90,53,13,14,5,6,0.3,0.3
2024-06-13T0000,3451A,112.5617,23.2083,肇庆市,鼎湖凤凰,,21,21,18,13,12,22,,98,62,7,6,6,6,0.2,0.2
2024-06-13T0000,1203A,119.6707,32.1875,镇江市,新区办事处,,43,38,34,30,27,56,,202,145,29,25,7,4,0.8,0.6
2024-06-13T0000,1204A,119.4974,32.1968,镇江市,职教中心,细颗粒物(PM2.5),53,44,39,37,43,42,,195,134,38,30,7,7,0.9,0.8
2024-06-13T0000,1205A,119.4303,32.1328,镇江市,丹徒区监测站,细颗粒物(PM2.5),52,,41,36,33,66,,210,170,17,15,4,5,0.7,0.7
2024-06-13T0000,2870A,119.4424,32.1873,镇江市,市疾控中心,,38,35,36,26,24,61,,175,,20,19,3,3,0.9,0.7
2024-06-13T0000,3287A,119.3842,32.1976,镇江市,富润路1号,,48,,23,33,28,73,,209,169,24,19,7,6,0.8,0.7
2024-06-13T0000,1316A,113.69031,34.76122,郑州市,烟厂,颗粒物(PM10),56,62,86,27,32,119,,229,176,34,24,6,9,0.6,0.5
2024-06-13T0000,1317A,113.65724,34.77134,郑州市,郑纺机,颗粒物(PM10),52,53,92,25,30,127,,227,168,25,23,4,6,0.5,0.5
2024-06-13T0000,1318A,113.67526,34.80246,郑州市,银行学校,颗粒物(PM10),54,57,75,27,31,140,,243,188,25,21,7,9,0.4,0.5
2024-06-13T0000,1319A,113.56746,34.81334,郑州市,供水公司,颗粒物(PM10),51,52,101,24,34,145,,242,185,26,26,7,9,0.5,0.5
2024-06-13T0000,1320A,113.7329,34.7178,郑州市,经开区管委,颗粒物(PM10),63,76,83,42,40,91,,224,170,46,24,7,7,0.6,0.6
2024-06-13T0000,1321A,113.73961,34.77172,郑州市,四十七中,颗粒物(PM10),58,66,85,24,29,119,,230,176,24,17,6,7,0.6,0.6
2024-06-13T0000,1322A,113.60532,34.74838,郑州市,市监测站,,46,46,116,26,36,134,,226,141,16,20,2,8,0.8,0.7
2024-06-13T0000,1323A,113.64164,34.7525,郑州市,河医大,,50,50,93,24,25,147,,243,187,18,18,9,9,0.5,0.6
2024-06-13T0000,1324A,113.51488,34.91089,郑州市,岗李水库,,,,,,,,,,,,,,,,
2024-06-13T0000,3471A,113.616563,34.86783,郑州市,惠济区政府,颗粒物(PM10),67,84,119,18,33,100,,234,176,22,22,4,6,0.7,0.7
2024-06-13T0000,3590A,113.8374,34.5589,郑州市,北区建设指挥部,颗粒物(PM10),60,70,73,24,27,120,,224,171,18,23,7,11,0.6,0.6
2024-06-13T0000,3591A,113.30952,34.803229,郑州市,上街区政府,颗粒物(PM10),58,66,110,32,39,134,,236,190,20,16,7,10,0.4,0.5
2024-06-13T0000,1379A,113.3769,22.5211,中山市,华柏园,,19,19,20,11,11,46,,60,52,8,8,6,6,0.2,0.3
2024-06-13T0000,1380A,113.3881,22.5497,中山市,张溪,,15,11,22,9,12,45,,65,53,6,7,6,6,0.4,0.4
2024-06-13T0000,1381A,113.4075,22.5111,中山市,紫马岭,,16,16,20,3,7,49,,64,55,6,6,6,6,0.2,0.2
2024-06-13T0000,1382A,113.4411,22.4853,中山市,长江旅游区,,,,,,,,,,,,,,,,
2024-06-13T0000,3454A,113.3528,22.478,中山市,中山南区,,14,14,20,3,8,44,,61,50,8,8,4,4,0.3,0.3
2024-06-13T0000,2680A,105.0025,37.4635,中卫市,沙坡头消防站,,,,,,,,,,,,,,,,
2024-06-13T0000,2682A,105.1971,37.5002,中卫市,环保局站,,50,50,49,10,17,106,,141,117,17,19,9,9,0.2,0.3
2024-06-13T0000,3650A,105.1698,37.5162,中卫市,沙坡头区政府站,颗粒物(PM10),52,53,57,19,25,67,,147,118,50,21,6,9,0.5,0.4
2024-06-13T0000,1414A,106.3787,29.8279,重庆市,缙云山,,39,34,20,15,9,123,,164,158,8,11,10,8,0.2,0.2
2024-06-13T0000,1416A,106.4213,29.8253,重庆市,天生,细颗粒物(PM2.5),52,38,37,36,20,51,,175,134,35,23,14,9,0.6,0.5
2024-06-13T0000,1417A,106.6263,29.7228,重庆市,两路,,39,39,31,21,19,69,,144,110,34,35,7,7,0.8,0.8
2024-06-13T0000,1418A,106.2953,29.5983,重庆市,虎溪,细颗粒物(PM2.5),55,49,49,39,40,45,,149,111,67,27,6,6,0.7,0.6
2024-06-13T0000,1419A,106.5777,29.5102,重庆市,南坪,,42,42,41,25,25,111,,148,140,15,18,10,9,0.6,0.5
2024-06-13T0000,1420A,106.6556,29.6277,重庆市,唐家沱,,47,47,31,32,18,43,,156,133,53,21,5,5,0.8,0.6
2024-06-13T0000,1421A,106.6349,29.4906,重庆市,茶园,颗粒物(PM10),51,51,40,26,21,39,,120,88,75,32,6,5,1.0,0.8
2024-06-13T0000,1422A,106.3754,29.4572,重庆市,白市驿,,48,40,43,33,29,139,,167,154,18,17,7,6,0.8,0.6
2024-06-13T0000,1425A,106.6205,29.7166,重庆市,空港,细颗粒物(PM2.5),58,45,36,41,28,58,,158,122,51,32,6,6,1.1,0.8
2024-06-13T0000,1426A,106.4782,29.4875,重庆市,新山村,,44,44,41,30,33,49,,139,105,88,37,3,3,1.1,0.7
2024-06-13T0000,1427A,106.5616,29.6453,重庆市,礼嘉,颗粒物(PM10),53,55,33,29,21,68,,142,114,55,43,9,8,1.0,0.8
2024-06-13T0000,1428A,106.4522,29.7091,重庆市,蔡家,,50,50,36,31,23,62,,171,138,40,24,6,5,0.6,0.5
2024-06-13T0000,1429A,106.5093,29.3917,重庆市,鱼新街,颗粒物(PM10),51,52,38,33,20,45,,136,95,47,28,5,6,0.9,0.8
2024-06-13T0000,3014A,106.4958,29.5346,重庆市,歇台子,颗粒物(PM10),62,73,50,34,27,58,,134,116,73,28,6,6,1.0,0.6
2024-06-13T0000,3015A,106.4037,29.5728,重庆市,龙井湾,,42,42,42,27,22,114,,157,150,21,19,7,5,0.7,0.6
2024-06-13T0000,3016A,106.5507,29.4153,重庆市,龙洲湾,细颗粒物(PM2.5),53,45,31,37,28,99,,152,142,26,13,9,9,0.8,0.7
2024-06-13T0000,3133A,106.5468,29.5654,重庆市,上清寺,二氧化氮,57,48,47,30,27,10,,139,95,114,39,6,6,1.4,0.8
2024-06-13T0000,3346A,108.3872,31.1628,重庆市,安康,,35,33,24,24,29,43,,115,76,29,16,6,6,0.4,0.5
2024-06-13T0000,3347A,105.9017,29.3569,重庆市,北山路,,38,32,24,26,18,118,,136,135,19,14,4,4,0.8,0.8
2024-06-13T0000,3348A,105.839,30.1946,重庆市,春阳街,,39,34,28,27,26,71,,100,80,24,13,4,4,0.7,0.6
2024-06-13T0000,3349A,107.7983,30.6758,重庆市,人民东路,,41,41,36,26,21,39,,122,93,38,16,5,5,0.8,0.7
2024-06-13T0000,3350A,106.6479,29.0244,重庆市,滩子口,颗粒物(PM10),51,52,41,26,23,32,,117,89,31,14,5,7,0.6,0.6
2024-06-13T0000,3351A,105.7167,29.7076,重庆市,棠香,,29,29,28,16,19,66,,126,99,16,11,5,5,0.8,0.7
2024-06-13T0000,3352A,107.0732,29.8617,重庆市,桃源西路,,39,28,31,27,20,70,,132,104,14,13,9,10,0.6,0.6
2024-06-13T0000,3353A,107.3535,29.7287,重庆市,迎宾大道,,30,30,30,20,17,0,,126,70,26,12,4,4,0.8,0.7
2024-06-13T0000,3354A,108.815,29.5081,重庆市,舟白,,15,10,17,10,15,32,,119,86,26,8,4,4,0.5,0.3
2024-06-13T0000,3355A,108.3679,30.8426,重庆市,周家坝,,36,34,26,25,27,37,,97,70,29,20,13,13,0.7,0.6
2024-06-13T0000,3356A,108.4319,30.7555,重庆市,百安坝,颗粒物(PM10),76,102,45,35,26,66,,113,100,13,9,10,10,0.4,0.4
2024-06-13T0000,3482A,107.7541,29.3277,重庆市,芙蓉中路,细颗粒物(PM2.5),57,,22,40,17,15,,116,78,34,14,18,6,0.7,0.6
2024-06-13T0000,3483A,108.7661,29.5368,重庆市,西山,,28,,19,19,17,22,,93,60,29,9,4,4,0.6,0.5
2024-06-13T0000,3484A,106.2628,29.32,重庆市,行政中心,细颗粒物(PM2.5),119,102,58,90,54,16,,157,100,58,24,12,9,1.4,0.8
2024-06-13T0000,3485A,107.0944,29.1608,重庆市,高寺路,细颗粒物(PM2.5),52,,28,36,36,45,,106,79,15,10,5,6,0.5,0.5
2024-06-13T0000,3599A,106.2649,29.9851,重庆市,书院路,细颗粒物(PM2.5),68,,33,49,28,66,,165,130,22,20,9,10,0.6,0.7
2024-06-13T0000,3600A,106.2339,29.5559,重庆市,虎峰,,48,48,46,22,23,81,,143,131,18,12,7,6,0.5,0.8
2024-06-13T0000,3601A,106.0499,29.8342,重庆市,龙门街,细颗粒物(PM2.5),65,,32,47,30,39,,148,123,33,17,9,18,1.0,0.8
2024-06-13T0000,3610A,105.5933,29.4105,重庆市,昌元,,41,41,27,20,17,16,,128,85,50,21,4,4,0.8,0.7
2024-06-13T0000,1258A,122.122,30.0203,舟山市,定海檀枫,,28,20,18,12,9,4,,61,23,55,38,7,7,0.7,0.7
2024-06-13T0000,1260A,122.19,29.9944,舟山市,临城新区,,24,24,13,16,7,6,,47,15,42,38,5,4,0.4,0.4
2024-06-13T0000,4033A,122.3123,29.9619,舟山市,普陀东港中学,,24,24,13,16,10,14,,53,35,39,29,7,7,0.4,0.3
2024-06-13T0000,2067A,114.6613,33.6128,周口市,市环境监测站,,50,50,61,25,24,99,,188,157,16,16,7,8,0.3,0.4
2024-06-13T0000,2068A,114.6758,33.6347,周口市,周口师范,,45,45,51,18,23,101,,176,153,9,9,5,5,0.5,0.6
2024-06-13T0000,2069A,114.6546,33.5979,周口市,市运管处,,45,45,54,17,20,102,,195,162,11,10,1,2,0.5,0.5
2024-06-13T0000,2070A,114.6369,33.6406,周口市,川汇区环保局,颗粒物(PM10),53,55,54,26,25,107,,196,167,13,14,3,2,0.4,0.4
2024-06-13T0000,1515A,113.135,27.8244,株洲市,天台山庄,,11,9,14,7,12,33,,63,50,8,9,5,5,0.6,0.6
2024-06-13T0000,1518A,113.095,27.8867,株洲市,株冶医院,,10,10,16,7,10,28,,69,50,12,13,6,6,0.5,0.6
2024-06-13T0000,1519A,113.167,27.8667,株洲市,市四中,,12,9,16,7,9,37,,61,50,8,9,7,7,0.6,0.5
2024-06-13T0000,1520A,113.143,27.8381,株洲市,火车站,,11,11,16,3,8,29,,58,38,10,9,6,6,0.5,0.6
2024-06-13T0000,1524A,113.13,27.8528,株洲市,市监测站,,13,12,15,8,6,39,,62,51,8,8,6,6,0.8,0.8
2024-06-13T0000,1559A,113.251,27.8336,株洲市,大京风景区,,15,15,14,10,7,20,,61,36,4,3,4,3,0.6,0.6
2024-06-13T0000,2031A,113.1817,27.9958,株洲市,云田中学,,26,26,16,14,11,46,,72,56,3,4,8,7,0.6,0.6
2024-06-13T0000,1367A,113.5814,22.2618,珠海市,吉大,细颗粒物(PM2.5),60,,21,43,21,45,,56,47,4,3,4,4,0.2,0.3
2024-06-13T0000,1368A,113.4881,22.2335,珠海市,前山,,22,22,21,10,10,46,,54,48,4,3,5,5,0.4,0.4
2024-06-13T0000,1369A,113.628,22.4251,珠海市,唐家,,16,16,19,3,8,35,,55,39,6,6,5,4,0.3,0.3
2024-06-13T0000,1370A,113.299,22.2281,珠海市,斗门,,,,20,,8,,,45,,,4,,6,,0.5
2024-06-13T0000,3308A,113.3494,22.0569,珠海市,金湾,,26,24,21,18,8,56,,57,55,4,5,3,4,0.4,0.4
2024-06-13T0000,3448A,113.5433,22.1163,珠海市,横琴,,27,27,24,11,9,68,,69,64,3,3,4,4,0.5,0.5
2024-06-13T0000,2420A,114.0189,32.9656,驻马店市,市一纸厂,,38,38,51,23,21,111,,165,140,11,14,6,6,0.3,0.4
2024-06-13T0000,2421A,114.0114,33.015,驻马店市,市彩印厂,,45,45,47,21,25,118,,174,152,13,13,4,4,0.4,0.4
2024-06-13T0000,2422A,113.9976,32.9771,驻马店市,天方二分厂,颗粒物(PM10),53,56,52,26,32,104,,162,137,15,13,7,7,0.5,0.5
2024-06-13T0000,3339A,114.0012,33.0412,驻马店市,小管楼,,49,49,48,22,27,112,,170,148,8,10,10,8,0.5,0.5
2024-06-13T0000,2561A,104.6617,30.1372,资阳市,莲花山,,42,42,29,24,18,114,,137,128,12,11,1,8,0.5,0.6
2024-06-13T0000,2562A,104.6356,30.1506,资阳市,资阳中学,,32,,22,22,19,97,,146,123,10,9,9,9,0.5,0.5
2024-06-13T0000,2563A,104.6295,30.1383,资阳市,四三一厂,,39,,26,27,17,87,,140,124,16,8,7,7,0.6,0.5
2024-06-13T0000,2564A,104.6463,30.1146,资阳市,师范校,,38,35,26,26,16,90,,140,121,15,9,7,7,0.7,0.7
2024-06-13T0000,2565A,104.6296,30.1256,资阳市,区法院,,49,49,26,22,17,94,,146,122,18,11,5,5,0.7,0.6
2024-06-13T0000,1631A,118.0414,36.8103,淄博市,人民公园,颗粒物(PM10),53,56,69,24,25,68,,208,131,46,19,21,16,0.7,0.4
2024-06-13T0000,1633A,117.8525,36.4847,淄博市,双山,,36,27,50,16,21,115,,210,154,21,16,13,13,0.8,0.7
2024-06-13T0000,1634A,117.9592,36.6331,淄博市,气象站,,46,19,56,12,24,146,,205,151,15,16,12,14,0.6,0.6
2024-06-13T0000,1635A,118.3092,36.8194,淄博市,莆田园,颗粒物(PM10),59,68,79,31,26,66,,216,127,50,25,9,13,0.6,0.5
2024-06-13T0000,3363A,117.9883,36.8372,淄博市,新区,,33,31,58,12,18,104,,216,148,28,17,14,13,0.6,0.5
2024-06-13T0000,3644A,117.8661,36.805,淄博市,三金集团,,35,26,57,14,19,110,,203,143,28,22,12,15,0.5,0.6
2024-06-13T0000,3645A,118.0253,36.8406,淄博市,东风化工厂,,46,46,75,9,20,79,,210,136,32,19,11,13,0.6,0.6
2024-06-13T0000,3027A,104.72,29.3427,自贡市,青杠林路,,29,29,25,19,17,34,,128,97,30,10,6,6,0.6,0.5
2024-06-13T0000,3028A,104.776,29.3627,自贡市,檀木林体育馆,,26,24,23,18,17,77,,123,113,25,12,6,6,0.4,0.4
2024-06-13T0000,3360A,104.7894,29.3194,自贡市,南湖救助站,,40,34,24,25,23,0,,118,86,79,17,5,5,0.7,0.5
2024-06-13T0000,3638A,104.7636,29.3338,自贡市,轻化工大学,,28,28,22,17,17,31,,119,89,55,17,7,7,0.5,0.4
2024-06-13T0000,1911A,106.9222,27.6869,遵义市,丁字口,,24,24,16,8,6,28,,95,63,33,13,5,4,0.7,0.5
2024-06-13T0000,1912A,106.9242,27.7019,遵义市,凤凰山,,31,31,14,10,8,38,,109,95,11,4,3,3,0.4,0.4
2024-06-13T0000,1913A,106.8906,27.6486,遵义市,忠庄,,30,27,23,21,12,38,,108,90,30,12,3,2,0.7,0.6
2024-06-13T0000,1914A,106.9231,27.6506,遵义市,舟水桥,颗粒物(PM10),57,64,24,23,9,14,,111,70,23,14,1,2,0.6,0.5
2024-06-13T0000,1915A,106.9178,27.72,遵义市,干田坝,,30,30,14,9,8,22,,120,84,30,12,5,5,0.5,0.4
2024-06-13T0000,3536A,106.8547,27.5919,遵义市,第十二小学,,26,26,16,11,7,12,,110,65,47,15,3,4,0.6,0.6
2024-06-13T0000,2566A,102.1879,31.914,阿坝藏族羌族自治州,州农科所,,,23,25,7,10,19,,29,25,6,12,3,3,,0.1
2024-06-13T0000,2568A,102.2502,31.8896,阿坝藏族羌族自治州,马师校,,28,,14,19,14,20,,58,41,20,14,5,5,0.4,0.4
2024-06-13T0000,3994A,102.2165,31.9024,阿坝藏族羌族自治州,马尔康中学西区,,19,,13,13,11,24,,63,51,13,6,5,6,0.3,0.3
2024-06-13T0000,2695A,80.292,41.1694,阿克苏地区,电视台,颗粒物(PM10),52,53,35,16,12,80,,141,131,41,14,3,4,0.5,0.3
2024-06-13T0000,2696A,80.2613,41.1551,阿克苏地区,艺术中心,颗粒物(PM10),52,54,38,17,13,46,,139,119,67,20,3,4,0.8,0.4
2024-06-13T0000,2204A,105.6467,38.8363,阿拉善盟,西城区西花园,颗粒物(PM10),58,65,51,17,15,113,,149,129,13,13,8,8,0.8,0.7
2024-06-13T0000,2205A,105.6985,38.8411,阿拉善盟,蒙二幼,颗粒物(PM10),55,60,57,16,16,116,,142,128,4,7,9,10,0.4,0.4
2024-06-13T0000,2206A,105.724,38.8516,阿拉善盟,环保局新楼,颗粒物(PM10),54,57,44,16,14,127,,144,134,4,6,9,10,0.4,0.4
2024-06-13T0000,2708A,88.1264,47.8517,阿勒泰地区,市站,,24,24,21,9,8,72,,112,106,16,7,6,6,0.4,0.4
2024-06-13T0000,2630A,80.1161,32.5,阿里地区,阿里监测站,臭氧1小时,88,15,18,9,15,190,,215,208,6,8,6,6,0.4,0.4
2024-06-13T0000,3192A,80.0903,32.5028,阿里地区,阿里藏医院,臭氧1小时,87,18,21,8,12,189,,211,206,4,5,6,7,0.4,0.5
2024-06-13T0000,2642A,109.0318,32.6537,安康市,香溪洞,,37,37,26,19,16,102,,120,114,4,5,6,6,0.5,0.6
2024-06-13T0000,2643A,109.0281,32.6939,安康市,安康市监测站,,36,36,32,14,15,62,,120,93,12,8,9,8,0.5,0.5
2024-06-13T0000,2644A,109.0072,32.6975,安康市,汉滨区检察院,,30,30,28,14,17,63,,121,97,8,7,6,7,0.4,0.5
2024-06-13T0000,2291A,117.0809,30.5177,安庆市,环科院,,25,25,22,17,14,59,,126,106,12,14,4,4,0.5,0.6
2024-06-13T0000,2292A,117.0331,30.5119,安庆市,马山宾馆,,30,25,25,21,14,60,,126,100,15,21,8,8,0.7,0.8
2024-06-13T0000,2294A,116.9896,30.6145,安庆市,安庆大学,,25,20,28,17,18,65,,140,104,14,18,8,9,0.5,0.6
2024-06-13T0000,3173A,117.0598,30.5351,安庆市,市人大,,28,22,21,19,14,66,,135,117,10,13,6,7,0.5,0.6
2024-06-13T0000,3122A,105.9606,26.2611,安顺市,伍家关,,,,,,,,,,,,,,,,
2024-06-13T0000,3123A,105.9408,26.2431,安顺市,凤凰山,,25,15,14,10,10,78,,132,114,15,9,5,6,0.6,0.6
2024-06-13T0000,3124A,105.9439,26.2564,安顺市,金钟山,,26,16,18,14,10,83,,134,116,8,7,6,6,0.4,0.4
2024-06-13T0000,3125A,105.8983,26.2481,安顺市,娄家坡,,29,20,20,10,9,91,,128,115,5,6,5,5,0.5,0.5
2024-06-13T0000,1818A,114.4839,36.0621,安阳市,棉研所,,,,,,,,,,,,,,,,
2024-06-13T0000,1819A,114.3551,36.1017,安阳市,红庙街,颗粒物(PM10),66,81,75,6,29,141,,217,162,16,14,6,7,0.4,0.6
2024-06-13T0000,1820A,114.361,36.0681,安阳市,银杏小区,颗粒物(PM10),61,72,71,17,24,126,,225,156,38,29,9,12,0.6,0.6
2024-06-13T0000,3141A,114.3922,36.0878,安阳市,信访局,颗粒物(PM10),73,95,81,26,24,148,,236,170,11,16,9,10,0.7,0.8
2024-06-13T0000,3669A,114.4705,36.0637,安阳市,左辅环卫站,细颗粒物(PM2.5),70,86,68,51,35,114,,238,185,35,22,4,6,0.7,0.6
2024-06-13T0000,3703A,114.2917,36.0949,安阳市,安钢职工学校,颗粒物(PM10),62,74,80,37,30,85,,207,137,44,24,5,6,0.7,0.6
2024-06-13T0000,1748A,123.044,41.1196,鞍山市,深沟寺,,37,18,28,10,15,116,,186,136,9,11,8,9,0.3,0.5
2024-06-13T0000,1749A,123.011,41.0931,鞍山市,太阳城,,37,24,28,13,15,118,,189,130,9,11,6,7,0.6,0.7
2024-06-13T0000,1750A,123.0485,41.1442,鞍山市,太平,,41,26,32,17,16,129,,180,135,8,15,4,7,0.6,0.8
2024-06-13T0000,1751A,122.9642,41.0971,鞍山市,铁西三道街,,37,25,31,13,16,117,,189,145,19,15,4,4,0.3,0.5
2024-06-13T0000,1752A,122.9341,41.0833,鞍山市,铁西工业园区,,32,28,33,14,17,102,,182,138,23,13,6,7,0.5,0.6
2024-06-13T0000,1753A,123.022,41.0821,鞍山市,明达新区,,40,,82,28,35,116,,176,134,9,11,7,13,0.6,0.8
2024-06-13T0000,1754A,123.1289,41.0228,鞍山市,千山,,,,,,,,,,,,,,,,
2024-06-13T0000,2195A,107.4212,40.761,巴彦淖尔市,附二中,颗粒物(PM10),191,331,91,63,27,105,,144,122,7,18,3,3,0.4,0.4
2024-06-13T0000,2196A,107.37,40.7372,巴彦淖尔市,市环保大楼,颗粒物(PM10),195,340,88,41,19,103,,137,116,7,17,6,2,0.4,0.6
2024-06-13T0000,1956A,86.1472,41.7538,巴音郭楞蒙古自治州,孔雀公园,,30,,50,16,15,96,,119,110,10,12,1,2,0.2,0.2
2024-06-13T0000,1957A,86.1972,41.7166,巴音郭楞蒙古自治州,棉纺厂,颗粒物(PM10),70,90,50,10,16,107,,130,122,8,10,3,3,0.2,0.2
2024-06-13T0000,1958A,86.2357,41.7173,巴音郭楞蒙古自治州,经济开发区,颗粒物(PM10),67,84,49,19,15,112,,133,127,4,5,2,2,0.2,0.2
2024-06-13T0000,2914A,106.7677,31.8794,巴中市,苏山坪,,31,31,28,21,19,98,,127,118,14,12,5,5,0.4,0.4
2024-06-13T0000,3182A,106.7656,31.8545,巴中市,丽阳花园,,37,37,29,24,21,54,,137,110,27,17,5,6,0.6,0.6
2024-06-13T0000,3183A,106.7418,31.8654,巴中市,圣泉水务公司,,43,43,29,26,20,41,,134,113,46,20,5,5,0.7,0.5
2024-06-13T0000,3616A,106.7616,31.8344,巴中市,市中心医院,,36,35,26,25,19,57,,135,109,28,13,5,5,0.6,0.5
2024-06-13T0000,2235A,122.7911,45.6077,白城市,洮北区环保局,,26,25,20,14,16,81,,116,104,12,9,7,4,0.3,0.1
2024-06-13T0000,2236A,122.8738,45.5725,白城市,市环保局,,26,17,19,14,15,81,,112,95,9,10,2,3,0.3,0.3
2024-06-13T0000,2231A,126.4219,41.9171,白山市,喜丰,,23,,20,16,12,59,,137,94,11,11,9,9,0.8,1
2024-06-13T0000,2232A,126.4077,41.9419,白山市,环保局,,,,28,10,13,51,,130,87,11,10,9,9,0.9,0.9
2024-06-13T0000,2647A,104.1724,36.5446,白银市,第三小学,,36,36,44,17,18,114,,158,135,22,22,18,24,0.6,0.7
2024-06-13T0000,2648A,104.1465,36.5482,白银市,动力公司,,36,30,39,22,19,114,,145,130,15,15,21,24,0.8,0.7
2024-06-13T0000,2512A,106.6103,23.9011,百色市,市监测站,,22,16,42,15,22,42,,94,77,14,14,13,14,0.7,0.8
2024-06-13T0000,2513A,106.6538,23.8859,百色市,市中心血站,,23,19,44,16,26,40,,98,74,13,14,10,12,0.7,0.8
2024-06-13T0000,3406A,106.6085,23.8798,百色市,祈福高中,,26,26,44,17,24,36,,98,75,12,15,10,16,0.7,0.8
2024-06-13T0000,2270A,117.396,32.939,蚌埠市,工人疗养院,颗粒物(PM10),54,57,51,21,18,129,,234,179,6,7,8,9,0.5,0.5
2024-06-13T0000,2271A,117.3605,32.9427,蚌埠市,百货大楼,颗粒物(PM10),53,56,53,26,24,148,,234,183,8,10,5,6,0.4,0.5
2024-06-13T0000,2273A,117.4185,32.8911,蚌埠市,蚌埠学院,颗粒物(PM10),51,51,46,23,23,114,,224,168,10,13,6,8,0.5,0.6
2024-06-13T0000,2274A,117.3533,32.9673,蚌埠市,淮上区政府,,48,48,49,28,25,130,,231,182,16,10,7,7,0.4,0.4
2024-06-13T0000,2275A,117.3145,32.8977,蚌埠市,高新区,颗粒物(PM10),53,56,49,22,22,143,,227,183,8,6,8,8,0.5,0.5
2024-06-13T0000,3715A,117.3092,32.9314,蚌埠市,蚌埠田家炳中学,颗粒物(PM10),52,54,52,23,23,148,,238,192,7,8,9,10,0.4,0.4
2024-06-13T0000,1585A,109.8756,40.6532,包头市,市环境监测站,,50,50,79,18,25,75,,149,119,48,45,14,20,0.6,0.7
2024-06-13T0000,1587A,109.9991,40.5842,包头市,包头八中,颗粒物(PM10),54,58,84,22,35,100,,154,134,36,39,31,25,0.7,0.6
2024-06-13T0000,1588A,109.8538,40.6821,包头市,青山宾馆,,46,46,59,18,22,60,,144,112,57,44,28,32,0.6,0.7
2024-06-13T0000,1589A,109.8642,40.6288,包头市,惠龙物流,颗粒物(PM10),54,57,75,26,33,103,,154,133,33,41,23,22,0.6,0.6
2024-06-13T0000,1590A,110.0377,40.5546,包头市,东河鸿龙湾,颗粒物(PM10),59,68,81,13,20,107,,152,127,32,31,28,17,0.4,0.4
2024-06-13T0000,3283A,109.9154,40.5685,包头市,滨河大厦,颗粒物(PM10),53,55,71,20,27,103,,152,128,32,36,15,17,0.5,0.6
2024-06-13T0000,3419A,109.9447,40.6261,包头市,包头市委党校,颗粒物(PM10),54,58,79,25,25,96,,156,135,39,42,16,21,0.5,0.7
2024-06-13T0000,3683A,109.8331,40.6576,包头市,昆区政府,,50,50,66,35,26,91,,149,126,38,40,19,20,0.7,0.8
2024-06-13T0000,1930A,107.185,34.3063,宝鸡市,庙沟村,,44,44,39,17,15,80,,133,80,16,12,9,9,0.3,0.3
2024-06-13T0000,1931A,107.0708,34.3017,宝鸡市,竹园沟,,27,26,28,15,16,84,,129,77,16,15,8,8,0.4,0.4
2024-06-13T0000,1932A,107.1906,34.3672,宝鸡市,三陆医院,,38,38,38,26,19,33,,134,65,34,24,11,9,0.6,0.5
2024-06-13T0000,1933A,107.1431,34.3547,宝鸡市,监测站,,39,,33,27,16,47,,132,71,27,20,8,8,0.4,0.4
2024-06-13T0000,1934A,107.1186,34.3739,宝鸡市,技工学校,,33,33,34,22,17,50,,132,70,23,15,11,8,0.5,0.5
2024-06-13T0000,1935A,107.3906,34.3528,宝鸡市,陈仓区环保局家属楼,颗粒物(PM10),51,52,42,24,19,29,,153,68,46,26,7,12,0.6,0.7
2024-06-13T0000,1936A,107.2058,34.3497,宝鸡市,文理学院,,36,36,36,22,13,51,,138,76,25,17,7,8,0.4,0.4
2024-06-13T0000,1937A,107.2386,34.3622,宝鸡市,三迪小学,,40,40,40,27,16,44,,139,69,31,27,8,8,0.6,0.5
2024-06-13T0000,1051A,115.493,38.8632,保定市,游泳馆,颗粒物(PM10),131,211,137,42,37,172,,235,201,17,22,8,8,0.4,0.2
2024-06-13T0000,1052A,115.5213,38.8959,保定市,华电二区,颗粒物(PM10),112,173,97,43,31,166,,248,190,22,22,3,3,0.7,0.3
2024-06-13T0000,1053A,115.4713,38.9108,保定市,接待中心,颗粒物(PM10),104,158,77,49,40,170,,234,186,19,21,2,2,0.6,0.3
2024-06-13T0000,1054A,115.4612,38.8416,保定市,地表水厂,颗粒物(PM10),79,107,101,50,49,179,,229,195,14,27,2,2,0.8,0.4
2024-06-13T0000,3581A,115.31981,38.95208,保定市,满城区生态环境分局,颗粒物(PM10),128,205,107,48,35,172,,250,196,22,17,4,3,0.3,0.1
2024-06-13T0000,3582A,115.47694,38.76408,保定市,清苑区第二中学,颗粒物(PM10),114,178,114,38,28,177,,241,199,16,19,7,5,0.6,0.3
2024-06-13T0000,3583A,115.62909,39.02311,保定市,徐水物探局,颗粒物(PM10),93,136,114,36,24,186,,248,202,20,26,8,6,0.5,0.3
2024-06-13T0000,4004A,115.4202,38.8656,保定市,双鹰农机,颗粒物(PM10),93,135,100,36,32,188,,249,208,14,21,2,2,0.4,0.2
2024-06-13T0000,4034A,115.5150,38.8590,保定市,植保所站,颗粒物(PM10),93,136,104,34,29,186,,248,205,18,26,11,5,0.6,0.4
2024-06-13T0000,2594A,99.1678,25.1081,保山市,市环境监测站,,21,21,31,6,11,57,,90,74,10,7,6,5,0.5,0.5
2024-06-13T0000,2595A,99.1711,25.1328,保山市,市环保局,,27,27,38,3,13,44,,97,77,4,5,5,5,0.4,0.4
2024-06-13T0000,1866A,109.2262,21.588,北海市,牛尾岭水库,,,,,,,,,,,,,,,,
2024-06-13T0000,1867A,109.1436,21.4086,北海市,海滩公园,,48,48,34,10,4,74,,68,68,4,4,3,3,0.6,0.6
2024-06-13T0000,1868A,109.0981,21.4661,北海市,新市环保局,,27,22,20,3,5,84,,77,77,3,4,4,4,0.6,0.6
2024-06-13T0000,1869A,109.1778,21.5233,北海市,北海工业园,,27,22,20,12,8,84,,78,78,4,5,4,4,0.6,0.6
2024-06-13T0000,3400A,109.1911,21.4415,北海市,龙潭自来水厂,,26,21,17,10,9,81,,74,74,3,4,5,5,0.5,0.5
2024-06-13T0000,1001A,116.3621,39.8784,北京市,万寿西宫,臭氧1小时,59,25,59,3,17,167,,281,263,6,21,1,3,0.2,0.5
2024-06-13T0000,1002A,116.2202,40.2915,北京市,定陵,,42,27,38,10,13,132,,272,239,13,20,3,3,0.4,0.4
2024-06-13T0000,1003A,116.4174,39.9289,北京市,东四,,48,22,64,6,22,153,,271,246,14,36,3,5,0.2,0.5
2024-06-13T0000,1004A,116.4072,39.8863,北京市,天坛,臭氧1小时,57,25,52,6,22,165,,268,248,10,24,3,2,0.2,0.5
2024-06-13T0000,1005A,116.462,39.9365,北京市,农展馆,臭氧1小时,59,27,62,6,20,167,,275,253,12,39,4,5,0.4,0.6
2024-06-13T0000,1006A,116.3392,39.9295,北京市,官园,,50,21,64,7,23,159,,282,255,10,31,2,4,0.2,0.4
2024-06-13T0000,1007A,116.2878,39.9611,北京市,海淀万柳,,42,22,56,8,21,133,,264,236,8,30,4,5,0.3,0.4
2024-06-13T0000,1008A,116.6636,40.135,北京市,顺义新城,,,,51,,17,,,250,250,,21,,2,,0.4
2024-06-13T0000,1009A,116.6275,40.3275,北京市,怀柔镇,,48,20,40,7,16,151,,239,219,2,11,2,3,0.5,0.6
2024-06-13T0000,1010A,116.2296,40.217,北京市,昌平镇,,36,27,43,10,16,114,,236,208,14,30,3,2,0.3,0.4
2024-06-13T0000,1011A,116.3966,39.9821,北京市,奥体中心,,43,21,57,6,22,135,,234,217,14,35,3,3,0.3,0.5
2024-06-13T0000,1012A,116.184,39.9136,北京市,古城,臭氧1小时,52,11,58,10,21,161,,255,236,14,33,1,2,0.2,0.4
2024-06-13T0000,3281A,115.9718,40.4529,北京市,延庆夏都,,38,29,34,9,14,121,,224,209,4,17,3,2,0.2,0.3
2024-06-13T0000,3417A,117.0709,40.1465,北京市,平谷新城,颗粒物(PM10),71,92,56,29,20,164,,224,217,4,6,3,2,0.5,0.3
2024-06-13T0000,3418A,116.8336,40.4095,北京市,密云新城,臭氧1小时,92,61,46,18,16,193,,260,236,8,13,2,2,0.4,0.3
2024-06-13T0000,3671A,116.088,39.9726,北京市,门头沟三家店,,,,,,,,,,,,,,,,
2024-06-13T0000,3672A,116.1541,39.8204,北京市,丰台云岗,,47,28,63,7,10,150,,242,225,9,22,1,2,0.3,0.4
2024-06-13T0000,3673A,116.6804,39.9081,北京市,通州东关,臭氧1小时,52,43,66,13,23,161,,243,226,6,24,3,3,0.4,0.5
2024-06-13T0000,3674A,115.9577,39.7603,北京市,房山燕山,,49,36,64,16,24,154,,212,202,8,14,1,2,0.3,0.4
2024-06-13T0000,3675A,116.4672,39.7733,北京市,大兴旧宫,臭氧1小时,55,54,60,15,21,164,,232,222,11,22,2,2,0.4,0.5
2024-06-13T0000,3694A,115.986,40.4563,北京市,延庆石河营,,36,26,33,9,14,115,,221,206,5,19,3,2,0.2,0.3
2024-06-13T0000,3695A,116.6151,40.3053,北京市,怀柔新城,,46,23,40,8,15,146,,234,214,6,13,3,2,0.3,0.4
2024-06-13T0000,3696A,116.2545,39.8768,北京市,丰台小屯,,47,21,58,6,22,149,,238,221,5,24,3,2,0.3,0.4
2024-06-13T0000,3697A,116.84,40.3844,北京市,密云镇,臭氧1小时,85,70,51,19,18,188,,250,230,8,17,3,3,0.4,0.3
2024-06-13T0000,1761A,123.8275,41.3064,本溪市,大峪,,31,31,28,13,14,87,,152,108,13,9,9,10,0.5,0.7
2024-06-13T0000,1762A,123.7567,41.3325,本溪市,溪湖,,34,34,31,18,14,93,,162,107,19,14,13,11,1.1,0.9
2024-06-13T0000,1763A,123.7169,41.3094,本溪市,彩屯,,29,24,30,13,17,90,,138,89,30,27,22,17,1.4,2
2024-06-13T0000,1764A,123.7669,41.2864,本溪市,东明,,39,26,28,12,13,122,,150,117,12,12,8,9,0.5,0.6
2024-06-13T0000,1765A,123.7992,41.2664,本溪市,新立屯,,43,12,23,11,9,135,,152,119,2,6,12,12,0.6,0.8
2024-06-13T0000,1766A,123.8142,41.3472,本溪市,威宁,,45,45,34,19,16,72,,156,94,27,16,7,8,0.5,0.6
2024-06-13T0000,2587A,105.2864,27.3125,毕节市,八中,,32,32,25,17,11,54,,120,87,14,12,6,6,0.4,0.4
2024-06-13T0000,2588A,105.31,27.2944,毕节市,师专,,41,41,26,20,13,47,,119,78,21,15,7,6,0.7,0.6
2024-06-13T0000,3537A,105.3631,27.3533,毕节市,长征村,,29,27,15,20,11,52,,131,98,18,10,6,6,0.5,0.5
2024-06-13T0000,1629A,118.0018,37.3617,滨州市,第二水厂,颗粒物(PM10),57,63,96,34,28,71,,222,156,41,14,8,7,0.8,0.7
2024-06-13T0000,1630A,117.9776,37.393,滨州市,北中新校,颗粒物(PM10),57,63,90,31,24,78,,228,165,42,16,11,9,0.8,0.6
2024-06-13T0000,3514A,117.9378,37.3956,滨州市,中海酒店,颗粒物(PM10),56,61,90,29,28,87,,232,173,31,14,11,9,0.5,0.5
2024-06-13T0000,3515A,117.9378,37.3553,滨州市,开发区一中,颗粒物(PM10),70,90,101,34,27,64,,213,144,46,18,19,13,1.1,0.9
2024-06-13T0000,3516A,118.0917,37.694,滨州市,金海六路,颗粒物(PM10),63,76,96,39,24,107,,239,175,20,11,18,11,0.7,0.6
2024-06-13T0000,4028A,117.9956,37.3753,滨州市,滨州市西街道办事处,颗粒物(PM10),58,66,90,36,33,68,,217,154,38,14,7,6,0.9,0.7
2024-06-13T0000,2311A,115.8072,33.8399,亳州市,污水处理厂,,41,39,45,19,23,131,,193,168,13,13,6,6,0.4,0.4
2024-06-13T0000,2312A,115.7789,33.8518,亳州市,三国揽胜宫,,47,44,45,14,17,150,,208,186,11,11,6,6,0.5,0.6
2024-06-13T0000,3332A,115.7633,33.8034,亳州市,亳州学院,,50,50,45,15,21,135,,195,171,10,10,6,6,0.4,0.4
2024-06-13T0000,2693A,82.0485,44.8556,博尔塔拉蒙古自治州,市党校,,,65,27,9,7,,,123,,19,11,10,9,0.3,0.3
2024-06-13T0000,2694A,82.0806,44.8969,博尔塔拉蒙古自治州,市环保局,,31,31,31,13,11,80,,123,101,24,16,10,9,0.2,0.3
2024-06-13T0000,1071A,116.8842,38.2991,沧州市,沧县城建局,颗粒物(PM10),120,190,92,52,27,142,,236,186,11,15,7,6,0.6,0.7
2024-06-13T0000,1072A,116.8584,38.3254,沧州市,电视转播站,颗粒物(PM10),140,229,92,36,30,140,,198,168,10,12,15,10,0.4,0.5
2024-06-13T0000,1073A,116.8709,38.3228,沧州市,市环保局,颗粒物(PM10),125,200,97,51,38,141,,234,192,13,15,8,11,0.3,0.4
2024-06-13T0000,3324A,116.8136,38.3004,沧州市,河北水利电力学院,颗粒物(PM10),163,276,103,50,37,154,,260,208,12,13,12,13,0.3,0.4
2024-06-13T0000,2622A,97.1806,31.1273,昌都市,昌都监测站,,18,11,7,7,5,56,,97,82,9,6,9,9,0.3,0.3
2024-06-13T0000,3719A,97.1714,31.1406,昌都市,昌都会议中心,,19,8,6,3,5,59,,104,87,6,5,5,5,0.3,0.3
2024-06-13T0000,2690A,88.1236,43.8886,昌吉回族自治州,天山天池,,20,16,16,3,5,63,,122,102,7,6,7,6,0.5,0.6
2024-06-13T0000,2692A,87.2717,44.0297,昌吉回族自治州,新区政务中心,,37,37,25,10,8,107,,130,122,11,8,9,8,0.3,0.2
2024-06-13T0000,3613A,87.3095,44.0142,昌吉回族自治州,亚心广场,,34,34,31,17,5,105,,130,120,16,19,7,7,0.2,0.2
2024-06-13T0000,1119A,125.3325,43.9166,长春市,食品厂,颗粒物(PM10),63,76,29,29,17,21,,127,86,86,28,7,6,0.5,0.5
2024-06-13T0000,1120A,125.2863,43.9027,长春市,客车厂,颗粒物(PM10),51,52,24,19,14,13,,125,74,87,29,3,4,0.6,0.4
2024-06-13T0000,1121A,125.2841,43.8463,长春市,邮电学院,,32,32,20,8,12,39,,122,90,33,16,6,7,0.4,0.4
2024-06-13T0000,1122A,125.3716,43.8772,长春市,劳动公园,,46,46,26,19,13,50,,134,101,51,21,5,4,0.5,0.5
2024-06-13T0000,1123A,125.3297,43.8805,长春市,园林处,,49,49,20,32,16,55,,126,105,52,19,6,6,0.6,0.5
2024-06-13T0000,1124A,125.4605,43.79,长春市,净月潭,,17,17,21,9,13,37,,123,84,8,8,5,5,0.3,0.4
2024-06-13T0000,1125A,125.7194,43.515,长春市,甩湾子,,,,,,,,,,,,,,,,
2024-06-13T0000,1126A,125.3863,43.8447,长春市,经开区环卫处,,45,43,26,16,14,13,,130,90,89,25,4,4,0.4,0.4
2024-06-13T0000,1127A,125.245,43.7783,长春市,高新区管委会,,48,48,29,16,18,18,,131,82,69,23,6,6,0.2,0.3
2024-06-13T0000,1128A,125.1761,43.8325,长春市,岱山公园,,42,42,23,16,17,39,,132,97,75,25,5,4,0.4,0.4
2024-06-13T0000,1335A,113.0833,28.2325,长沙市,经开区环保局,,24,24,24,11,13,43,,70,54,11,15,6,7,0.5,0.5
2024-06-13T0000,1336A,112.8872,28.2189,长沙市,高开区环保局,,22,22,25,12,14,36,,86,58,20,14,4,5,0.7,0.7
2024-06-13T0000,1337A,113.0792,28.2053,长沙市,马坡岭,,21,21,20,12,14,52,,74,62,2,5,8,7,0.5,0.6
2024-06-13T0000,1338A,112.9394,28.19,长沙市,湖南师范大学,,17,17,25,11,16,21,,75,45,18,11,3,4,0.6,0.6
2024-06-13T0000,1339A,113.0178,28.1322,长沙市,雨花区环保局,,22,22,21,12,11,24,,70,51,13,9,2,2,0.6,0.6
2024-06-13T0000,1340A,112.9792,28.2597,长沙市,伍家岭,,21,21,25,6,14,46,,94,67,9,12,5,5,0.4,0.4
2024-06-13T0000,1341A,113.0014,28.1944,长沙市,火车新站,,19,19,23,7,11,42,,77,57,11,14,2,2,0.6,0.6
2024-06-13T0000,1342A,112.9844,28.1178,长沙市,天心区环保局,,25,25,22,7,12,13,,62,44,19,13,2,2,0.6,0.5
2024-06-13T0000,1343A,112.8908,28.1308,长沙市,湖南中医药大学,,24,24,20,9,12,30,,73,43,13,13,7,7,0.8,0.8
2024-06-13T0000,1344A,112.9581,28.3611,长沙市,沙坪,,16,16,18,8,10,43,,114,86,10,8,9,7,0.4,0.5
2024-06-13T0000,1727A,113.1147,36.1547,长治市,清华站,颗粒物(PM10),57,63,56,27,16,84,,181,141,46,24,12,11,0.5,0.4
2024-06-13T0000,1728A,113.1031,36.1989,长治市,监测站,颗粒物(PM10),51,52,48,22,14,93,,185,146,36,21,10,5,1.0,0.5
2024-06-13T0000,1730A,113.0886,36.2125,长治市,审计局,颗粒物(PM10),52,54,40,24,12,84,,184,148,51,28,7,4,0.6,0.3
2024-06-13T0000,1731A,113.0844,36.1856,长治市,长治八中,颗粒物(PM10),72,94,55,22,16,92,,184,146,38,29,5,5,0.7,0.5
2024-06-13T0000,2845A,113.1569,36.1911,长治市,德盛苑,,49,44,38,19,13,155,,188,172,10,13,8,8,0.8,0.9
2024-06-13T0000,3568A,113.06,36.0464,长治市,向阳小学,颗粒物(PM10),52,54,56,25,26,138,,186,164,16,14,4,3,0.5,0.5
2024-06-13T0000,3569A,112.8792,36.3144,长治市,屯留一中,细颗粒物(PM2.5),62,61,37,44,19,69,,189,147,48,16,28,9,1.1,0.6
2024-06-13T0000,3570A,113.235,36.3489,长治市,潞城四中,颗粒物(PM10),63,76,64,23,20,61,,194,142,60,26,7,12,1.1,0.9
2024-06-13T0000,1854A,111.6975,28.9703,常德市,市二中,,20,16,11,14,6,57,,94,82,18,7,8,7,0.7,0.6
2024-06-13T0000,1857A,111.7158,29.1456,常德市,白鹤山,,,,,,,,,,,,,,,,
2024-06-13T0000,3138A,111.7153,29.0289,常德市,武陵区永安,,30,30,13,17,8,75,,94,87,6,5,7,7,0.4,0.4
2024-06-13T0000,3139A,111.6892,28.9881,常德市,鼎城区玉霞,,25,25,11,17,7,66,,95,,9,5,5,5,0.5,0.4
2024-06-13T0000,3140A,111.6625,29.0531,常德市,武陵区长庚,,26,22,11,15,7,83,,88,88,6,4,8,8,0.7,0.6
2024-06-13T0000,1196A,119.9633,31.762,常州市,市监测站,颗粒物(PM10),61,72,46,42,34,73,,184,136,30,20,8,7,0.7,0.7
2024-06-13T0000,1200A,119.9468,31.7069,常州市,武进监测站,颗粒物(PM10),57,63,36,39,25,68,,172,141,31,10,13,12,1.2,0.7
2024-06-13T0000,1201A,119.9255,31.9087,常州市,安家,细颗粒物(PM2.5),58,51,50,41,37,56,,219,153,28,24,9,8,0.8,0.7
2024-06-13T0000,3002A,119.9805,31.8174,常州市,行政中心,,48,48,43,27,28,63,,202,143,22,15,14,12,0.6,0.5
2024-06-13T0000,3003A,120.0522,31.7748,常州市,经开区,颗粒物(PM10),52,53,39,33,28,66,,200,141,18,16,7,6,0.9,0.9
2024-06-13T0000,3010A,119.9025,31.7964,常州市,钟楼,颗粒物(PM10),59,68,41,32,28,72,,196,149,28,16,6,6,0.9,0.8
2024-06-13T0000,3429A,119.8598,31.7066,常州市,武进经发区,颗粒物(PM10),65,80,42,44,24,62,,174,136,40,14,12,10,0.8,0.4
2024-06-13T0000,3430A,119.5826,31.7245,常州市,金坛城区,,49,46,32,34,24,108,,180,156,18,7,8,7,1.4,1
2024-06-13T0000,2220A,120.4318,41.5881,朝阳市,西梁,颗粒物(PM10),53,56,83,26,37,157,,183,178,11,12,10,14,0.6,0.8
2024-06-13T0000,2221A,120.4521,41.5646,朝阳市,河畔小区,臭氧1小时,74,62,79,22,37,179,,199,197,10,10,11,12,0.7,0.8
2024-06-13T0000,2222A,120.4176,41.5648,朝阳市,八里堡,颗粒物(PM10),57,64,68,22,39,143,,176,,13,12,9,11,0.7,0.9
2024-06-13T0000,2223A,120.3806,41.5969,朝阳市,农业园区,颗粒物(PM10),51,51,72,27,40,151,,193,181,14,14,9,12,0.7,0.8
2024-06-13T0000,1705A,116.6367,23.6719,潮州市,西园路,,34,34,31,11,13,24,,64,36,15,12,2,2,0.5,0.4
2024-06-13T0000,3026A,116.6183,23.6608,潮州市,市政府,,30,30,36,11,12,32,,69,39,13,11,6,7,0.7,0.7
2024-06-13T0000,4036A,116.6461,23.6761,潮州市,金山,,38,38,35,12,14,12,,64,36,15,10,6,6,0.8,0.7
2024-06-13T0000,2472A,113.0073,25.9061,郴州市,马头岭,,37,37,23,9,8,19,,57,36,9,6,8,11,0.6,0.4
2024-06-13T0000,2473A,113.0116,25.8226,郴州市,市职中,,25,25,17,14,10,17,,66,37,10,6,10,20,0.5,0.6
2024-06-13T0000,2474A,113.0161,25.8001,郴州市,兴隆步行街,,22,22,22,12,9,25,,61,41,12,7,33,28,0.6,0.6
2024-06-13T0000,2475A,113.0383,25.8071,郴州市,市审计局,,25,25,16,17,10,18,,60,37,12,7,11,8,0.6,0.6
2024-06-13T0000,2476A,113.0348,25.7759,郴州市,市环保局,,17,17,16,9,8,38,,59,48,11,9,26,10,0.4,0.4
2024-06-13T0000,1431A,103.9728,30.7236,成都市,金泉两河,,39,39,31,17,13,33,,158,113,48,12,2,3,0.7,0.5
2024-06-13T0000,1432A,104.176,30.6872,成都市,十里店,颗粒物(PM10),52,54,32,30,16,102,,170,148,33,22,6,4,0.8,0.6
2024-06-13T0000,1433A,104.079,30.5706,成都市,三瓦窑,颗粒物(PM10),53,55,36,31,18,19,,158,132,103,20,3,2,0.6,0.4
2024-06-13T0000,1434A,104.1114,30.63,成都市,沙河铺,,36,36,31,19,18,82,,166,144,32,13,2,2,1.6,0.5
2024-06-13T0000,1437A,104.0786,30.6531,成都市,君平街,,46,46,31,17,15,100,,165,147,32,16,2,1,0.6,0.4
2024-06-13T0000,1438A,103.613,31.0283,成都市,灵岩寺,,,,,,,,,,,,,,,,
2024-06-13T0000,2880A,104.0239,30.65639,成都市,大石西路,,38,38,33,10,13,61,,164,135,43,15,4,4,0.7,0.5
2024-06-13T0000,3136A,104.2725,30.5589,成都市,龙泉驿区区政府,,32,17,20,7,13,101,,158,141,14,9,4,3,0.4,0.4
2024-06-13T0000,3357A,104.0106,30.6931,成都市,金博路,,39,39,26,11,12,55,,150,110,43,13,1,1,0.6,0.4
2024-06-13T0000,3359A,104.0578,30.5225,成都市,华阳,,34,34,28,19,22,93,,154,129,27,11,3,2,0.7,0.5
2024-06-13T0000,3487A,104.2394,30.5319,成都市,车城东七路,,37,23,27,15,20,118,,155,147,10,9,3,4,0.5,0.5
2024-06-13T0000,3488A,104.3853,30.7453,成都市,青白江技师分院,,25,25,22,3,10,70,,158,115,43,17,7,7,0.7,0.6
2024-06-13T0000,3489A,104.0789,30.4072,成都市,科学城,,39,22,25,14,16,122,,147,144,13,8,4,4,0.5,0.4
2024-06-13T0000,4011A,103.8506,30.6947,成都市,光华大道三段,,44,44,36,26,18,52,,147,119,41,9,3,4,0.7,0.5
2024-06-13T0000,1062A,117.9531,40.9081,承德市,铁路,颗粒物(PM10),63,75,40,31,14,163,,189,182,21,17,13,10,0.9,0.4
2024-06-13T0000,1063A,117.9392,40.9763,承德市,中国银行,,44,44,34,17,13,60,,185,146,22,15,5,6,0.4,0.3
2024-06-13T0000,1064A,117.9503,40.928,承德市,开发区,,47,47,44,22,18,102,,193,176,23,20,10,10,0.5,0.4
2024-06-13T0000,1065A,117.8051,40.9655,承德市,文化中心,,42,42,49,3,13,102,,197,165,16,22,20,16,0.4,0.4
2024-06-13T0000,1066A,117.9268,41.0026,承德市,离宫,,30,30,28,19,16,74,,185,153,12,8,2,3,0.2,0.3
2024-06-13T0000,2314A,117.47,30.6618,池州市,池州学院,,35,33,28,24,18,70,,143,116,17,9,7,7,0.7,0.8
2024-06-13T0000,3237A,117.4918,30.6617,池州市,展览馆,,34,34,25,18,15,69,,141,115,15,8,4,4,0.7,0.8
2024-06-13T0000,3333A,117.5627,30.695,池州市,第八中学,,33,33,27,16,15,53,,144,106,25,12,4,4,0.6,0.7
2024-06-13T0000,3334A,117.5038,30.6243,池州市,第十二中学,,30,27,29,21,18,67,,140,116,18,16,5,6,1.2,1
2024-06-13T0000,1744A,118.9233,42.2816,赤峰市,松山一中,,39,30,47,10,15,124,,145,144,14,20,9,15,0.1,0.3
2024-06-13T0000,1745A,118.9576,42.2728,赤峰市,哈达街,,39,23,44,14,21,124,,146,146,16,23,11,18,0.5,0.8
2024-06-13T0000,1746A,118.8788,42.2554,赤峰市,天义路,,43,14,35,10,13,135,,161,160,13,17,6,11,0.2,0.4
2024-06-13T0000,3058A,119.2658,42.0353,赤峰市,银河街,,47,30,44,17,23,149,,170,169,12,15,14,15,0.3,0.4
2024-06-13T0000,3286A,118.9359,42.3147,赤峰市,桥北物流园区,,39,22,42,13,29,124,,150,148,10,19,6,9,0.6,0.8
2024-06-13T0000,2521A,107.3476,22.4136,崇左市,市环保局江州分局,,28,28,32,15,13,37,,64,,11,9,5,6,0.3,0.3
2024-06-13T0000,2522A,107.3702,22.3707,崇左市,城南新区,,24,24,28,16,14,29,,69,,15,9,3,4,0.5,0.5
2024-06-13T0000,2298A,118.3093,32.3153,滁州市,老年大学,颗粒物(PM10),57,63,47,32,24,143,,210,177,25,18,8,10,0.6,0.7
2024-06-13T0000,2299A,118.3244,32.2786,滁州市,人大宾馆,"颗粒物(PM10),细颗粒物(PM2.5)",57,63,42,40,33,151,,204,167,21,16,7,8,0.7,0.7
2024-06-13T0000,3207A,118.3118,32.3038,滁州市,市政府原办公楼,细颗粒物(PM2.5),59,58,45,42,39,146,,203,167,24,18,8,9,0.7,0.8
2024-06-13T0000,3331A,118.3267,32.2634,滁州市,图书馆,细颗粒物(PM2.5),63,66,45,45,31,144,,198,162,24,16,8,9,0.9,0.9
2024-06-13T0000,2605A,101.5482,25.0441,楚雄彝族自治州,州环境监测站,,18,,14,8,13,56,,77,68,6,7,5,6,0.5,0.5
2024-06-13T0000,2606A,101.538,25.0492,楚雄彝族自治州,市经济开发区,,20,14,17,14,11,41,,74,62,16,7,4,6,0.6,0.6
2024-06-13T0000,2548A,107.5277,31.2827,达州市,达州职业技术学院,,48,48,36,11,10,9,,134,72,47,25,3,5,0.3,0.5
2024-06-13T0000,2549A,107.5086,31.2186,达州市,市环境监测站,,37,37,35,14,13,52,,139,94,31,25,6,11,0.6,0.8
2024-06-13T0000,2550A,107.4988,31.2132,达州市,凤凰小区,,32,29,35,22,19,44,,136,99,39,23,7,13,0.6,0.8
2024-06-13T0000,2551A,107.5082,31.1986,达州市,达县机关宾馆,颗粒物(PM10),62,73,41,27,16,16,,134,74,72,38,5,10,0.4,0.5
2024-06-13T0000,2552A,107.4644,31.2124,达州市,市政中心,颗粒物(PM10),55,60,41,24,18,21,,126,90,72,33,13,16,0.7,1
2024-06-13T0000,2614A,100.1542,25.7054,大理白族自治州,大理市环境监测站,,32,,33,22,18,70,,90,,8,8,4,4,0.6,0.5
2024-06-13T0000,2615A,100.2171,25.5811,大理白族自治州,大理古城,,17,17,30,8,20,54,,103,80,12,9,6,7,0.8,0.8
2024-06-13T0000,1109A,121.612,38.9741,大连市,甘井子,,20,20,39,3,12,62,,129,90,13,18,5,6,0.5,0.5
2024-06-13T0000,1110A,121.565,38.9511,大连市,周水子,,21,21,31,6,11,67,,131,82,9,17,7,8,0.4,0.4
2024-06-13T0000,1111A,121.5637,38.8845,大连市,星海三站,,,,34,,10,,,148,,,10,,7,,0.5
2024-06-13T0000,1112A,121.6302,38.9117,大连市,青泥洼桥,,21,12,29,8,11,67,,134,89,7,11,8,8,0.6,0.6
2024-06-13T0000,1113A,121.6251,38.8638,大连市,傅家庄,,23,16,30,7,10,73,,153,106,9,11,8,7,0.5,0.5
2024-06-13T0000,1114A,121.5213,38.8661,大连市,七贤岭,,19,19,40,8,12,59,,127,89,11,15,4,6,0.4,0.4
2024-06-13T0000,1115A,121.2529,38.8061,大连市,旅顺,,22,7,28,3,11,69,,139,104,14,15,8,8,0.3,0.3
2024-06-13T0000,1116A,121.7485,39.1311,大连市,金州,,22,16,27,10,14,70,,146,110,8,10,9,10,0.5,0.5
2024-06-13T0000,1117A,121.7811,39.0496,大连市,开发区,,36,36,40,17,15,66,,142,107,20,24,9,5,0.4,0.4
2024-06-13T0000,1118A,121.9762,39.0631,大连市,双D港,,23,16,28,11,12,73,,151,91,11,12,6,6,0.4,0.5
2024-06-13T0000,1789A,124.81117,46.03138,大庆市,大同区,,30,30,24,19,20,72,,107,82,15,10,2,4,0.3,0.3
2024-06-13T0000,1790A,125.129,46.533,大庆市,龙凤区,,24,24,21,7,12,69,,102,87,15,13,6,6,0.1,0.2
2024-06-13T0000,1791A,124.902,46.408,大庆市,红岗区,,21,21,18,13,13,61,,109,87,16,12,13,6,0.2,0.3
2024-06-13T0000,1792A,125.153,46.586,大庆市,萨尔图区,,26,26,19,13,10,64,,93,81,18,10,8,6,0.3,0.3
2024-06-13T0000,1793A,124.9042,46.6215,大庆市,让胡路区,,37,37,24,9,9,30,,98,62,49,16,7,7,0.3,0.2
2024-06-13T0000,3481A,125.141,46.634,大庆市,萨区政府监测点,,24,18,22,8,8,75,,98,79,14,14,5,5,0.1,0.2
2024-06-13T0000,1721A,113.3819,40.1097,大同市,果树场,,,,,,,,,,,,,,,,
2024-06-13T0000,1723A,113.2994,40.0758,大同市,云冈宾馆,,45,45,66,13,23,112,,184,140,24,28,6,12,0.3,0.8
2024-06-13T0000,1724A,113.3444,40.0917,大同市,大同大学,,41,41,49,18,20,114,,177,136,16,22,9,14,0.2,0.5
2024-06-13T0000,1725A,113.2661,40.1269,大同市,安家小村,颗粒物(PM10),53,56,73,24,26,106,,180,135,23,24,11,15,0.3,0.8
2024-06-13T0000,1726A,113.2711,40.0844,大同市,教育学院,颗粒物(PM10),57,64,76,27,26,106,,184,136,30,33,9,15,0.4,0.8
2024-06-13T0000,3282A,113.3397,40.0597,大同市,大同市卫生学校,,48,48,64,15,26,114,,183,143,22,28,9,14,0.3,0.7
2024-06-13T0000,3565A,113.1367,40.1122,大同市,云冈站,颗粒物(PM10),52,53,72,18,21,29,,178,115,59,28,17,16,0.4,0.4
2024-06-13T0000,3566A,113.1186,40.2556,大同市,图书馆,颗粒物(PM10),51,52,51,14,17,75,,169,129,18,17,8,10,0.5,0.5
2024-06-13T0000,3567A,113.5931,40.0461,大同市,区一中,,45,42,62,3,14,141,,179,155,10,18,2,8,0.3,0.4
2024-06-13T0000,3676A,113.2802,40.0995,大同市,第二人民医院,颗粒物(PM10),54,57,71,26,25,115,,186,142,20,26,10,16,0.3,0.9
2024-06-13T0000,2269A,124.1069,50.4097,大兴安岭地区,科技局,,25,25,16,16,14,36,,74,56,9,5,9,6,0.3,0.3
2024-06-13T0000,3663A,124.1164,50.4278,大兴安岭地区,红旗社区,,13,9,5,9,6,26,,79,60,10,6,4,6,0.4,0.4
2024-06-13T0000,1600A,124.3303,40.0625,丹东市,江湾东路,,36,28,22,25,12,84,,119,86,7,9,11,9,0.4,0.4
2024-06-13T0000,1601A,124.4256,40.1503,丹东市,临江后街,,27,27,24,13,7,85,,126,90,3,6,9,9,0.4,0.5
2024-06-13T0000,1602A,124.3933,40.1461,丹东市,元宝山,,27,27,22,15,10,66,,103,75,8,11,8,9,0.4,0.6
2024-06-13T0000,1603A,124.3633,40.1092,丹东市,民主桥,,26,26,23,16,10,74,,112,81,5,6,7,6,0.4,0.5
2024-06-13T0000,3541A,109.5726,19.5167,儋州市,第一中学子站,,18,18,16,9,7,56,,69,65,3,2,5,4,0.4,0.4
2024-06-13T0000,3542A,109.5567,19.5187,儋州市,东坡学校子站,,23,23,16,7,6,46,,67,61,2,3,4,3,0.5,0.5
2024-06-13T0000,2616A,98.5842,24.428,德宏傣族景颇族自治州,德宏州监测站,,23,23,33,14,20,30,,72,50,10,13,4,7,0.8,0.8
2024-06-13T0000,3677A,98.5881,24.4368,德宏傣族景颇族自治州,芒市人民政府综合楼,,24,24,36,12,19,27,,71,50,13,12,10,13,0.7,0.7
2024-06-13T0000,1901A,104.4239,31.1208,德阳市,东山公园,颗粒物(PM10),56,62,38,30,17,140,,189,180,13,12,3,3,0.6,0.5
2024-06-13T0000,1902A,104.3826,31.1317,德阳市,西小区,颗粒物(PM10),53,55,39,34,24,118,,195,169,34,28,2,3,0.7,0.6
2024-06-13T0000,1904A,104.3553,31.1091,德阳市,耐火材料厂,颗粒物(PM10),60,70,44,36,22,82,,225,187,55,24,4,4,0.8,0.6
2024-06-13T0000,3639A,104.4019,31.1244,德阳市,市教育局,颗粒物(PM10),52,54,37,30,19,110,,176,155,32,22,3,3,0.7,0.6
2024-06-13T0000,1622A,116.3032,37.4674,德州市,儿童乐园,颗粒物(PM10),86,122,119,24,28,179,,263,232,10,15,6,12,0.6,0.7
2024-06-13T0000,1624A,116.2991,37.4451,德州市,监理站,颗粒物(PM10),82,114,119,17,24,181,,250,226,12,16,9,14,0.5,0.6
2024-06-13T0000,3066A,116.2721,37.4379,德州市,九衢泉纯净水厂,颗粒物(PM10),79,107,114,19,28,173,,239,210,10,18,5,9,0.5,0.6
2024-06-13T0000,3371A,116.3728,37.4403,德州市,开发区人民医院,颗粒物(PM10),85,119,126,24,30,183,,254,221,2,12,8,13,0.6,0.3
2024-06-13T0000,3372A,116.3572,37.4094,德州市,太阳城中学,颗粒物(PM10),86,122,132,24,28,182,,254,224,10,17,6,11,0.8,0.6
2024-06-13T0000,3511A,116.5652,37.3319,德州市,陵城艺术中心,,,,126,27,24,175,,240,213,10,13,6,9,0.5,0.5
2024-06-13T0000,2621A,99.7056,27.8317,迪庆藏族自治州,迪庆州站,,34,20,17,3,9,108,,104,104,7,9,10,10,0.4,0.5
2024-06-13T0000,3180A,99.7136,27.8094,迪庆藏族自治州,质量技术监督局,,32,11,17,8,8,100,,96,96,5,9,8,8,0.4,0.4
2024-06-13T0000,2663A,104.6241,35.5734,定西市,东关小学,颗粒物(PM10),56,61,54,34,22,80,,155,129,24,17,7,8,0.3,0.3
2024-06-13T0000,2664A,104.6194,35.5934,定西市,供电公司,颗粒物(PM10),53,56,53,31,21,72,,147,120,37,20,3,3,0.3,0.3
2024-06-13T0000,1389A,113.7547,23.0494,东莞市,莞城梨川,,23,23,25,10,12,33,,81,40,20,16,10,10,0.9,0.8
2024-06-13T0000,1390A,113.7944,23.0128,东莞市,东城石井,,24,24,24,13,13,19,,83,34,16,15,4,4,0.6,0.6
2024-06-13T0000,1391A,113.7383,22.9658,东莞市,南城西平,,22,22,22,9,12,33,,80,44,18,11,3,2,0.7,0.6
2024-06-13T0000,3319A,113.7338,23.0381,东莞市,万江金泰,,22,22,25,10,12,31,,82,41,19,14,11,11,0.7,0.6
2024-06-13T0000,3626A,113.7533,23.0202,东莞市,南城元岭,,22,22,24,10,12,29,,85,32,19,14,6,6,0.7,0.6
2024-06-13T0000,3627A,113.7875,23.0457,东莞市,东城主山,,23,23,25,11,13,26,,76,34,17,14,8,8,0.7,0.7
2024-06-13T0000,1666A,118.6614,37.4309,东营市,市环保局,,46,46,82,17,25,77,,240,159,18,17,12,12,0.6,0.4
2024-06-13T0000,3036A,118.6904,37.4338,东营市,开发区管委会,,50,50,101,12,23,78,,219,151,19,16,9,9,0.5,0.3
2024-06-13T0000,3365A,118.5719,37.565,东营市,垦利区民丰路,颗粒物(PM10),59,68,92,19,26,85,,245,170,21,17,14,14,0.9,0.7
2024-06-13T0000,3498A,118.5055,37.8612,东营市,河口城区,颗粒物(PM10),53,56,82,22,26,94,,252,182,18,13,7,8,0.8,0.7
2024-06-13T0000,3646A,118.4978,37.4623,东营市,胜利站,颗粒物(PM10),52,54,89,14,24,86,,242,164,18,18,9,11,0.9,0.8
2024-06-13T0000,3734A,118.35,37.26,东营市,理想之城,颗粒物(PM10),52,53,91,17,23,68,,229,145,23,17,13,16,0.6,0.6
2024-06-13T0000,1591A,110.0023,39.8129,鄂尔多斯市,综合楼,颗粒物(PM10),76,102,104,17,35,116,,156,139,29,28,14,19,0.6,0.6
2024-06-13T0000,1592A,109.9486,39.8261,鄂尔多斯市,巴音孟克林场办事处,颗粒物(PM10),80,110,102,24,26,101,,139,126,33,29,14,16,0.6,0.6
2024-06-13T0000,1593A,109.7736,39.5986,鄂尔多斯市,康泽苑,颗粒物(PM10),65,80,73,27,22,86,,159,135,31,17,14,10,0.6,0.4
2024-06-13T0000,1594A,109.8119,39.5989,鄂尔多斯市,华泰汽车城,颗粒物(PM10),60,70,70,29,31,59,,143,110,46,30,12,10,0.7,0.5
2024-06-13T0000,1595A,109.9734,39.7884,鄂尔多斯市,奥林花园,颗粒物(PM10),73,95,92,24,28,95,,141,120,38,39,11,11,0.6,0.6
2024-06-13T0000,2436A,114.8938,30.3994,鄂州市,市政府,,38,38,40,20,17,71,,177,138,19,21,7,3,0.7,0.9
2024-06-13T0000,2437A,114.8989,30.3714,鄂州市,赵家坝,颗粒物(PM10),54,58,40,18,16,88,,172,135,15,21,6,7,0.5,0.8
2024-06-13T0000,3654A,114.8094,30.4089,鄂州市,精准医疗中心,颗粒物(PM10),61,72,48,24,17,58,,158,113,43,22,8,6,0.5,0.7
2024-06-13T0000,2454A,109.4978,30.2981,恩施土家族苗族自治州,湖北民院,,40,40,26,20,16,51,,128,98,18,8,8,8,0.6,0.5
2024-06-13T0000,2455A,109.4707,30.2798,恩施土家族苗族自治州,州电力总公司,,35,26,21,24,14,37,,130,97,28,15,9,9,0.7,0.7
2024-06-13T0000,3549A,109.5061,30.3772,恩施土家族苗族自治州,龙凤新区,,24,24,20,12,11,44,,119,83,16,11,6,7,0.7,0.7
2024-06-13T0000,2499A,108.3411,21.6158,防城港市,沙万,,27,27,23,10,8,63,,60,60,9,16,8,7,0.6,0.6
2024-06-13T0000,2500A,108.3514,21.7731,防城港市,防城档案局,,24,24,19,8,14,58,,62,59,7,9,6,6,0.7,0.7
2024-06-13T0000,2501A,108.3506,21.6414,防城港市,大海花园,,24,24,22,9,7,68,,66,66,12,11,5,5,0.6,0.6
2024-06-13T0000,1371A,113.1294,23.0067,佛山市,湾梁,,15,14,22,10,13,42,,78,48,13,18,7,7,0.6,0.7
2024-06-13T0000,1372A,113.1083,23.0478,佛山市,华材职中,,16,,21,11,12,41,,81,48,12,16,4,5,0.4,0.4
2024-06-13T0000,1373A,113.144,23.0453,佛山市,南海气象局,,19,19,25,13,15,39,,85,48,11,16,6,6,0.4,0.5
2024-06-13T0000,1374A,113.2881,22.8094,佛山市,顺德苏岗,,24,24,19,12,14,27,,81,45,17,16,5,5,0.5,0.6
2024-06-13T0000,1376A,112.8383,22.8678,佛山市,高明孔堂,,18,18,21,10,12,56,,67,59,5,5,7,6,0.4,0.5
2024-06-13T0000,1377A,112.8836,23.1588,佛山市,三水监测站,,25,22,27,14,20,4,,72,23,50,33,5,5,0.3,0.4
2024-06-13T0000,1378A,112.867,23.185,佛山市,三水云东海,,18,18,23,11,19,18,,90,32,22,23,5,5,0.4,0.5
2024-06-13T0000,3625A,113.2544,22.7642,佛山市,容桂街道办,,14,14,19,7,13,26,,71,41,24,22,7,7,0.4,0.5
2024-06-13T0000,1280A,119.3903,26.0543,福州市,鼓山,,,,,,,,,,,,,,,,
2024-06-13T0000,1282A,119.2681,26.0504,福州市,师大,,11,8,23,7,14,35,,84,54,12,10,3,3,0.4,0.4
2024-06-13T0000,1283A,119.2984,26.1028,福州市,五四北路,,,,14,0,15,50,,100,65,10,14,3,3,0.3,0.3
2024-06-13T0000,1284A,119.2648,26.0768,福州市,杨桥西路,,13,10,24,3,12,39,,87,55,14,14,3,3,0.3,0.3
2024-06-13T0000,1285A,119.317,26.0746,福州市,紫阳,,16,14,24,11,14,30,,89,55,16,11,2,2,0.4,0.4
2024-06-13T0000,3048A,119.5799,26.0936,福州市,九龙,,14,14,22,3,10,30,,84,53,12,7,4,4,0.2,0.3
2024-06-13T0000,3526A,119.5189,25.9664,福州市,吴航,,21,21,24,10,13,30,,90,56,11,7,3,4,0.4,0.4
2024-06-13T0000,1755A,123.7977,41.8491,抚顺市,望花区,,32,30,39,16,21,100,,206,145,19,18,3,5,0.5,0.6
2024-06-13T0000,1756A,123.9161,41.8822,抚顺市,顺城区,,35,34,46,12,20,112,,212,158,14,16,8,10,0.4,0.7
2024-06-13T0000,1757A,124.0436,41.8611,抚顺市,东洲区,,44,44,51,16,19,101,,204,148,12,13,12,11,0.4,0.5
2024-06-13T0000,1758A,123.9247,41.8642,抚顺市,新抚区,,30,30,38,15,21,84,,187,136,13,12,8,9,0.3,0.6
2024-06-13T0000,1759A,124.0972,41.8961,抚顺市,大伙房水库,,31,30,37,15,19,99,,184,138,8,10,7,9,0.4,0.6
2024-06-13T0000,1760A,123.7086,41.8391,抚顺市,沈抚新城,,34,34,40,13,23,99,,210,142,22,21,9,10,0.5,0.7
2024-06-13T0000,2376A,116.2127,28.0814,抚州市,桐源党溪,,20,20,24,14,11,13,,62,42,8,4,5,5,0.3,0.3
2024-06-13T0000,2377A,116.3544,27.9831,抚州市,市站,,25,25,22,15,10,36,,62,49,14,9,6,7,0.7,0.7
2024-06-13T0000,2378A,116.3565,27.963,抚州市,血防站,,26,26,23,15,10,31,,53,,21,12,4,4,0.7,0.7
2024-06-13T0000,2379A,116.3564,28.0007,抚州市,采茶剧团,,18,16,18,12,9,31,,60,42,12,7,2,3,0.9,0.9
2024-06-13T0000,2380A,116.385,27.9647,抚州市,医学分院,,24,24,18,11,7,35,,58,,12,7,4,4,0.8,0.7
2024-06-13T0000,2207A,121.6094,41.998,阜新市,工业园区,,48,48,54,23,29,150,,211,183,19,19,12,14,0.6,0.9
2024-06-13T0000,2208A,121.6697,42.0279,阜新市,长青街,,46,37,44,24,26,146,,202,185,19,13,10,9,0.5,0.8
2024-06-13T0000,2209A,121.6673,42.0705,阜新市,农业园区,颗粒物(PM10),55,59,55,34,40,146,,191,170,20,17,13,14,0.5,1
2024-06-13T0000,2210A,121.6717,42.0224,阜新市,东苑,,46,46,56,17,27,139,,199,179,22,17,16,19,0.7,1.4
2024-06-13T0000,2211A,121.6506,42.0498,阜新市,玉龙新城,颗粒物(PM10),51,52,52,28,28,144,,199,179,21,18,13,9,0.6,0.9
2024-06-13T0000,2301A,115.8277,32.8929,阜阳市,市监测站,,39,24,36,14,19,124,,174,139,12,12,7,8,0.3,0.4
2024-06-13T0000,2303A,115.8554,32.8605,阜阳市,开发区,,41,,32,13,14,129,,178,154,12,10,5,6,0.3,0.3
2024-06-13T0000,2875A,115.784,32.8892,阜阳市,阜阳职业技术学院,,44,21,34,6,11,140,,179,154,9,10,7,6,0.3,0.3
2024-06-13T0000,3468A,115.7901,32.8613,阜阳市,市规划展馆,,38,38,41,17,21,116,,175,142,15,11,6,5,0.5,0.5
2024-06-13T0000,3469A,115.836,32.9183,阜阳市,枣园社区,,33,32,37,16,20,105,,181,149,25,13,6,6,0.4,0.4
2024-06-13T0000,2669A,102.9099,34.9841,甘南藏族自治州,州政府,,32,26,32,22,19,59,,118,104,26,20,10,10,0.7,0.7
2024-06-13T0000,3380A,102.8914,34.9617,甘南藏族自治州,甘肃民族师范学院,颗粒物(PM10),55,60,42,14,17,14,,121,93,67,29,8,8,0.6,0.6
2024-06-13T0000,2570A,101.9603,30.0475,甘孜藏族自治州,水桥子,,14,13,19,8,9,44,,103,73,28,19,3,3,0.3,0.3
2024-06-13T0000,3065A,101.9533,29.9972,甘孜藏族自治州,州环保局,,20,18,23,8,6,31,,101,51,40,22,2,2,0.3,0.2
2024-06-13T0000,3414A,115.8347,28.932,赣江新区,桑海产业园,,36,29,26,25,17,42,,85,61,27,24,12,10,0.5,0.5
2024-06-13T0000,2362A,114.9017,25.9149,赣州市,通天岩,,,,,,,,,,,,,,,,
2024-06-13T0000,2363A,114.9367,25.8664,赣州市,地委,,22,22,20,14,12,45,,73,54,8,8,2,8,1.0,1
2024-06-13T0000,2364A,114.9461,25.8481,赣州市,气象台,,23,20,18,16,11,38,,73,55,11,7,6,6,0.7,0.8
2024-06-13T0000,2365A,114.9322,25.8333,赣州市,市图书馆,,24,24,18,12,10,46,,76,56,9,7,3,6,0.8,0.8
2024-06-13T0000,2366A,114.8905,25.8471,赣州市,华坚鞋城,,35,35,22,12,12,27,,71,48,16,8,2,2,0.4,0.3
2024-06-13T0000,3109A,115.0093,25.8613,赣州市,赣县区卫计委,,32,28,23,22,14,9,,67,,36,18,6,7,0.6,0.5
2024-06-13T0000,2683A,106.2319,36.1417,固原市,马园,,38,38,39,13,12,120,,151,132,9,29,5,5,0.5,0.5
2024-06-13T0000,2684A,106.2792,36.0022,固原市,监测站,,40,32,37,11,12,125,,149,132,12,18,5,5,0.4,0.4
2024-06-13T0000,2685A,106.2375,36.0211,固原市,新区,,43,34,35,14,11,136,,146,136,6,16,5,5,0.3,0.3
2024-06-13T0000,3522A,106.2177,35.9959,固原市,原州区十五小,,42,40,40,17,15,134,,150,138,5,13,6,6,0.3,0.3
2024-06-13T0000,2543A,106.6308,30.5278,广安市,小平旧居,,,,,,,,,,,,,,,,
2024-06-13T0000,2544A,106.6303,30.4576,广安市,市委,细颗粒物(PM2.5),54,56,34,38,20,38,,142,106,46,18,8,8,0.7,0.5
2024-06-13T0000,2545A,106.6271,30.4663,广安市,友谊中学,,49,49,29,31,19,37,,146,104,42,20,7,7,0.7,0.5
2024-06-13T0000,2547A,106.6388,30.4551,广安市,广电花园,颗粒物(PM10),52,53,29,34,18,52,,140,104,41,18,10,10,0.6,0.5
2024-06-13T0000,2902A,106.6351,30.4865,广安市,北辰小学,,48,44,34,33,20,59,,146,114,21,15,11,11,0.5,0.4
2024-06-13T0000,2523A,105.8945,32.4535,广元市,黑石坡,,26,23,15,17,10,83,,118,102,11,9,11,11,0.4,0.2
2024-06-13T0000,2524A,105.821,32.4444,广元市,老城,,48,48,29,19,15,48,,139,104,42,16,7,6,0.4,0.4
2024-06-13T0000,2526A,105.8628,32.4287,广元市,监测站,,40,29,26,28,13,87,,140,109,8,10,5,6,0.5,0.4
2024-06-13T0000,3617A,105.8047,32.4166,广元市,经开区,,38,38,35,19,22,85,,135,114,18,12,4,6,0.5,0.5
2024-06-13T0000,1345A,113.2347,23.1423,广州市,广雅中学,,22,22,26,10,14,36,,96,51,24,26,5,4,0.8,0.8
2024-06-13T0000,1346A,113.2612,23.105,广州市,市五中,,15,15,27,9,18,38,,90,56,16,23,4,4,0.6,0.7
2024-06-13T0000,1348A,113.3478,23.0916,广州市,广东商学院,,21,19,28,11,18,11,,107,51,42,31,3,4,0.4,0.4
2024-06-13T0000,1349A,113.4332,23.1047,广州市,市八十六中,,33,33,32,14,15,2,,76,16,54,44,4,3,0.7,0.7
2024-06-13T0000,1350A,113.3505,22.9483,广州市,番禺中学,,21,21,26,11,16,33,,103,59,22,25,6,6,0.6,0.7
2024-06-13T0000,1351A,113.2146,23.3916,广州市,花都师范,,29,29,36,14,23,17,,121,49,36,27,6,6,0.6,0.6
2024-06-13T0000,1352A,113.2597,23.1331,广州市,市监测站,,19,19,29,9,16,36,,76,50,20,27,4,4,0.5,0.5
2024-06-13T0000,1353A,113.5618,23.312,广州市,九龙镇镇龙,,31,31,32,16,18,5,,90,31,36,28,6,6,0.5,0.5
2024-06-13T0000,1354A,113.2765,23.1544,广州市,麓湖,,20,20,29,12,17,39,,95,60,16,24,3,3,0.6,0.4
2024-06-13T0000,1355A,113.443,23.3035,广州市,帽峰山森林公园,,29,29,28,15,14,6,,110,43,55,28,2,2,0.7,0.6
2024-06-13T0000,2846A,113.3221,23.1322,广州市,体育西,,19,19,28,10,17,39,,99,52,11,20,3,3,0.6,0.7
2024-06-13T0000,3298A,113.5717,23.5491,广州市,从化街口,,25,25,28,14,17,16,,126,60,27,18,6,7,0.6,0.6
2024-06-13T0000,3299A,113.3472,23.3692,广州市,白云竹料,,34,34,36,18,19,3,,120,45,47,33,4,4,0.8,0.7
2024-06-13T0000,3300A,113.2981,23.237,广州市,白云嘉禾,,27,27,31,13,17,23,,101,48,36,33,5,5,0.8,0.8
2024-06-13T0000,3301A,113.4256,23.1716,广州市,黄埔科学城,,32,32,34,12,15,1,,94,26,52,36,6,5,0.7,0.7
2024-06-13T0000,3302A,113.3942,23.0483,广州市,番禺大学城,,29,29,25,10,14,28,,85,40,26,31,1,1,0.9,0.8
2024-06-13T0000,3303A,113.4922,22.8168,广州市,南沙黄阁,,29,29,28,8,15,13,,77,31,36,19,5,5,0.7,0.7
2024-06-13T0000,3304A,113.5342,22.7896,广州市,南沙街,,27,27,26,13,12,8,,66,26,31,17,7,7,0.6,0.6
2024-06-13T0000,3443A,113.2902,23.5544,广州市,花都梯面,,28,28,34,19,18,9,,125,64,34,24,4,4,0.8,0.7
2024-06-13T0000,3445A,113.7858,23.7478,广州市,从化良口,,20,20,23,11,12,15,,121,68,21,9,5,5,0.6,0.6
2024-06-13T0000,3446A,113.8051,23.2614,广州市,增城荔城,,37,37,34,19,17,5,,93,25,34,24,5,5,0.6,0.6
2024-06-13T0000,2505A,109.568,23.1478,贵港市,德智高中,,,,,,,,,,,,,,,,
2024-06-13T0000,2506A,109.6047,23.0666,贵港市,江南子站,,20,19,36,14,19,24,,62,35,14,17,7,8,0.4,0.7
2024-06-13T0000,2507A,109.6014,23.0948,贵港市,贵城子站,,27,27,32,18,16,23,,58,35,15,15,7,9,0.5,0.7
2024-06-13T0000,2508A,109.5669,23.1065,贵港市,荷城子站,,22,22,27,9,8,23,,58,31,23,15,9,11,0.6,0.7
2024-06-13T0000,3405A,109.5886,23.1172,贵港市,新世纪学校,,17,17,25,11,15,32,,62,33,11,14,10,12,0.7,0.7
2024-06-13T0000,1439A,106.6899,26.5998,贵阳市,马鞍山,,19,19,15,12,3,34,,104,70,16,10,8,9,0.6,0.6
2024-06-13T0000,1440A,106.6971,26.5694,贵阳市,市环保站,颗粒物(PM10),60,70,29,33,16,4,,118,66,67,30,6,5,1.2,0.6
2024-06-13T0000,1441A,106.6243,26.6266,贵阳市,鉴湖路,,24,24,14,12,4,54,,105,80,26,11,2,2,0.6,0.4
2024-06-13T0000,1442A,106.7487,26.6343,贵阳市,燕子冲,,17,17,17,9,12,38,,116,84,22,12,7,8,0.6,0.6
2024-06-13T0000,1443A,106.6555,26.4365,贵阳市,碧云窝,,41,41,27,19,10,27,,124,84,21,11,4,7,0.5,0.5
2024-06-13T0000,1444A,106.694,26.5161,贵阳市,中院村,颗粒物(PM10),51,51,26,24,12,12,,118,68,56,19,7,8,0.7,0.6
2024-06-13T0000,1445A,106.7109,26.6027,贵阳市,红边门,,36,36,24,24,22,21,,117,69,50,22,6,6,0.8,0.6
2024-06-13T0000,1446A,106.7164,26.5699,贵阳市,新华路,颗粒物(PM10),57,63,27,29,16,12,,131,76,62,21,6,6,0.9,0.6
2024-06-13T0000,1447A,106.674,26.5424,贵阳市,太慈桥,,24,24,14,14,8,7,,118,67,42,15,3,4,0.5,0.4
2024-06-13T0000,1552A,106.805,26.3003,贵阳市,桐木岭,,,,,,,,,,,,,,,,
2024-06-13T0000,1862A,110.4144,25.3167,桂林市,电子科大尧山校区,,13,9,22,8,14,39,,29,26,4,4,3,4,0.5,0.5
2024-06-13T0000,1863A,110.2819,25.2697,桂林市,监测站,,16,,26,10,11,49,,48,47,12,10,4,6,0.7,0.8
2024-06-13T0000,1864A,110.3089,25.2708,桂林市,龙隐路小学,,18,,27,12,12,47,,40,38,6,10,4,4,0.6,0.7
2024-06-13T0000,1865A,110.2869,25.2178,桂林市,八中,,16,,22,11,11,48,,41,38,6,8,4,4,0.6,0.6
2024-06-13T0000,3403A,110.1764,25.2381,桂林市,创业大厦,,18,12,23,12,11,39,,48,47,9,7,6,6,0.5,0.5
2024-06-13T0000,3531A,110.296,25.1253,桂林市,旅游学院,,,,13,,9,,,41,,,6,,7,,0.5
2024-06-13T0000,2674A,100.2561,34.4714,果洛藏族自治州,玛沁县大武镇,,32,12,11,10,10,101,,115,107,10,11,7,8,0.4,0.4
2024-06-13T0000,1129A,126.5422,45.755,哈尔滨市,岭北,,29,29,19,17,13,48,,104,83,56,18,10,9,0.0,0.3
2024-06-13T0000,1130A,126.561,45.8167,哈尔滨市,松北商大,,45,45,25,11,10,37,,91,,44,19,6,5,0.5,0.5
2024-06-13T0000,1131A,126.979,45.5419,哈尔滨市,阿城会宁,,28,28,31,12,15,37,,102,62,27,18,10,10,0.4,0.5
2024-06-13T0000,1132A,126.599,45.7222,哈尔滨市,南岗学府路,,45,45,35,11,12,26,,103,,54,14,8,7,0.6,0.5
2024-06-13T0000,1133A,126.689,45.7733,哈尔滨市,太平宏伟公园,,,,30,,13,,,99,,,20,,5,,0.4
2024-06-13T0000,1134A,126.635,45.7667,哈尔滨市,道外承德广场,,50,50,33,6,12,45,,100,67,46,21,8,8,0.4,0.3
2024-06-13T0000,1135A,126.685,45.7319,哈尔滨市,香坊红旗大街,,44,44,24,20,17,22,,88,,61,16,6,4,0.5,0.5
2024-06-13T0000,1136A,126.6411,45.7258,哈尔滨市,动力和平路,,43,43,29,7,8,42,,102,,44,17,6,6,0.4,0.4
2024-06-13T0000,1137A,126.593,45.7478,哈尔滨市,道里建国路,,42,42,29,8,12,34,,103,75,59,19,12,10,3.4,0.8
2024-06-13T0000,1138A,126.615,45.61,哈尔滨市,平房东轻厂,,22,20,30,9,12,39,,105,70,43,21,7,8,0.1,0.2
2024-06-13T0000,1139A,126.595,45.9855,哈尔滨市,呼兰师专,,,54,28,6,11,,,95,,32,14,6,9,,0.2
2024-06-13T0000,1140A,126.6206,45.6842,哈尔滨市,省农科院,颗粒物(PM10),64,77,37,17,12,2,,112,46,84,27,7,5,0.6,0.5
2024-06-13T0000,2688A,93.5128,42.8172,哈密市,地区监测站,颗粒物(PM10),57,64,125,19,39,79,,132,114,28,11,4,5,0.6,0.3
2024-06-13T0000,2689A,93.4961,42.8328,哈密市,哈密师范学校,颗粒物(PM10),53,56,104,17,29,77,,137,112,30,13,6,6,0.6,0.4
2024-06-13T0000,2671A,100.9048,36.9639,海北藏族自治州,海晏县西海镇,,32,24,23,20,17,102,,137,122,8,11,14,13,0.4,0.4
2024-06-13T0000,3867A,102.0738,36.5056,海东市,平安区公安北苑,,35,35,38,17,19,96,,140,120,25,15,6,10,0.3,0.5
2024-06-13T0000,1409A,110.576,19.9507,海口市,东寨港,,,,,,,,,,,,,,,,
2024-06-13T0000,1410A,110.3232,20.0574,海口市,海南大学,,24,24,18,14,9,31,,88,57,19,12,5,5,0.5,0.4
2024-06-13T0000,1411A,110.283,20.0053,海口市,秀英海南医院,,21,21,23,8,8,25,,73,40,19,14,6,6,0.4,0.3
2024-06-13T0000,1412A,110.338,19.9969,海口市,海南师范大学,,18,18,20,10,9,33,,66,43,12,10,6,6,0.4,0.4
2024-06-13T0000,1413A,110.33,20.0356,海口市,龙华路环保局宿舍,,19,19,20,12,9,34,,77,53,14,9,6,7,0.3,0.3
2024-06-13T0000,3539A,110.5111,19.9736,海口市,桂林洋子站,,28,28,22,12,11,11,,59,31,20,9,5,6,0.4,0.3
2024-06-13T0000,2673A,100.6188,36.2866,海南藏族自治州,共和县恰卜恰镇,,30,23,27,16,15,94,,123,109,18,13,17,11,0.5,0.5
2024-06-13T0000,2676A,97.3731,37.3753,海西蒙古族藏族自治州,德令哈市,,38,12,17,10,12,121,,127,125,6,8,19,18,0.6,0.5
2024-06-13T0000,1048A,114.5302,36.6116,邯郸市,东污水处理厂,颗粒物(PM10),65,80,60,36,28,85,,208,132,45,30,7,7,0.9,0.8
2024-06-13T0000,1049A,114.4918,36.5713,邯郸市,矿院,,36,36,49,22,23,68,,216,134,31,23,8,8,0.8,0.6
2024-06-13T0000,1050A,114.484,36.6133,邯郸市,丛台公园,颗粒物(PM10),58,66,53,21,25,86,,213,137,39,23,11,12,0.8,0.8
2024-06-13T0000,3458A,114.7895,36.5593,邯郸市,香泉濮院小区,颗粒物(PM10),77,103,72,35,27,133,,232,191,22,16,11,11,0.4,0.5
2024-06-13T0000,3579A,114.50634,36.77178,邯郸市,永年区实验高中,颗粒物(PM10),55,60,67,20,22,110,,246,163,23,21,14,12,1.0,1
2024-06-13T0000,3580A,114.20016,36.44293,邯郸市,峰峰矿区临水派出所,颗粒物(PM10),68,86,41,13,17,153,,197,152,7,6,9,9,0.5,0.1
2024-06-13T0000,2634A,106.9893,33.1842,汉中市,汉川机床厂子校,,30,30,28,18,19,72,,162,118,22,9,4,4,0.5,0.7
2024-06-13T0000,2635A,107.0154,33.0706,汉中市,市监测站,颗粒物(PM10),53,55,44,23,24,69,,166,131,33,16,11,9,0.9,0.8
2024-06-13T0000,2636A,107.0089,33.1138,汉中市,鑫源开发区,,39,39,40,25,25,63,,182,137,31,15,10,14,0.6,0.7
2024-06-13T0000,2637A,107.007,33.0323,汉中市,南郑大河坎水厂,颗粒物(PM10),54,57,39,32,23,45,,162,114,16,11,7,8,0.7,0.6
2024-06-13T0000,1223A,120.2072,30.2111,杭州市,滨江,,33,33,23,17,13,57,,118,100,18,17,4,4,0.8,0.8
2024-06-13T0000,1224A,120.0633,30.2747,杭州市,西溪,,22,22,20,13,13,10,,103,66,18,13,6,6,0.6,0.6
2024-06-13T0000,1226A,120.3461,30.3153,杭州市,下沙,,32,32,32,15,16,51,,126,,47,34,8,6,0.7,0.6
2024-06-13T0000,1227A,120.1269,30.2456,杭州市,卧龙桥,,23,20,20,16,14,23,,92,53,14,11,4,4,0.7,0.7
2024-06-13T0000,1228A,120.1903,30.2692,杭州市,浙江农大,,26,21,20,18,17,64,,116,100,21,24,6,6,0.6,0.7
2024-06-13T0000,1230A,120.1197,30.3119,杭州市,和睦小学,,28,25,23,19,18,63,,121,104,21,22,4,4,0.6,0.7
2024-06-13T0000,1231A,120.3019,30.4183,杭州市,临平镇,,36,36,37,13,17,67,,135,95,30,27,5,4,0.7,0.6
2024-06-13T0000,1232A,120.2697,30.1819,杭州市,城厢镇,,35,35,22,24,16,52,,120,98,27,21,6,5,0.7,0.7
2024-06-13T0000,1233A,120.0883,30.1808,杭州市,云栖,,31,31,25,10,10,5,,101,56,16,12,6,6,0.6,0.7
2024-06-13T0000,3557A,119.9464,30.0494,杭州市,镇二中,,22,21,18,15,10,26,,112,67,39,25,7,7,0.7,0.8
2024-06-13T0000,3558A,119.7183,30.2367,杭州市,市府大楼,,24,24,17,14,10,13,,88,55,31,16,6,6,0.7,0.7
2024-06-13T0000,3656A,120.1556,30.2864,杭州市,消防大队,,30,30,23,18,17,48,,104,86,30,25,6,6,0.9,0.9
2024-06-13T0000,1270A,117.1959,31.7848,合肥市,明珠广场,,44,44,42,19,24,100,,210,159,33,23,7,6,0.4,0.4
2024-06-13T0000,1271A,117.3072,31.8764,合肥市,三里街,颗粒物(PM10),51,51,48,19,22,87,,201,145,47,25,6,6,0.4,0.4
2024-06-13T0000,1272A,117.2588,31.8707,合肥市,琥珀山庄,,44,44,43,22,21,98,,220,169,30,15,5,5,0.7,0.7
2024-06-13T0000,1273A,117.1604,31.9052,合肥市,董铺水库,,,,36,,20,118,,196,174,16,10,1,1,0.3,0.4
2024-06-13T0000,1274A,117.25,31.8571,合肥市,长江中路,,41,41,48,19,24,118,,214,170,22,15,6,6,0.6,0.7
2024-06-13T0000,1275A,117.266,31.9436,合肥市,庐阳区,,44,44,49,24,25,119,,196,163,29,21,8,9,0.2,0.3
2024-06-13T0000,1276A,117.336,31.8586,合肥市,瑶海区,颗粒物(PM10),54,58,48,22,23,87,,192,134,39,21,9,9,0.5,0.6
2024-06-13T0000,1277A,117.3027,31.7964,合肥市,包河区,,35,34,38,17,18,112,,197,152,23,21,6,6,0.5,0.6
2024-06-13T0000,1278A,117.2776,31.7385,合肥市,滨湖新区,,36,27,30,17,22,114,,198,160,12,11,7,7,0.5,0.5
2024-06-13T0000,1279A,117.1318,31.8403,合肥市,高新区,,44,44,42,23,21,116,,195,162,22,15,8,8,0.7,0.7
2024-06-13T0000,3464A,117.3803,31.9147,合肥市,高教基地,,39,38,41,27,21,110,,183,150,26,15,7,6,0.5,0.5
2024-06-13T0000,3614A,79.924,37.0877,和田地区,地区环保局,颗粒物(PM10),174,297,111,71,23,42,,141,114,58,8,11,7,1.1,0.5
2024-06-13T0000,3615A,79.9131,37.113,和田地区,市环保局,颗粒物(PM10),148,246,105,47,25,4,,142,103,97,17,9,6,1.6,0.6
2024-06-13T0000,2516A,108.2011,24.715,河池市,东仁乐园,,41,41,38,13,8,5,,38,21,7,5,3,6,0.9,0.8
2024-06-13T0000,2517A,108.0497,24.6947,河池市,市环保站,,30,30,27,16,14,6,,41,28,20,11,7,8,0.7,0.6
2024-06-13T0000,2518A,108.0983,24.6989,河池市,市疾控中心,,27,27,30,18,16,6,,45,30,19,14,6,8,0.6,0.5
2024-06-13T0000,1696A,114.6778,23.7569,河源市,源西,,23,23,23,6,14,32,,81,60,16,15,3,4,0.6,0.5
2024-06-13T0000,1697A,114.6944,23.7586,河源市,东埔,,,36,39,7,12,33,,92,69,15,12,6,6,,0.7
2024-06-13T0000,1698A,114.6892,23.7233,河源市,老城,,21,21,24,11,11,33,,96,69,15,10,5,5,0.5,0.5
2024-06-13T0000,1718A,115.4208,35.2464,菏泽市,气象局,颗粒物(PM10),166,281,84,27,27,172,,230,205,18,17,7,7,0.4,0.3
2024-06-13T0000,1719A,115.4747,35.2375,菏泽市,市政协,颗粒物(PM10),187,324,87,52,39,174,,228,203,12,12,6,6,0.3,0.2
2024-06-13T0000,3374A,115.5564,35.0891,菏泽市,定陶老年大学,颗粒物(PM10),148,246,77,31,27,156,,206,184,17,17,6,6,0.4,0.4
2024-06-13T0000,3647A,115.4702,35.2706,菏泽市,菏泽医专,颗粒物(PM10),189,328,81,35,22,166,,220,200,15,13,6,5,0.5,0.4
2024-06-13T0000,2514A,111.5264,24.4172,贺州市,环保小区,,23,19,26,16,12,39,,63,47,10,11,7,7,0.6,0.7
2024-06-13T0000,2515A,111.5608,24.4078,贺州市,政协大楼,,26,26,27,17,14,44,,68,47,12,13,6,7,0.5,0.5
2024-06-13T0000,3534A,111.4744,24.4553,贺州市,西湾,细颗粒物(PM2.5),82,,26,60,15,33,,59,42,18,16,8,8,0.5,0.5
2024-06-13T0000,2385A,114.17,35.9019,鹤壁市,市监测站,细颗粒物(PM2.5),63,71,85,45,44,83,,228,157,29,24,5,11,0.7,0.6
2024-06-13T0000,2386A,114.2956,35.7511,鹤壁市,市交警支队,颗粒物(PM10),66,82,86,42,34,134,,260,201,22,29,8,10,0.5,0.6
2024-06-13T0000,2387A,114.2878,35.7306,鹤壁市,迎宾馆,颗粒物(PM10),57,64,74,28,34,132,,265,210,22,25,10,12,0.5,0.5
2024-06-13T0000,3474A,114.2617,35.6822,鹤壁市,大新区,颗粒物(PM10),65,79,98,43,34,102,,249,194,39,35,7,9,0.4,0.4
2024-06-13T0000,3596A,114.1572,35.9603,鹤壁市,南山宾馆,颗粒物(PM10),82,114,67,44,30,118,,236,182,19,10,17,14,0.5,0.4
2024-06-13T0000,2244A,130.2537,47.3416,鹤岗市,哈啤分公司,,30,30,18,11,9,23,,58,45,12,6,14,14,0.2,0.2
2024-06-13T0000,2245A,130.2684,47.3086,鹤岗市,斯达机电,,38,38,16,13,8,29,,59,52,22,8,11,11,0.4,0.3
2024-06-13T0000,2246A,130.3114,47.3388,鹤岗市,东山纸板厂,,33,33,24,8,7,0,,58,35,25,9,16,16,0.8,0.3
2024-06-13T0000,2247A,130.1097,47.3382,鹤岗市,五号水库,,12,12,14,8,7,16,,59,36,8,6,8,9,0.3,0.3
2024-06-13T0000,2263A,127.4833,50.2524,黑河市,交通局,,36,36,24,9,12,33,,76,52,15,8,5,6,0.3,0.3
2024-06-13T0000,2264A,127.5144,50.2341,黑河市,环保局,,50,50,19,12,14,17,,74,56,31,9,5,5,0.5,0.2
2024-06-13T0000,2265A,127.5291,50.2472,黑河市,大黑河岛,颗粒物(PM10),60,69,21,26,12,59,,100,85,16,11,5,6,0.5,0.4
2024-06-13T0000,1074A,115.6838,37.7541,衡水市,电机北厂,颗粒物(PM10),154,257,96,57,31,167,,252,217,13,14,8,8,0.4,0.4
2024-06-13T0000,1075A,115.6303,37.7316,衡水市,市监测站,颗粒物(PM10),137,223,94,50,42,164,,255,206,18,17,11,11,0.6,0.6
2024-06-13T0000,3188A,115.6683,37.7217,衡水市,市城管局,颗粒物(PM10),181,311,112,47,30,165,,256,212,19,16,6,6,0.4,0.4
2024-06-13T0000,3459A,115.5989,37.5491,衡水市,地表水厂,颗粒物(PM10),262,393,122,36,30,164,,250,198,15,24,9,11,0.4,0.4
2024-06-13T0000,2456A,112.5003,26.9167,衡阳市,原169医院,,13,10,23,9,12,34,,53,41,10,13,4,7,0.6,0.7
2024-06-13T0000,2457A,112.6194,26.9258,衡阳市,衡阳化工总厂,,12,9,25,8,11,38,,61,44,9,9,6,6,0.5,0.6
2024-06-13T0000,2458A,112.6211,26.8956,衡阳市,珠晖区环保局,,16,11,23,11,11,34,,67,45,15,8,5,7,0.7,0.7
2024-06-13T0000,2459A,112.6197,26.8733,衡阳市,市委党校,,18,10,20,7,11,56,,68,53,8,8,6,8,0.5,0.6
2024-06-13T0000,2460A,112.6006,26.8919,衡阳市,市监测站,,12,10,21,7,11,36,,66,46,11,8,7,8,0.6,0.6
2024-06-13T0000,2461A,112.5664,26.9056,衡阳市,真空机电公司,,34,34,22,11,12,23,,57,42,17,13,5,7,0.9,1
2024-06-13T0000,3399A,112.6703,26.882,衡阳市,师范学院,,17,12,19,7,10,53,,67,48,6,7,7,9,0.6,0.6
2024-06-13T0000,2608A,103.3772,23.3993,红河哈尼族彝族自治州,污水处理厂,,12,12,13,8,9,28,,45,35,6,5,5,6,0.4,0.4
2024-06-13T0000,2609A,103.3861,23.35,红河哈尼族彝族自治州,监测站,,9,,12,3,7,26,,43,34,9,6,3,6,0.4,0.4
2024-06-13T0000,3038A,103.3758,23.368,红河哈尼族彝族自治州,州图书馆,,11,6,1,3,5,33,,44,37,3,5,2,2,0.3,0.3
2024-06-13T0000,1090A,111.6507,40.7517,呼和浩特市,呼市一监,颗粒物(PM10),57,63,69,31,24,72,,174,130,36,17,9,11,0.6,0.5
2024-06-13T0000,1091A,111.6572,40.8033,呼和浩特市,小召,颗粒物(PM10),67,83,67,27,21,46,,164,116,67,35,6,9,0.6,0.5
2024-06-13T0000,1094A,111.7516,40.8369,呼和浩特市,如意水处理厂,颗粒物(PM10),56,62,67,14,18,62,,165,104,43,32,4,6,0.5,0.5
2024-06-13T0000,1095A,111.7276,40.8062,呼和浩特市,二十九中,颗粒物(PM10),74,97,70,21,23,54,,175,115,58,32,3,5,0.5,0.5
2024-06-13T0000,1096A,111.5512,40.7866,呼和浩特市,工大金川校区,颗粒物(PM10),66,81,70,24,24,21,,161,103,85,39,7,8,0.4,0.3
2024-06-13T0000,1097A,111.717,40.7612,呼和浩特市,化肥厂生活区,颗粒物(PM10),84,118,86,30,25,52,,170,118,56,27,10,12,0.4,0.4
2024-06-13T0000,3698A,111.5968,40.8178,呼和浩特市,红旗小学,颗粒物(PM10),76,102,78,36,26,15,,170,100,91,41,3,6,0.5,0.4
2024-06-13T0000,3699A,111.6518,40.8389,呼和浩特市,海东办,颗粒物(PM10),68,85,73,28,27,26,,168,95,79,39,5,7,0.5,0.4
2024-06-13T0000,2192A,119.7594,49.2261,呼伦贝尔市,区环保局,,26,21,29,18,18,75,,93,76,6,10,4,4,0.4,0.4
2024-06-13T0000,3061A,119.7512,49.1577,呼伦贝尔市,国华电力东,,23,22,22,9,15,73,,92,78,4,5,3,4,0.4,0.4
2024-06-13T0000,1250A,120.0751,30.8669,湖州市,城西水厂,,42,42,35,25,21,65,,159,125,40,22,5,4,0.9,0.8
2024-06-13T0000,2873A,120.0875,30.8955,湖州市,仁皇山新区,颗粒物(PM10),51,51,41,31,28,74,,161,119,36,22,6,5,0.8,0.7
2024-06-13T0000,2907A,120.1844,30.8596,湖州市,吴兴区站,,30,30,31,21,29,60,,160,127,38,19,8,6,0.5,0.6
2024-06-13T0000,3562A,120.4148,30.8538,湖州市,南浔区站,,35,33,28,24,28,67,,156,129,33,16,3,3,0.6,0.6
2024-06-13T0000,1607A,120.9092,40.7136,葫芦岛市,龙港区,,42,35,41,21,15,134,,161,158,16,9,7,7,0.4,0.4
2024-06-13T0000,1608A,120.8392,40.7514,葫芦岛市,化工街,,48,48,54,19,17,112,,156,140,30,15,11,12,0.7,0.7
2024-06-13T0000,1609A,120.8341,40.7073,葫芦岛市,新区,,41,36,46,21,18,131,,160,157,19,12,6,6,0.5,0.5
2024-06-13T0000,1610A,120.8695,40.7677,葫芦岛市,东城区,,45,45,49,22,18,136,,179,160,26,15,6,10,0.6,0.7
2024-06-13T0000,2482A,109.5981,27.5721,怀化市,林科所,,24,24,15,10,7,46,,77,60,9,5,3,4,0.8,0.7
2024-06-13T0000,2483A,109.9453,27.5444,怀化市,河西地税局,,22,22,18,11,9,2,,56,29,12,9,7,7,0.8,0.7
2024-06-13T0000,2484A,109.9781,27.5342,怀化市,市四医院,,40,40,21,15,14,11,,68,39,21,9,4,6,0.8,0.8
2024-06-13T0000,2485A,109.9972,27.5578,怀化市,监测楼,细颗粒物(PM2.5),53,53,26,37,16,2,,66,39,23,8,23,14,0.9,0.8
2024-06-13T0000,2486A,110.0394,27.583,怀化市,市委党校,,30,27,20,21,11,19,,73,47,12,8,50,10,0.8,0.7
2024-06-13T0000,1210A,119.036,33.5981,淮安市,钵池山,,27,27,57,16,32,77,,194,150,18,20,7,7,0.5,0.7
2024-06-13T0000,1211A,119.007,33.575,淮安市,北京南路,,31,31,58,13,39,71,,201,154,15,17,7,7,0.5,0.7
2024-06-13T0000,1212A,118.989,33.6067,淮安市,市监测站,,36,36,61,12,35,72,,200,158,21,19,9,8,0.6,0.9
2024-06-13T0000,1213A,119.135,33.5039,淮安市,楚州区监测站,,32,32,71,13,33,63,,185,131,19,22,6,6,0.4,0.6
2024-06-13T0000,1214A,119.0186,33.6297,淮安市,淮阴区监测站,,34,34,62,21,45,78,,200,155,19,21,8,8,0.4,0.6
2024-06-13T0000,3426A,118.8755,33.2894,淮安市,新华书店,,45,45,60,15,27,81,,188,154,19,19,6,7,0.5,0.7
2024-06-13T0000,2282A,116.8004,33.975,淮北市,监测站,颗粒物(PM10),79,108,53,34,27,166,,206,188,8,9,6,7,0.5,0.5
2024-06-13T0000,2283A,116.8091,33.9007,淮北市,烈山区政府,颗粒物(PM10),99,147,74,47,23,156,,209,189,11,12,7,7,0.6,0.6
2024-06-13T0000,3330A,116.8873,33.9836,淮北市,杜集区检察院,臭氧1小时,85,82,67,35,26,188,,224,208,8,11,7,8,0.6,0.6
2024-06-13T0000,4017A,116.7923,33.9535,淮北市,市博物馆,颗粒物(PM10),87,123,56,39,26,167,,213,194,8,10,5,5,0.6,0.6
2024-06-13T0000,2277A,116.8305,32.7727,淮南市,潘集区政府,颗粒物(PM10),65,80,53,28,26,119,,209,173,24,15,12,9,0.3,0.3
2024-06-13T0000,2278A,117.0067,32.6524,淮南市,师范学院,颗粒物(PM10),51,51,56,34,28,146,,185,168,14,11,10,10,0.3,0.2
2024-06-13T0000,2279A,116.8569,32.5951,淮南市,谢家集区政府,颗粒物(PM10),59,67,51,21,13,146,,198,167,18,15,6,7,0.3,0.3
2024-06-13T0000,2280A,116.8281,32.633,淮南市,八公山区政府,颗粒物(PM10),62,73,57,26,27,128,,203,169,22,13,5,4,0.4,0.4
2024-06-13T0000,2281A,116.6325,32.6201,淮南市,焦岗湖风景区管理处,,46,46,39,10,13,80,,113,97,27,18,7,8,0.3,0.3
2024-06-13T0000,2894A,117.0566,32.6531,淮南市,经济技术开发区消防队,,45,45,47,26,25,119,,215,174,27,15,7,6,0.4,0.4
2024-06-13T0000,3329A,117.0108,32.5893,淮南市,山南新区,颗粒物(PM10),61,71,57,31,26,140,,203,178,21,14,9,8,0.5,0.5
2024-06-13T0000,2446A,114.9028,30.4742,黄冈市,职工中心,颗粒物(PM10),57,64,43,33,24,57,,162,121,40,21,7,6,1.1,1.1
2024-06-13T0000,2929A,114.8858,30.4519,黄冈市,红卫路,颗粒物(PM10),58,66,43,29,24,65,,172,124,42,26,8,7,0.7,0.8
2024-06-13T0000,3398A,114.9136,30.4445,黄冈市,市林业局,颗粒物(PM10),55,60,49,31,26,58,,176,134,46,26,4,4,0.7,0.7
2024-06-13T0000,2672A,102.0199,35.5102,黄南藏族自治州,同仁县隆务镇,,25,25,25,9,12,71,,96,80,3,3,9,10,0.8,0.7
2024-06-13T0000,2295A,118.2903,29.6963,黄山市,延安路89号,,47,47,28,10,8,11,,92,56,17,6,6,5,0.7,0.6
2024-06-13T0000,2296A,118.327,29.7178,黄山市,黄山东路89号,,24,24,15,8,6,13,,90,54,8,5,5,5,0.5,0.5
2024-06-13T0000,2297A,118.1371,30.2756,黄山市,黄山区政府5号楼,,21,21,17,13,7,15,,85,49,6,5,6,6,0.5,0.4
2024-06-13T0000,2423A,115.0601,30.2313,黄石市,沈家营,,43,43,42,23,17,8,,171,108,76,21,12,8,0.7,0.7
2024-06-13T0000,2424A,115.0817,30.2006,黄石市,陈家湾,,38,38,41,17,19,67,,179,133,17,9,6,5,0.7,0.8
2024-06-13T0000,2426A,114.8988,30.2019,黄石市,铁山,,41,41,37,20,15,66,,154,117,25,13,10,9,0.5,0.7
2024-06-13T0000,2427A,115.0307,30.2092,黄石市,团城山,,43,43,41,14,13,96,,166,126,10,11,5,8,0.4,0.5
2024-06-13T0000,3149A,115.0235,30.1578,黄石市,笔架山北路,,40,40,39,13,12,65,,166,114,20,6,5,7,0.5,0.3
2024-06-13T0000,1392A,114.4183,23.0528,惠州市,河南岸金山湖子站,,23,23,23,12,14,12,,83,36,21,14,4,4,0.5,0.5
2024-06-13T0000,1393A,114.4053,23.0822,惠州市,下埔横江三路子站,,25,25,24,13,14,20,,88,42,23,16,6,6,0.7,0.6
2024-06-13T0000,1394A,114.4103,23.1142,惠州市,江北云山西路子站,,23,23,23,15,12,18,,96,45,18,14,7,7,0.6,0.6
2024-06-13T0000,1395A,114.4645,22.7833,惠州市,惠阳区承修路船湖子站,,19,19,19,11,10,30,,72,41,16,12,3,3,0.5,0.5
2024-06-13T0000,1396A,114.5317,22.7422,惠州市,大亚湾管委会子站,,25,25,23,10,11,13,,82,35,31,20,6,6,0.7,0.7
2024-06-13T0000,3314A,114.4338,22.8134,惠州市,惠阳秋长,,36,36,36,8,12,25,,83,41,25,19,5,5,0.5,0.5
2024-06-13T0000,3452A,114.6517,22.775,惠州市,大亚湾霞涌,,17,17,18,10,18,22,,68,46,14,7,3,3,0.5,0.5
2024-06-13T0000,2240A,130.9762,45.3001,鸡西市,环保局,,20,20,23,10,13,35,,69,52,18,13,5,6,0.4,0.5
2024-06-13T0000,2243A,130.9429,45.3039,鸡西市,第一中学,,20,20,23,9,12,27,,64,47,13,8,6,7,0.3,0.4
2024-06-13T0000,3707A,131.0207,45.3073,鸡西市,欧美日汽修厂,,22,22,20,13,15,29,,62,47,13,12,4,5,0.5,0.6
2024-06-13T0000,3709A,130.9967,45.3106,鸡西市,市政设施管理处,,27,27,23,12,11,12,,49,38,16,14,6,6,0.5,0.5
2024-06-13T0000,2367A,114.9754,27.0803,吉安市,红声器材厂,,15,10,21,3,12,45,,62,,12,13,10,10,0.4,0.4
2024-06-13T0000,2368A,114.9658,27.0999,吉安市,市森林工业局,,13,9,22,8,15,40,,62,50,10,12,10,11,0.6,0.6
2024-06-13T0000,2369A,114.99,27.1312,吉安市,市环境监测站,,14,10,21,7,11,44,,66,57,7,9,10,12,0.6,0.6
2024-06-13T0000,2370A,115.0093,27.0968,吉安市,青原区法院,,18,17,26,12,15,40,,55,43,14,16,13,12,0.4,0.5
2024-06-13T0000,1772A,126.54,43.8622,吉林市,哈达湾,,40,40,37,24,25,54,,139,104,33,17,5,6,0.6,0.6
2024-06-13T0000,1773A,126.5844,43.8358,吉林市,东局子,,35,35,33,20,23,62,,126,91,21,21,4,5,0.6,0.6
2024-06-13T0000,1774A,126.5052,43.8245,吉林市,电力学院,,37,37,33,20,19,3,,137,76,63,19,7,7,0.5,0.5
2024-06-13T0000,1775A,126.6133,43.8972,吉林市,江北,细颗粒物(PM2.5),63,71,40,45,26,15,,119,74,68,22,6,7,0.8,0.7
2024-06-13T0000,1776A,126.555,43.8306,吉林市,江南公园,,26,26,29,18,22,61,,128,94,20,19,4,5,0.6,0.6
2024-06-13T0000,1778A,126.7061,43.7133,吉林市,丰满,,,,,,,,,,,,,,,,
2024-06-13T0000,2868A,126.4739,43.953,吉林市,九站,颗粒物(PM10),54,57,34,32,19,3,,136,83,79,25,8,8,0.7,0.6
2024-06-13T0000,1299A,116.9862,36.6114,济南市,科干所,臭氧1小时,90,48,60,17,19,192,,214,204,9,10,8,10,0.3,0.4
2024-06-13T0000,1300A,116.9376,36.665,济南市,农科所,臭氧1小时,75,39,60,10,15,180,,226,210,14,14,8,8,0.4,0.4
2024-06-13T0000,1301A,117.1265,36.6734,济南市,开发区,臭氧1小时,104,51,63,20,21,207,,227,217,10,13,8,8,0.4,0.4
2024-06-13T0000,1303A,117.0624,36.6868,济南市,省种子仓库,,,,70,,19,,,226,215,,4,,6,,0.4
2024-06-13T0000,1304A,116.9489,36.6447,济南市,机床二厂,臭氧1小时,82,44,73,17,17,185,,231,216,4,6,9,11,0.3,0.4
2024-06-13T0000,1305A,117.0495,36.663,济南市,市监测站,臭氧1小时,109,54,62,17,20,218,,234,225,10,12,11,12,0.4,0.4
2024-06-13T0000,1306A,116.7675,36.5484,济南市,长清党校,臭氧1小时,83,37,77,3,22,186,,225,,15,13,6,9,0.5,0.6
2024-06-13T0000,1616A,117.6795,36.229,济南市,技术学院,,44,19,62,17,22,138,,214,171,20,20,7,10,0.5,0.7
2024-06-13T0000,1961A,117.532,36.6868,济南市,东山小学,臭氧1小时,65,22,62,15,18,172,,157,,14,15,6,8,0.5,0.5
2024-06-13T0000,3059A,117.7161,36.2049,济南市,泰兴公司,,37,29,58,14,20,118,,197,158,17,17,9,12,0.6,0.6
2024-06-13T0000,3064A,117.6867,36.2171,济南市,莱芜战役纪念馆,,42,36,60,19,19,134,,182,,20,17,8,12,0.5,0.6
2024-06-13T0000,3494A,117.1673,36.9782,济南市,济阳区政府,颗粒物(PM10),68,85,89,27,23,153,,238,204,26,21,8,11,0.4,0.5
2024-06-13T0000,3495A,117.1171,36.63,济南市,锦屏中学,臭氧1小时,105,46,60,20,19,209,,229,221,4,6,7,8,0.2,0.3
2024-06-13T0000,3682A,116.9814,36.6819,济南市,济南四建,臭氧1小时,85,46,59,17,20,188,,220,206,6,9,7,9,0.5,0.5
2024-06-13T0000,1653A,116.6251,35.4302,济宁市,火炬城,,44,39,72,9,22,139,,185,,11,11,8,10,0.5,0.7
2024-06-13T0000,1655A,116.5491,35.4042,济宁市,电化厂,颗粒物(PM10),57,64,89,14,25,152,,217,192,11,14,3,8,0.2,0.7
2024-06-13T0000,3500A,116.5814,35.3707,济宁市,北湖一中,,48,38,63,9,20,153,,214,190,13,16,12,15,0.1,0.4
2024-06-13T0000,3501A,116.8249,35.5593,济宁市,服务中心,,44,44,80,10,22,125,,201,177,18,14,2,3,0.4,0.7
2024-06-13T0000,3678A,116.5907,35.4054,济宁市,市第七中学,,49,49,61,9,20,154,,204,,11,13,5,6,0.4,0.6
2024-06-13T0000,2255A,130.2751,46.8028,佳木斯市,佳纺,,41,41,22,21,13,9,,61,32,22,12,3,4,0.4,0.4
2024-06-13T0000,2256A,130.3995,46.8307,佳木斯市,发电厂,,25,25,19,15,11,7,,67,44,28,7,6,5,0.7,0.4
2024-06-13T0000,2257A,130.3258,46.7975,佳木斯市,环保局,,40,40,24,17,12,4,,56,32,34,14,6,5,0.3,0.3
2024-06-13T0000,2258A,130.3648,46.8032,佳木斯市,十一中,颗粒物(PM10),51,51,17,34,13,8,,65,42,39,12,6,5,0.7,0.4
2024-06-13T0000,2259A,130.3794,46.7588,佳木斯市,四丰,,17,17,14,8,7,18,,52,37,13,9,1,1,0.6,0.6
2024-06-13T0000,1252A,120.7436,30.778,嘉兴市,清河小学,颗粒物(PM10),58,66,36,38,17,74,,153,117,43,23,5,4,0.7,0.6
2024-06-13T0000,1253A,120.726,30.7478,嘉兴市,嘉兴学院,细颗粒物(PM2.5),68,56,27,49,22,83,,134,110,28,19,4,4,0.8,0.6
2024-06-13T0000,2872A,120.7846,30.7525,嘉兴市,南湖区残联,细颗粒物(PM2.5),73,68,31,53,26,120,,154,128,22,17,6,5,0.7,0.6
2024-06-13T0000,3407A,120.6916,30.7739,嘉兴市,秀洲住建,颗粒物(PM10),53,55,31,30,20,96,,149,111,20,21,5,5,0.9,0.7
2024-06-13T0000,1945A,98.2908,39.7711,嘉峪关市,气象局,,41,41,57,24,13,121,,140,131,8,12,10,12,0.4,0.4
2024-06-13T0000,2884A,98.2672,39.7978,嘉峪关市,酒钢宾馆,颗粒物(PM10),52,53,59,17,17,120,,144,138,11,12,15,35,0.4,0.5
2024-06-13T0000,3248A,98.2643,39.7724,嘉峪关市,雄关区,,48,48,41,21,13,114,,141,129,12,10,7,9,0.3,0.4
2024-06-13T0000,1383A,113.1064,22.6058,江门市,北街,,25,25,31,8,14,24,,56,36,22,13,3,3,0.6,0.5
2024-06-13T0000,1384A,113.0731,22.5835,江门市,西区,,14,14,26,9,11,42,,58,47,9,14,6,6,0.4,0.5
2024-06-13T0000,1385A,113.0219,22.5311,江门市,圭峰西,,17,17,21,7,9,48,,54,49,2,6,4,4,0.2,0.3
2024-06-13T0000,1386A,113.0828,22.5947,江门市,东湖,,15,15,25,8,11,44,,59,46,9,13,6,6,0.4,0.5
2024-06-13T0000,3311A,113.1075,22.5647,江门市,江海富民,,31,31,32,11,15,29,,62,41,19,14,5,5,0.4,0.4
2024-06-13T0000,3449A,113.05,22.4667,江门市,新会银湖,,30,30,25,3,8,27,,55,44,13,10,4,4,0.5,0.5
2024-06-13T0000,1828A,113.227,35.2125,焦作市,市环保局,细颗粒物(PM2.5),57,46,67,40,38,123,,220,146,12,12,2,7,0.3,0.5
2024-06-13T0000,1830A,113.1992,35.2590,焦作市,影视城,,,,,,,,,,,,,,,,
2024-06-13T0000,3169A,113.2725,35.2067,焦作市,太极体育中心,颗粒物(PM10),70,89,85,45,38,79,,214,137,26,15,6,8,0.7,0.7
2024-06-13T0000,3335A,113.3137,35.2641,焦作市,马村街道办,颗粒物(PM10),52,54,67,20,33,134,,213,148,11,17,3,6,1.0,0.7
2024-06-13T0000,3336A,113.2465,35.2373,焦作市,焦作技师学院,,43,42,65,27,31,137,,216,148,6,14,1,5,0.4,0.5
2024-06-13T0000,3477A,113.1656,35.2539,焦作市,中站许衡医院,细颗粒物(PM2.5),67,73,60,48,38,123,,202,134,32,20,6,9,0.4,0.6
2024-06-13T0000,3981A,113.2449,35.1803,焦作市,原李万街道办,细颗粒物(PM2.5),64,61,64,46,30,82,,205,122,30,17,7,9,0.6,0.6
2024-06-13T0000,1708A,116.3701,23.5345,揭阳市,新兴,,26,26,27,8,11,36,,59,45,10,8,6,4,0.7,0.6
2024-06-13T0000,1709A,116.3264,23.5443,揭阳市,西马,,48,48,32,16,14,31,,57,43,9,7,4,4,0.6,0.6
2024-06-13T0000,1710A,116.3611,23.5626,揭阳市,东兴,,28,28,30,9,10,43,,64,50,6,9,2,2,0.7,0.7
2024-06-13T0000,1711A,116.4151,23.5294,揭阳市,渔湖,,31,31,31,14,9,32,,63,42,8,8,4,5,0.4,0.4
2024-06-13T0000,3320A,116.403,23.5699,揭阳市,曲溪,,,19,23,16,10,45,,69,54,,,3,2,0.5,0.5
2024-06-13T0000,1944A,102.1692,38.5167,金昌市,天庆家园,,40,24,34,11,14,127,,145,132,4,11,6,6,0.6,0.5
2024-06-13T0000,3170A,102.1864,38.5253,金昌市,市委党校,,41,41,41,11,13,114,,136,,2,8,8,11,0.4,0.5
2024-06-13T0000,4022A,102.1647,38.5371,金昌市,金川区人防中心,,39,31,33,14,11,124,,148,138,5,8,8,8,0.5,0.5
2024-06-13T0000,1262A,119.647,29.077,金华市,十五中,,39,39,23,17,14,38,,78,61,22,21,4,3,0.6,0.7
2024-06-13T0000,1263A,119.686,29.1029,金华市,监测站,,32,32,27,17,15,13,,78,59,44,26,4,3,0.6,0.6
2024-06-13T0000,3659A,119.656,29.1131,金华市,气象局,,46,46,28,9,13,30,,77,60,28,25,6,4,0.8,0.9
2024-06-13T0000,1767A,121.1115,41.0879,锦州市,南山,,45,45,49,29,25,117,,183,150,34,16,9,12,0.6,0.6
2024-06-13T0000,1768A,121.0533,40.8434,锦州市,开发区,,46,45,51,32,18,122,,159,139,39,26,39,20,0.9,0.7
2024-06-13T0000,1769A,121.1836,41.1119,锦州市,百股街道,,50,31,47,17,20,158,,190,163,23,18,14,14,0.7,0.7
2024-06-13T0000,1770A,121.1178,41.1222,锦州市,天安街道,,41,41,53,26,20,116,,166,137,30,19,7,8,0.8,0.8
2024-06-13T0000,1771A,121.1303,41.1386,锦州市,北湖公园,,40,37,51,21,22,125,,179,148,27,17,10,11,0.6,0.7
2024-06-13T0000,2160A,112.85,35.5051,晋城市,自来水公司,颗粒物(PM10),67,84,60,29,19,34,,199,108,58,28,8,11,1.1,1.3
2024-06-13T0000,2161A,112.8318,35.4936,晋城市,白云商贸,颗粒物(PM10),62,73,66,24,20,59,,208,118,41,25,10,13,1.0,1.1
2024-06-13T0000,2162A,112.8508,35.4887,晋城市,市环保局,颗粒物(PM10),57,64,53,29,21,47,,206,110,52,30,8,11,1.0,1
2024-06-13T0000,2163A,112.8676,35.4897,晋城市,技术学院,颗粒物(PM10),60,69,53,31,22,32,,206,105,68,33,7,11,0.8,1.1
2024-06-13T0000,2165A,112.8453,35.546,晋城市,白马寺,,,,,,,,,,,,,,,,
2024-06-13T0000,3620A,112.8271,35.4828,晋城市,泽州一中,颗粒物(PM10),59,67,58,24,17,70,,194,123,33,22,9,11,1.1,1
2024-06-13T0000,2171A,112.7532,37.6945,晋中市,锦纶小区,,48,48,54,19,21,128,,209,174,32,23,11,14,0.3,0.4
2024-06-13T0000,2173A,112.7249,37.7067,晋中市,南都小区,颗粒物(PM10),52,54,51,16,18,136,,221,176,26,22,10,13,0.4,0.4
2024-06-13T0000,2174A,112.6991,37.6982,晋中市,榆次区政府,,46,46,54,23,24,144,,209,172,22,27,9,14,0.3,0.3
2024-06-13T0000,2865A,112.7195,37.6828,晋中市,榆次三中,颗粒物(PM10),54,58,60,14,15,134,,214,175,29,27,10,14,0.5,0.5
2024-06-13T0000,2439A,112.2014,31.0481,荆门市,竹园小学,,29,29,41,17,26,88,,139,124,11,10,9,10,0.5,0.5
2024-06-13T0000,2440A,112.1969,30.9891,荆门市,掇刀,,35,29,33,24,27,87,,134,121,14,11,9,8,0.7,0.6
2024-06-13T0000,2441A,112.2213,31.0386,荆门市,石化一小,,31,30,36,17,23,98,,142,126,14,12,12,16,0.5,0.5
2024-06-13T0000,3012A,112.1849,31.0362,荆门市,西山林语,,30,25,34,21,26,85,,138,125,12,9,6,7,0.4,0.5
2024-06-13T0000,3547A,112.1632,31.0138,荆门市,龙泉中学南校,,29,29,32,15,21,81,,137,116,14,13,9,10,0.5,0.5
2024-06-13T0000,1844A,112.2494,30.3197,荆州市,市图书馆,,25,22,23,17,18,63,,121,97,17,13,9,6,0.7,0.6
2024-06-13T0000,1845A,112.2008,30.3544,荆州市,市委党校,,29,20,25,20,20,61,,122,101,26,12,8,8,0.5,0.5
2024-06-13T0000,3194A,112.2747,30.3122,荆州市,管委会,,29,29,25,15,17,69,,127,104,20,11,9,5,0.6,0.5
2024-06-13T0000,3548A,112.1655,30.3364,荆州市,学苑路,,30,22,29,21,23,63,,124,95,18,12,7,6,0.6,0.6
2024-06-13T0000,2342A,117.3102,29.3867,景德镇市,王港中学,,,,,,,,,,,,,,,,
2024-06-13T0000,2343A,117.2117,29.2933,景德镇市,老干部活动中心,,28,21,23,19,17,27,,80,55,14,11,5,7,0.6,0.7
2024-06-13T0000,2344A,117.1894,29.2789,景德镇市,兽医站,,36,27,28,25,16,24,,84,56,19,12,8,8,0.6,0.6
2024-06-13T0000,2345A,117.1547,29.2617,景德镇市,台达陶瓷,,33,33,28,14,20,16,,80,54,37,15,46,10,0.4,0.5
2024-06-13T0000,2346A,117.2461,29.2956,景德镇市,陶研所,,20,20,23,7,9,24,,77,54,5,5,4,4,0.4,0.4
2024-06-13T0000,1803A,115.9872,29.6815,九江市,十里,,22,18,21,10,14,29,,116,72,43,21,11,10,0.6,0.6
2024-06-13T0000,1804A,115.9584,29.7046,九江市,茅山头,颗粒物(PM10),66,81,29,14,14,35,,121,72,29,17,8,10,0.6,0.6
2024-06-13T0000,1805A,115.9877,29.7295,九江市,西园,,23,13,19,11,13,27,,107,71,46,38,12,11,0.8,0.8
2024-06-13T0000,1806A,116.0172,29.6547,九江市,五七二七厂,,18,13,14,12,11,31,,123,72,15,10,9,9,0.7,0.7
2024-06-13T0000,1808A,115.9114,29.6038,九江市,综合工业园,,22,22,22,13,12,42,,113,70,21,22,9,9,0.8,0.8
2024-06-13T0000,1809A,116.0721,29.7535,九江市,石化总厂,,21,21,27,14,16,50,,107,71,19,22,12,12,0.7,0.8
2024-06-13T0000,1810A,115.9773,29.5698,九江市,庐山气象台,,33,,14,12,15,103,,108,96,1,2,21,10,0.4,0.7
2024-06-13T0000,3190A,116.0254,29.6994,九江市,外国语学校,,25,23,17,17,14,50,,113,71,18,23,47,11,0.4,0.5
2024-06-13T0000,2658A,98.5061,39.7443,酒泉市,仓门街子站,颗粒物(PM10),64,78,48,24,19,111,,131,122,17,15,7,7,0.3,0.3
2024-06-13T0000,2659A,98.4989,39.7256,酒泉市,油田生活基地,颗粒物(PM10),51,51,45,11,17,119,,140,133,16,15,8,7,0.3,0.2
2024-06-13T0000,2698A,76.0072,39.4467,喀什地区,巡警大队,颗粒物(PM10),57,64,51,14,6,102,,132,125,27,15,4,5,0.3,0.1
2024-06-13T0000,2699A,75.9755,39.4694,喀什地区,吾办,颗粒物(PM10),69,87,61,19,17,113,,129,125,18,16,2,5,0.3,0.3
2024-06-13T0000,4027A,75.9483,39.4689,喀什地区,老干局,颗粒物(PM10),92,133,109,12,10,103,,131,123,34,27,4,4,0.1,0.1
2024-06-13T0000,1824A,114.3389,34.7781,开封市,肿瘤医院,,,106,74,38,21,,,208,,16,18,2,5,0.4,0.5
2024-06-13T0000,1826A,114.2885,34.7965,开封市,世纪星幼儿园,细颗粒物(PM2.5),150,,72,115,49,144,,86,,12,17,2,3,0.9,0.7
2024-06-13T0000,3147A,114.3438,34.8106,开封市,龙亭公园,,,,,,,,,,,,,,,,
2024-06-13T0000,3210A,114.3644,34.7964,开封市,汴京公园,颗粒物(PM10),56,61,67,35,28,133,,207,,24,20,6,4,0.5,0.4
2024-06-13T0000,3473A,114.2485,34.8306,开封市,技师学院,颗粒物(PM10),57,63,67,26,28,147,,219,185,15,15,3,5,0.6,0.7
2024-06-13T0000,3592A,114.4644,34.7556,开封市,祥符区生态环境局,颗粒物(PM10),67,83,67,32,31,127,,194,,26,20,7,3,0.6,0.6
2024-06-13T0000,1951A,84.895,45.6094,克拉玛依市,长征新村,,31,22,28,3,6,98,,113,72,5,11,9,9,0.1,0.2
2024-06-13T0000,1952A,84.8988,45.5893,克拉玛依市,南林小区,,45,31,28,31,15,102,,112,64,5,18,8,9,0.2,0.2
2024-06-13T0000,1954A,84.905,44.3396,克拉玛依市,独山子区,,26,18,22,15,7,83,,134,112,15,9,9,9,0.4,0.3
2024-06-13T0000,1955A,85.6979,46.098,克拉玛依市,乌尔禾区商贸楼,,30,14,22,3,7,95,,118,105,7,4,11,12,0.2,0.2
2024-06-13T0000,3612A,85.1045,45.6899,克拉玛依市,白碱滩区新站,,31,22,25,11,14,98,,116,101,8,7,9,9,0.3,0.3
2024-06-13T0000,2697A,76.1454,39.7142,克孜勒苏柯尔克孜自治州,市人民政府,,47,47,26,16,12,122,,132,123,8,7,11,13,0.2,0.1
2024-06-13T0000,3665A,76.1658,39.7157,克孜勒苏柯尔克孜自治州,克州文化中心,,47,47,20,14,10,131,,137,132,2,3,14,11,0.2,0.2
2024-06-13T0000,1450A,102.8204,24.8886,昆明市,呈贡新区,,18,18,23,6,12,36,,84,59,14,12,4,6,0.5,0.5
2024-06-13T0000,1451A,102.6251,24.9608,昆明市,西山森林公园,,,,,,,,,,,,,,,,
2024-06-13T0000,1452A,102.7252,25.0902,昆明市,龙泉镇,,31,31,16,10,7,42,,89,66,14,13,8,6,0.5,0.5
2024-06-13T0000,1453A,102.7266,25.0375,昆明市,东风东路,,20,20,16,9,10,35,,82,,17,14,3,2,0.7,0.6
2024-06-13T0000,1454A,102.6742,25.0669,昆明市,金鼎山,,31,31,18,21,10,35,,92,69,21,14,12,9,0.5,0.4
2024-06-13T0000,1455A,102.6644,25.0401,昆明市,碧鸡广场,,38,26,18,26,18,30,,87,63,22,13,3,2,0.6,0.5
2024-06-13T0000,3179A,102.7494,25.0119,昆明市,官渡区博物馆,,17,17,16,7,7,45,,95,73,11,13,10,8,0.5,0.5
2024-06-13T0000,3375A,102.8017,24.8336,昆明市,青年创业园,,10,10,18,6,13,28,,83,52,17,13,10,9,0.6,0.5
2024-06-13T0000,3550A,102.7997,24.9786,昆明市,昆明学院,,18,18,18,11,10,38,,88,69,14,14,8,8,0.6,0.6
2024-06-13T0000,3551A,102.5967,24.6736,昆明市,晋宁区生态环境分局,,19,19,20,9,9,36,,75,53,11,11,3,2,1.0,0.7
2024-06-13T0000,3552A,102.6678,24.9856,昆明市,云天化总部,,16,10,15,7,11,51,,85,65,3,9,5,9,0.6,0.6
2024-06-13T0000,1456A,91.1319,29.6514,拉萨市,八廓街,,36,15,18,9,10,114,,136,130,19,12,8,9,0.3,0.3
2024-06-13T0000,1457A,91.1221,29.6747,拉萨市,市环保局,,36,18,20,7,10,113,,130,124,14,14,8,8,0.3,0.3
2024-06-13T0000,1458A,91.0874,29.6475,拉萨市,区监测站,,37,13,18,7,12,118,,133,131,12,12,6,7,0.2,0.2
2024-06-13T0000,1459A,91.1774,29.6541,拉萨市,西藏大学,,39,19,19,6,8,122,,135,,5,5,4,6,0.4,0.4
2024-06-13T0000,1460A,90.9798,29.6588,拉萨市,区辐射站,,40,17,18,9,9,125,,129,121,8,17,7,8,0.3,0.4
2024-06-13T0000,1461A,91.0834,29.6292,拉萨市,拉萨火车站,,40,9,17,7,8,126,,134,134,5,9,7,7,0.3,0.3
2024-06-13T0000,2520A,109.2203,23.7256,来宾市,来宾技工学校,,21,21,23,10,12,40,,66,50,6,6,5,5,0.7,0.8
2024-06-13T0000,3535A,109.1781,23.7297,来宾市,兴宾区政府,,19,19,18,8,10,28,,65,48,19,8,4,5,1.1,1.1
2024-06-13T0000,4002A,109.2416,23.7461,来宾市,中南小学,,26,26,26,13,14,41,,68,51,8,8,2,2,0.9,1
2024-06-13T0000,1476A,103.631,36.1031,兰州市,兰炼宾馆,,37,37,52,25,26,114,,166,150,20,31,8,14,0.4,0.4
2024-06-13T0000,1477A,104.1373,35.9454,兰州市,榆中兰大校区,,,,,,,,,,,,,,,,
2024-06-13T0000,1478A,103.8412,36.0726,兰州市,生物制品所,,41,41,57,27,30,103,,163,136,25,42,8,13,0.3,0.4
2024-06-13T0000,1479A,103.831,36.0464,兰州市,铁路设计院,,42,42,52,22,24,90,,154,123,49,53,7,12,0.3,0.4
2024-06-13T0000,3186A,103.7158,36.1058,兰州市,教育港,,38,29,41,26,23,106,,175,145,25,30,9,14,0.4,0.5
2024-06-13T0000,3241A,103.7439,36.0842,兰州市,百合公园,,34,34,45,17,22,90,,166,135,34,33,8,9,0.1,0.3
2024-06-13T0000,3242A,103.9611,35.998,兰州市,和平,,42,36,50,22,22,132,,172,152,13,16,9,13,0.2,0.2
2024-06-13T0000,3245A,103.6633,36.533,兰州新区,新区管委会,,40,35,36,28,19,115,,163,143,15,15,12,16,0.4,0.4
2024-06-13T0000,3246A,103.6975,36.4789,兰州新区,舟曲中学,,45,45,42,19,20,139,,168,156,9,13,7,17,0.3,0.4
2024-06-13T0000,1067A,116.6708,39.5111,廊坊市,药材公司,臭氧1小时,104,113,79,49,33,208,,259,247,14,16,7,4,0.9,0.5
2024-06-13T0000,1068A,116.7214,39.5589,廊坊市,开发区,臭氧1小时,99,113,77,47,33,199,,257,250,17,20,8,5,1.0,0.5
2024-06-13T0000,1070A,116.7244,39.5269,廊坊市,北华航天学院,颗粒物(PM10),93,136,87,46,32,183,,244,231,19,21,5,3,1.0,0.5
2024-06-13T0000,2919A,116.7022,39.5453,廊坊市,河北工业大学,臭氧1小时,95,119,87,48,33,196,,251,246,19,20,7,3,0.9,0.4
2024-06-13T0000,2535A,103.7723,29.5462,乐山市,花湖湾,,35,31,20,24,18,92,,122,110,13,10,4,4,0.4,0.2
2024-06-13T0000,2536A,103.7627,29.5844,乐山市,牛耳桥,,38,36,25,26,19,53,,124,101,37,15,4,4,0.5,0.4
2024-06-13T0000,2537A,103.7508,29.6006,乐山市,市第三水厂,,41,41,28,25,20,61,,103,,35,10,4,4,0.5,0.5
2024-06-13T0000,2538A,103.7571,29.5664,乐山市,市监测站,,30,30,26,18,19,90,,130,116,18,12,4,3,0.4,0.5
2024-06-13T0000,3361A,103.7311,29.5628,乐山市,理工大学,,38,34,27,26,22,68,,134,112,24,10,9,7,0.5,0.4
2024-06-13T0000,2598A,100.2143,26.8576,丽江市,西南郊,,,,,,,,,,,,,,,,
2024-06-13T0000,2599A,100.2497,26.8802,丽江市,丽江古城,,,,18,,11,,,76,,,10,,6,,0.6
2024-06-13T0000,2600A,100.2203,26.8906,丽江市,市中心,,21,18,11,12,8,66,,77,,9,8,8,8,0.5,0.5
2024-06-13T0000,1267A,119.914,28.4514,丽水市,监测站大楼,,18,18,13,3,5,20,,65,42,20,17,2,3,0.8,0.8
2024-06-13T0000,1268A,119.93,28.4586,丽水市,莲都小学,,15,15,15,3,6,13,,70,43,25,16,3,3,0.4,0.4
2024-06-13T0000,1269A,119.879,28.4231,丽水市,余庄前,,25,25,17,12,10,4,,50,24,10,13,2,2,0.7,0.7
2024-06-13T0000,1173A,119.176,34.5885,连云港市,市环境监测站,,48,48,63,7,29,55,,149,80,16,15,5,6,0.4,0.5
2024-06-13T0000,3000A,119.3581,34.6972,连云港市,德源药业,,36,36,36,7,19,57,,128,71,17,12,5,5,0.9,0.5
2024-06-13T0000,3007A,119.178,34.844,连云港市,新城一中,,32,32,49,6,18,55,,129,69,20,14,5,5,0.7,0.8
2024-06-13T0000,3008A,119.3608,34.7519,连云港市,胡沟管理处,颗粒物(PM10),51,51,39,9,18,91,,113,71,9,14,8,8,0.6,0.6
2024-06-13T0000,3009A,119.1478,34.5911,连云港市,矿山设计院,,48,48,61,7,25,53,,149,80,15,15,2,3,0.3,0.5
2024-06-13T0000,3434A,119.2413,34.6539,连云港市,工贸学校,,26,26,51,3,23,75,,160,98,8,8,7,8,0.6,0.7
2024-06-13T0000,3664A,119.4172,34.7341,连云港市,连云街道,,28,20,43,3,18,89,,125,102,6,10,4,5,0.6,0.6
2024-06-13T0000,2571A,102.3431,27.8099,凉山彝族自治州,青龙寺,,18,14,16,9,7,55,,124,93,6,6,10,12,0.5,0.6
2024-06-13T0000,2572A,102.2721,27.8415,凉山彝族自治州,邛海宾馆,,19,14,22,7,13,60,,119,88,12,14,11,12,0.6,0.7
2024-06-13T0000,2573A,102.2625,27.898,凉山彝族自治州,西昌市政府,,22,22,22,9,11,54,,122,85,8,13,13,16,0.6,0.6
2024-06-13T0000,2574A,102.2685,27.8851,凉山彝族自治州,凉山州政府,,24,24,27,11,11,56,,124,94,12,14,9,11,0.8,0.8
2024-06-13T0000,2575A,102.237,27.8914,凉山彝族自治州,长安,,18,18,23,10,12,40,,119,84,18,19,9,12,0.9,0.8
2024-06-13T0000,2212A,123.2,41.1953,辽阳市,宏伟区,,40,16,27,3,10,128,,161,128,5,18,10,11,0.4,0.6
2024-06-13T0000,2213A,123.1683,41.2495,辽阳市,新华园,,42,,29,14,16,132,,177,142,5,17,6,10,0.3,0.7
2024-06-13T0000,2214A,123.2354,41.2639,辽阳市,滨河路,,37,19,25,8,10,116,,184,131,10,13,8,10,0.5,0.5
2024-06-13T0000,2215A,123.149,41.2991,辽阳市,铁西工业园,,42,,32,14,13,134,,164,144,4,16,10,11,0.6,0.9
2024-06-13T0000,2227A,125.1358,42.8845,辽源市,环保局,,46,28,28,10,18,5,,156,92,92,31,7,8,0.7,0.7
2024-06-13T0000,3239A,125.0764,42.9078,辽源市,银鹰制药,,47,34,30,13,19,11,,144,89,93,34,13,9,0.7,0.7
2024-06-13T0000,1625A,115.9848,36.4372,聊城市,区政府,颗粒物(PM10),103,155,91,29,24,185,,225,,16,18,10,11,0.5,0.5
2024-06-13T0000,2878A,116.0072,36.4343,聊城市,聊大东校,臭氧1小时,95,124,95,28,29,196,,244,213,16,19,7,10,0.5,0.5
2024-06-13T0000,3200A,115.9819,36.4978,聊城市,监控中心,颗粒物(PM10),109,167,108,24,20,189,,232,,17,21,11,14,0.6,0.6
2024-06-13T0000,3513A,116.0445,36.4361,聊城市,九州社区,颗粒物(PM10),92,134,96,29,20,180,,230,197,11,12,6,9,0.5,0.5
2024-06-13T0000,4018A,116.0567,36.4608,聊城市,星美广场,颗粒物(PM10),89,128,93,22,21,186,,236,205,10,9,7,10,0.5,0.6
2024-06-13T0000,2632A,94.3681,29.6376,林芝市,林芝监测站,,18,,8,12,10,33,,89,65,9,5,7,7,0.5,0.5
2024-06-13T0000,2633A,94.3616,29.6616,林芝市,林芝人民医院,,13,9,10,9,6,36,,91,67,8,7,8,8,0.2,0.2
2024-06-13T0000,2603A,100.0781,23.8982,临沧市,市环保局,,25,25,21,16,16,22,,65,39,11,10,5,7,0.5,0.5
2024-06-13T0000,2604A,100.0894,23.8822,临沧市,市气象局,,19,18,23,13,17,36,,67,47,10,11,8,9,0.5,0.5
2024-06-13T0000,1733A,111.5531,36.0783,临汾市,临钢医院,颗粒物(PM10),82,114,76,55,29,95,,223,160,25,17,6,8,0.7,0.6
2024-06-13T0000,1734A,111.5028,36.0714,临汾市,技工学校,颗粒物(PM10),71,91,80,47,25,117,,241,174,28,26,5,7,0.8,0.7
2024-06-13T0000,1736A,111.5018,36.0855,临汾市,市委,颗粒物(PM10),78,105,73,50,20,119,,240,176,17,15,4,6,1.0,0.8
2024-06-13T0000,3018A,111.505,36.1014,临汾市,唐尧大酒店,颗粒物(PM10),81,112,87,48,24,109,,220,164,27,23,7,8,0.9,0.8
2024-06-13T0000,3668A,111.5036,36.0414,临汾市,城南,细颗粒物(PM2.5),80,107,101,59,34,90,,243,161,42,31,14,8,0.9,0.8
2024-06-13T0000,2667A,103.2069,35.5993,临夏回族自治州,环保局,,40,29,29,28,23,85,,140,121,8,9,6,7,0.4,0.4
2024-06-13T0000,2668A,103.2417,35.6057,临夏回族自治州,建设大厦,,39,34,27,27,20,75,,139,114,23,13,6,7,0.4,0.4
2024-06-13T0000,1618A,118.3429,35.0532,临沂市,沂河小区,,44,44,70,14,31,115,,217,174,26,21,8,11,0.3,0.5
2024-06-13T0000,1619A,118.295,35.0583,临沂市,鲁南制药厂,,38,31,88,12,31,121,,234,179,19,12,7,11,0.4,0.7
2024-06-13T0000,1620A,118.2794,34.9976,临沂市,新光毛纺厂,,36,31,87,8,35,115,,234,176,29,20,7,9,0.5,0.7
2024-06-13T0000,1621A,118.3956,35.0888,临沂市,河东保险公司,颗粒物(PM10),51,51,59,6,26,72,,208,157,19,18,6,8,0.4,0.5
2024-06-13T0000,3370A,118.3564,35.0215,临沂市,十里堡居委,,39,31,66,3,28,122,,217,169,16,14,7,9,0.4,0.7
2024-06-13T0000,3496A,118.3604,35.1084,临沂市,南坊新区,颗粒物(PM10),53,56,71,12,23,82,,210,158,23,16,8,9,0.7,0.7
2024-06-13T0000,3860A,118.3920,35.0300,临沂市,皇山花园小区,颗粒物(PM10),58,66,66,14,28,105,,212,166,22,18,8,12,0.5,0.7
2024-06-13T0000,1870A,109.4856,24.3895,柳州市,柳东小学,,16,16,20,3,10,43,,72,58,10,9,6,7,0.6,0.6
2024-06-13T0000,1871A,109.4157,24.3277,柳州市,环保监测站,,22,22,22,10,10,49,,66,55,6,8,6,6,0.5,0.5
2024-06-13T0000,1872A,109.389,24.341,柳州市,河西水厂,,16,16,21,11,10,47,,74,63,10,7,6,7,0.5,0.5
2024-06-13T0000,1873A,109.4311,24.2921,柳州市,市四中,,,,22,10,11,,,76,64,7,9,5,5,0.3,0.4
2024-06-13T0000,1874A,109.4006,24.3631,柳州市,市九中,,19,17,26,13,11,50,,76,66,10,11,6,7,0.5,0.5
2024-06-13T0000,1875A,109.4958,24.3134,柳州市,古亭山,,18,18,21,8,10,34,,74,55,24,12,6,6,0.5,0.5
2024-06-13T0000,3402A,109.5422,24.3996,柳州市,市二中,,13,,20,9,8,25,,71,58,21,10,5,6,0.4,0.4
2024-06-13T0000,2307A,116.5079,31.737,六安市,监测大楼,,33,25,22,18,17,104,,163,143,8,11,5,5,0.5,0.4
2024-06-13T0000,2308A,116.4738,31.7643,六安市,皖西学院,,37,37,28,21,16,110,,175,153,8,12,3,4,0.6,0.5
2024-06-13T0000,2309A,116.4996,31.7905,六安市,朝阳厂,,34,34,19,17,15,100,,164,143,6,8,7,7,0.5,0.4
2024-06-13T0000,2310A,116.5567,31.7886,六安市,开发区,颗粒物(PM10),53,56,35,20,19,94,,161,137,27,13,20,12,0.8,0.6
2024-06-13T0000,2576A,104.8,26.5892,六盘水市,窑上,,,,,,,,,,,,,,,,
2024-06-13T0000,2577A,104.83,26.5917,六盘水市,黄土坡,,30,30,22,12,8,51,,138,99,21,11,5,7,0.4,0.4
2024-06-13T0000,2578A,104.89,26.5939,六盘水市,水钢,,32,27,32,22,16,90,,133,118,20,20,12,28,0.4,1.1
2024-06-13T0000,2579A,104.8475,26.5894,六盘水市,民中,,30,30,18,14,9,80,,136,112,22,13,8,8,0.7,0.6
2024-06-13T0000,2580A,104.9544,26.5506,六盘水市,双水,,24,24,23,9,10,73,,129,108,13,13,7,11,0.2,0.4
2024-06-13T0000,2335A,117.0189,25.1181,龙岩市,龙岩师专,,,,,,,,,,,,,,,,
2024-06-13T0000,2336A,117.0217,25.1033,龙岩市,龙岩市监测站,,18,13,15,12,10,18,,56,37,20,11,2,3,0.4,0.4
2024-06-13T0000,2337A,117.0258,25.0661,龙岩市,闽西职业技术学院,,25,25,16,8,7,7,,56,29,31,10,6,2,0.4,0.4
2024-06-13T0000,2338A,117.0196,25.0306,龙岩市,龙岩学院,,17,17,15,3,6,19,,57,42,8,4,4,4,0.4,0.4
2024-06-13T0000,2665A,105.0822,33.3261,陇南市,汉王镇固水子,,,,,,,,,,,,,,,,
2024-06-13T0000,2885A,104.9339,33.3826,陇南市,滨江中学,颗粒物(PM10),60,69,55,20,17,78,,130,105,26,15,7,14,0.7,0.7
2024-06-13T0000,3247A,104.955,33.371,陇南市,市总工会,,42,42,36,13,9,109,,130,117,7,8,9,11,0.5,0.5
2024-06-13T0000,2487A,111.9589,27.8901,娄底市,电视发射台,,24,24,20,8,7,8,,48,24,6,5,4,5,0.8,0.6
2024-06-13T0000,2488A,111.9975,27.725,娄底市,市监测站,,13,11,24,7,13,39,,56,54,5,12,6,6,0.5,0.8
2024-06-13T0000,2489A,112.0194,27.7314,娄底市,市委党校,,15,14,20,10,12,33,,48,46,6,10,8,7,0.6,0.8
2024-06-13T0000,2490A,111.9561,27.7569,娄底市,涟钢,,18,18,21,6,11,23,,38,33,14,16,14,14,0.6,0.9
2024-06-13T0000,2491A,111.9892,27.7044,娄底市,市政府,,12,10,13,8,10,38,,64,56,6,8,7,6,0.6,0.7
2024-06-13T0000,1893A,105.4324,28.9634,泸州市,九狮山,,28,28,19,18,12,32,,96,66,20,13,5,14,0.3,0.4
2024-06-13T0000,1894A,105.4427,28.9063,泸州市,小市上码头,,33,29,24,23,14,65,,112,98,24,10,5,6,0.4,0.3
2024-06-13T0000,1895A,105.4241,28.8573,泸州市,兰田宪桥,,38,38,29,25,18,27,,116,85,29,14,4,4,0.5,0.4
2024-06-13T0000,1896A,105.4379,28.8833,泸州市,市环监站,,36,36,24,22,16,60,,107,93,37,14,40,6,0.5,0.5
2024-06-13T0000,3490A,105.3617,28.7703,泸州市,纳溪区环保局,,33,33,24,14,11,19,,129,81,29,16,3,4,0.6,0.5
2024-06-13T0000,2183A,111.1406,37.5211,吕梁市,环保局,颗粒物(PM10),111,172,69,40,19,16,,166,100,90,29,1,2,0.3,0.4
2024-06-13T0000,2185A,111.1297,37.5136,吕梁市,自来水公司,颗粒物(PM10),57,64,75,22,20,65,,161,117,44,26,3,5,0.4,0.4
2024-06-13T0000,2867A,111.1283,37.51,吕梁市,马茂庄小学,颗粒物(PM10),64,78,71,29,20,40,,173,112,62,30,3,3,0.4,0.4
2024-06-13T0000,1812A,112.3931,34.6516,洛阳市,市委党校,颗粒物(PM10),77,104,86,50,43,45,,182,121,72,24,6,11,0.7,0.6
2024-06-13T0000,1814A,112.4657,34.6871,洛阳市,豫西宾馆,颗粒物(PM10),76,102,108,35,41,91,,191,137,39,27,6,13,0.6,0.6
2024-06-13T0000,1815A,112.494,34.6886,洛阳市,河南林校,颗粒物(PM10),67,84,80,46,40,94,,186,136,28,21,5,9,0.4,0.5
2024-06-13T0000,1816A,112.3844,34.623,洛阳市,开发区管委会,颗粒物(PM10),81,112,80,49,34,83,,178,140,36,19,5,8,0.4,0.4
2024-06-13T0000,1817A,112.4267,34.6258,洛阳市,市委新办公区,颗粒物(PM10),86,122,84,52,41,48,,179,121,60,21,6,7,0.6,0.5
2024-06-13T0000,3340A,112.6005,34.6326,洛阳市,伊滨,颗粒物(PM10),89,128,104,50,37,72,,193,138,43,22,8,8,0.4,0.3
2024-06-13T0000,3341A,112.4951,34.6332,洛阳市,中移产业园,颗粒物(PM10),89,127,99,48,37,73,,182,132,39,18,5,7,0.6,0.5
2024-06-13T0000,3593A,112.5736,34.8993,洛阳市,吉利监测站,颗粒物(PM10),54,58,64,24,25,84,,201,125,39,22,4,5,0.4,0.3
2024-06-13T0000,3635A,112.3677,34.662,洛阳市,河科大西苑校区,颗粒物(PM10),84,118,101,51,44,39,,177,115,68,28,9,17,0.8,0.7
2024-06-13T0000,3636A,112.4388,34.6781,洛阳市,英才小学,颗粒物(PM10),82,114,103,35,43,68,,180,124,40,25,3,14,0.5,0.6
2024-06-13T0000,2399A,114.051,33.5699,漯河市,三五一五工厂,颗粒物(PM10),59,68,54,27,25,101,,186,156,18,17,5,7,0.6,0.6
2024-06-13T0000,2400A,114.0055,33.5698,漯河市,漯河大学,颗粒物(PM10),55,59,46,36,31,107,,193,164,15,16,10,10,0.5,0.4
2024-06-13T0000,2401A,114.0138,33.5828,漯河市,市水利局,颗粒物(PM10),62,73,55,27,27,104,,186,159,18,14,8,8,0.5,0.5
2024-06-13T0000,2402A,114.0261,33.5698,漯河市,市广电局,颗粒物(PM10),58,66,54,23,23,101,,187,156,16,13,4,5,0.6,0.6
2024-06-13T0000,3478A,113.9749,33.5664,漯河市,市图书馆,颗粒物(PM10),56,62,52,35,26,106,,189,160,13,10,2,7,0.5,0.5
2024-06-13T0000,3479A,114.0967,33.5906,漯河市,召陵区卫健委,颗粒物(PM10),55,60,58,28,31,103,,188,155,16,18,6,6,0.5,0.5
2024-06-13T0000,1798A,118.5092,31.6837,马鞍山市,湖东路四小,,49,49,50,33,28,68,,198,149,35,15,6,9,1.1,0.9
2024-06-13T0000,1799A,118.5024,31.6449,马鞍山市,开发区,颗粒物(PM10),73,96,58,31,28,34,,192,125,74,26,8,9,0.9,0.9
2024-06-13T0000,1800A,118.5228,31.7231,马鞍山市,慈湖,,45,45,57,26,35,104,,209,153,29,24,5,8,1.2,1.2
2024-06-13T0000,1802A,118.6245,31.7241,马鞍山市,濮塘,,39,26,36,25,28,123,,147,,10,11,3,5,0.7,0.8
2024-06-13T0000,3633A,118.4918,31.6809,马鞍山市,雨山,颗粒物(PM10),52,53,61,28,29,94,,199,158,22,16,5,7,1.1,1
2024-06-13T0000,1686A,111.0286,21.4688,茂名市,电白南海,,28,,25,19,17,69,,68,62,6,8,4,4,0.5,0.5
2024-06-13T0000,1687A,110.9294,21.6533,茂名市,茂石化七小,,24,24,28,14,18,26,,71,33,15,12,10,10,0.6,0.6
2024-06-13T0000,1688A,110.9107,21.6687,茂名市,健康路,,24,24,23,9,9,31,,77,43,16,11,12,11,0.6,0.7
2024-06-13T0000,1689A,110.8592,21.6828,茂名市,高岭,,32,31,26,22,17,12,,69,27,30,18,11,8,0.7,0.7
2024-06-13T0000,3450A,111.01,21.5165,茂名市,电白水东,,20,17,19,14,11,62,,66,52,9,14,3,3,0.5,0.5
2024-06-13T0000,2539A,104.0308,30.0478,眉山市,黑龙滩水库,,33,30,26,22,19,104,,175,158,8,5,5,5,0.2,0.2
2024-06-13T0000,2540A,103.8416,30.0874,眉山市,气象局,,33,17,17,17,13,105,,155,142,18,12,8,7,0.4,0.3
2024-06-13T0000,3137A,103.8578,30.0744,眉山市,市委党校,,32,27,20,12,8,100,,149,138,19,12,8,8,0.5,0.4
2024-06-13T0000,3148A,103.8291,30.0564,眉山市,区人社局,,35,23,29,14,10,109,,150,138,19,15,9,9,0.4,0.4
2024-06-13T0000,1690A,116.1231,24.3284,梅州市,梅江月梅,,30,30,19,3,8,16,,69,49,26,8,4,5,0.4,0.4
2024-06-13T0000,1691A,116.0797,24.2719,梅州市,梅县新城,,22,22,19,9,9,19,,63,51,19,9,7,4,0.4,0.4
2024-06-13T0000,1692A,116.1248,24.2654,梅州市,环境监控中心,,42,42,21,7,8,6,,58,33,28,12,4,5,0.5,0.5
2024-06-13T0000,3315A,116.1233,24.2991,梅州市,梅龙,,15,14,15,10,10,33,,63,51,12,5,7,8,0.5,0.5
2024-06-13T0000,1878A,104.7778,31.4741,绵阳市,富乐山,,42,41,30,29,22,116,,160,142,11,8,7,8,0.5,0.5
2024-06-13T0000,1879A,104.7563,31.4535,绵阳市,市人大,细颗粒物(PM2.5),55,58,32,39,24,60,,153,119,50,21,7,7,0.6,0.4
2024-06-13T0000,1880A,104.6697,31.4668,绵阳市,高新区自来水公司,颗粒物(PM10),65,80,41,46,22,47,,173,143,54,20,6,6,0.6,0.5
2024-06-13T0000,1881A,104.7287,31.5075,绵阳市,三水厂,细颗粒物(PM2.5),77,70,40,56,27,28,,161,112,59,25,7,7,0.6,0.4
2024-06-13T0000,3491A,104.69,31.5322,绵阳市,西科大附属小学,细颗粒物(PM2.5),68,74,41,49,26,34,,156,,66,26,8,7,0.7,0.5
2024-06-13T0000,3492A,104.5648,31.5343,绵阳市,安州区旅游局,细颗粒物(PM2.5),77,76,39,56,28,72,,158,132,23,18,8,9,0.6,0.5
2024-06-13T0000,1784A,129.61,44.561,牡丹江市,环保大楼,,20,20,18,7,10,29,,101,53,13,10,6,7,0.4,0.4
2024-06-13T0000,1785A,129.6115,44.5782,牡丹江市,文化广场,,33,,36,23,23,19,,96,44,19,14,6,8,0.5,0.4
2024-06-13T0000,1786A,129.5904,44.5963,牡丹江市,第一医院,,25,25,22,17,20,20,,96,48,16,12,10,5,0.5,0.5
2024-06-13T0000,1787A,129.6364,44.6075,牡丹江市,机车工厂,,18,18,22,3,11,13,,85,41,15,12,4,6,0.4,0.4
2024-06-13T0000,1788A,129.6386,44.5462,牡丹江市,第一中学,,30,30,21,11,11,15,,96,43,20,13,4,4,0.5,0.4
2024-06-13T0000,2531A,105.0703,29.61,内江市,市监测站,,,,19,,22,,,116,90,54,22,6,5,0.7,0.5
2024-06-13T0000,2532A,105.0717,29.5947,内江市,东兴区政府,,25,21,26,17,13,77,,118,108,21,12,9,8,0.7,0.7
2024-06-13T0000,2533A,105.0653,29.5817,内江市,内江二中,,34,34,22,14,17,35,,115,90,40,15,8,7,0.6,0.5
2024-06-13T0000,2534A,105.0406,29.5822,内江市,内江日报社,,38,31,21,18,17,18,,123,86,76,23,8,7,0.8,0.6
2024-06-13T0000,2628A,92.0657,31.4846,那曲市,那曲监测站,,29,11,11,3,5,91,,118,107,6,6,6,7,0.5,0.5
2024-06-13T0000,3128A,92.0506,31.4797,那曲市,那曲会议中心,,28,10,14,3,10,89,,118,106,5,4,3,3,0.4,0.4
2024-06-13T0000,1290A,115.8931,28.6843,南昌市,省外办,,22,22,26,12,18,47,,60,55,10,15,6,7,0.6,0.6
2024-06-13T0000,1291A,115.8886,28.7003,南昌市,省林业公司,,18,14,24,12,12,43,,74,59,20,20,4,7,0.4,0.4
2024-06-13T0000,1292A,115.8126,28.7442,南昌市,林科所,,18,,23,12,14,24,,72,38,34,25,6,8,0.4,0.4
2024-06-13T0000,1294A,115.8518,28.687,南昌市,建工学校,,33,33,25,19,17,35,,75,60,18,15,6,6,0.6,0.5
2024-06-13T0000,1295A,115.8921,28.6424,南昌市,象湖,,23,22,26,9,14,10,,66,50,45,17,4,4,0.7,0.7
2024-06-13T0000,1296A,115.7423,28.7996,南昌市,武术学校,,15,14,19,10,19,4,,70,37,1,2,18,18,0.6,0.6
2024-06-13T0000,1298A,115.9314,28.6842,南昌市,省站,,19,19,24,12,16,37,,63,51,14,15,6,8,0.7,0.7
2024-06-13T0000,3046A,115.9084,28.6062,南昌市,机电学校,,22,22,27,9,14,21,,58,45,20,12,7,7,0.7,0.7
2024-06-13T0000,3690A,115.9721,28.7031,南昌市,外国语学校,,26,26,24,15,14,20,,59,45,24,12,4,5,0.5,0.4
2024-06-13T0000,1905A,106.056,30.8064,南充市,西山风景区,,34,18,20,18,18,107,,118,117,2,2,6,4,0.4,0.4
2024-06-13T0000,1906A,106.0789,30.8023,南充市,南充市委,,43,39,31,30,23,75,,123,108,28,15,6,6,0.5,0.4
2024-06-13T0000,1907A,106.1031,30.8217,南充市,南充炼油厂,,42,42,35,29,21,95,,136,124,19,14,9,8,0.3,0.2
2024-06-13T0000,1908A,106.1064,30.7856,南充市,高坪区监测站,,,42,31,24,20,90,,130,119,22,15,24,10,,0.4
2024-06-13T0000,1909A,106.0642,30.7636,南充市,嘉陵区环保局,细颗粒物(PM2.5),52,,33,36,22,59,,122,104,29,14,7,7,0.4,0.3
2024-06-13T0000,1910A,106.1087,30.8388,南充市,市环境监测站,,50,46,34,35,22,92,,128,114,21,17,8,7,0.8,0.5
2024-06-13T0000,1151A,118.8086,32.1065,南京市,迈皋桥,,44,44,37,27,26,107,,251,183,25,12,5,6,0.7,0.8
2024-06-13T0000,1152A,118.7538,32.0551,南京市,草场门,,42,41,40,29,26,84,,228,176,37,19,3,4,0.8,0.8
2024-06-13T0000,1153A,118.7794,32.0745,南京市,山西路,,46,46,40,24,26,102,,230,182,24,14,4,4,0.5,0.6
2024-06-13T0000,1154A,118.7752,32.0023,南京市,中华门,,36,36,33,24,21,90,,201,153,23,14,6,6,0.6,0.6
2024-06-13T0000,1155A,118.8109,32.0309,南京市,瑞金路,,49,49,44,27,25,93,,217,162,22,14,7,7,0.4,0.5
2024-06-13T0000,1156A,118.7997,32.0754,南京市,玄武湖,,49,49,41,25,24,76,,221,169,28,14,8,9,0.8,0.8
2024-06-13T0000,1157A,118.6414,32.0931,南京市,浦口,,40,38,35,28,23,109,,207,176,18,12,5,6,1.0,0.9
2024-06-13T0000,1158A,118.7356,31.9996,南京市,奥体中心,,43,43,38,29,26,80,,220,176,33,15,5,7,0.6,0.6
2024-06-13T0000,1159A,118.9125,32.1028,南京市,仙林大学城,颗粒物(PM10),52,53,36,34,23,140,,227,190,16,14,6,6,0.7,0.7
2024-06-13T0000,3422A,118.8436,31.9198,南京市,江宁彩虹桥,颗粒物(PM10),51,52,33,34,22,99,,193,142,23,13,4,4,0.6,0.5
2024-06-13T0000,3423A,119.0138,31.6494,南京市,溧水永阳,,48,48,29,28,20,96,,155,116,27,14,8,5,0.7,0.7
2024-06-13T0000,3424A,118.879,31.3302,南京市,高淳老职中,,42,,36,20,20,132,,139,135,12,12,4,6,0.6,0.5
2024-06-13T0000,3427A,118.8554,32.3578,南京市,六合雄州,颗粒物(PM10),55,60,44,26,22,114,,192,176,29,23,1,7,0.7,0.7
2024-06-13T0000,1401A,108.3103,22.7881,南宁市,二十一中,,21,21,21,8,9,48,,86,65,13,11,2,2,0.7,0.6
2024-06-13T0000,1402A,108.3141,22.8528,南宁市,北湖,,28,28,21,9,12,44,,83,55,11,13,3,3,0.9,0.8
2024-06-13T0000,1403A,108.3206,22.8225,南宁市,市监测站,,18,14,21,12,10,43,,77,54,12,13,3,4,0.7,0.7
2024-06-13T0000,1404A,108.3829,22.8037,南宁市,大自然花园,,16,16,18,8,9,42,,72,51,11,8,4,4,0.3,0.3
2024-06-13T0000,1405A,108.4394,22.7904,南宁市,仙葫,,23,23,14,6,6,42,,68,58,6,6,3,4,0.7,0.6
2024-06-13T0000,1406A,108.2397,22.8467,南宁市,区农职院,,24,24,25,11,7,35,,84,54,22,19,5,7,0.7,0.8
2024-06-13T0000,1407A,108.3275,22.735,南宁市,英华嘉园,,26,26,21,6,7,34,,60,44,18,18,4,5,0.6,0.5
2024-06-13T0000,1408A,108.2257,22.7757,南宁市,沙井镇街道办,颗粒物(PM10),58,66,27,9,12,4,,77,41,40,18,2,2,0.6,0.6
2024-06-13T0000,3401A,108.4834,22.7618,南宁市,红星社区,,19,19,20,11,10,43,,68,52,14,11,5,4,0.8,0.6
2024-06-13T0000,2331A,118.0966,26.6761,南平市,茫荡山,,,,,,,,,,,,,,,,
2024-06-13T0000,2332A,118.1681,26.6369,南平市,南平市监测站,,9,,20,3,9,26,,35,30,11,13,3,4,0.7,0.8
2024-06-13T0000,2333A,118.1825,26.6489,南平市,南平铝业有限公司,,14,10,21,3,9,11,,35,26,27,13,9,5,0.7,0.7
2024-06-13T0000,2334A,118.1756,26.6272,南平市,南平七中,,10,7,20,7,10,18,,34,26,9,9,4,4,0.7,0.8
2024-06-13T0000,1168A,120.9098,31.9663,南通市,狼山街道,,22,16,14,8,6,68,,124,95,8,15,10,10,0.4,0.5
2024-06-13T0000,1169A,120.86,32.0005,南通市,虹桥,,22,14,22,10,8,70,,108,,8,17,5,6,0.5,0.6
2024-06-13T0000,1170A,120.87,32.02,南通市,城中,,28,28,25,14,12,68,,117,91,10,17,5,6,0.5,0.6
2024-06-13T0000,1171A,120.94,31.93,南通市,星湖花园,,24,10,12,7,6,74,,127,92,13,19,8,8,0.5,0.6
2024-06-13T0000,1172A,120.81,32.0417,南通市,紫琅学院,,22,,14,11,9,70,,126,96,14,23,5,6,0.6,0.6
2024-06-13T0000,3291A,121.067,32.062,南通市,通州监测站,,26,22,19,3,4,83,,122,93,3,5,9,10,0.5,0.5
2024-06-13T0000,3432A,120.9348,31.9883,南通市,环境教育馆,,27,27,22,13,10,56,,122,88,20,17,7,7,0.5,0.5
2024-06-13T0000,2404A,112.5224,33.0122,南阳市,瓦房庄,,39,39,41,14,23,94,,163,136,16,21,6,7,0.5,0.5
2024-06-13T0000,2405A,112.5003,32.9735,南阳市,汉画馆,颗粒物(PM10),51,52,50,18,26,91,,166,137,20,23,6,6,0.5,0.6
2024-06-13T0000,2406A,112.5573,33.027,南阳市,气象站,,37,37,37,17,23,95,,175,144,18,17,4,4,0.4,0.5
2024-06-13T0000,2407A,112.5481,32.9689,南阳市,理工学院,,41,41,48,21,25,92,,166,136,22,24,5,6,0.5,0.5
2024-06-13T0000,4008A,112.5234,32.9922,南阳市,卧龙区政府,,49,49,53,23,31,88,,163,127,20,26,5,5,0.6,0.7
2024-06-13T0000,1234A,121.8358,29.911,宁波市,区环保大楼,,43,42,35,21,15,1,,65,30,86,55,12,8,0.8,0.9
2024-06-13T0000,1235A,121.56,29.82,宁波市,万里学院,,25,18,16,8,12,18,,87,66,49,24,5,5,0.6,0.6
2024-06-13T0000,1236A,121.713,29.9572,宁波市,龙赛医院,,,35,21,20,13,,,80,64,57,41,5,7,0.7,0.6
2024-06-13T0000,1239A,121.633,29.7733,宁波市,钱湖水厂,,16,16,15,3,7,32,,71,49,12,13,4,4,0.7,0.7
2024-06-13T0000,1240A,121.5856,29.8635,宁波市,太古小学,,21,21,13,11,9,14,,79,54,40,26,6,6,0.8,0.8
2024-06-13T0000,1241A,121.524,29.8674,宁波市,市环境监测中心,,18,18,23,8,10,35,,89,72,34,23,9,9,1.0,1
2024-06-13T0000,2871A,121.6147,29.9017,宁波市,万里国际学校,,18,16,13,12,12,37,,91,70,26,25,4,4,0.5,0.5
2024-06-13T0000,3710A,121.5594,29.8975,宁波市,白沙活动中心,,23,19,14,3,3,16,,92,71,45,18,8,7,0.5,0.5
2024-06-13T0000,2339A,119.5001,26.6946,宁德市,金涵水库,,,,,,,,,,,,,,,,
2024-06-13T0000,2341A,119.5388,26.6612,宁德市,宁德市监测站,,30,,29,21,17,21,,66,41,30,23,4,4,1.1,0.8
2024-06-13T0000,3209A,119.5231,26.6562,宁德市,宁德一中,,,,35,,17,25,,63,53,18,15,4,6,,0.8
2024-06-13T0000,2618A,98.8601,25.8567,怒江傈僳族自治州,州监测站,,26,24,25,18,18,79,,94,92,5,5,8,8,0.5,0.5
2024-06-13T0000,2619A,98.8546,25.8417,怒江傈僳族自治州,泸水一中,,26,,20,18,15,70,,82,80,9,10,5,5,0.3,0.3
2024-06-13T0000,1888A,101.6891,26.571,攀枝花市,弄弄坪,,36,36,29,13,11,71,,116,102,16,16,13,18,0.7,0.8
2024-06-13T0000,1889A,101.5769,26.5928,攀枝花市,河门口,,19,18,18,10,11,59,,105,90,18,18,8,12,0.7,0.8
2024-06-13T0000,1890A,101.7169,26.585,攀枝花市,炳草岗,,36,35,23,25,13,42,,121,97,45,17,22,19,1.6,0.9
2024-06-13T0000,1891A,101.7369,26.5008,攀枝花市,仁和,,26,26,17,15,12,47,,127,93,13,11,8,12,0.4,0.6
2024-06-13T0000,2835A,101.7227,26.567,攀枝花市,四十中小,,34,34,21,12,10,65,,122,104,26,16,22,16,1.4,1.1
2024-06-13T0000,1604A,122.0303,41.1489,盘锦市,开发区,,47,47,40,26,23,122,,172,142,27,16,6,5,0.4,0.4
2024-06-13T0000,1605A,122.0485,41.0883,盘锦市,兴隆台,颗粒物(PM10),51,51,36,23,23,111,,165,135,33,19,5,5,0.4,0.5
2024-06-13T0000,1606A,121.8297,41.1028,盘锦市,新生街道,,35,28,36,14,16,112,,159,131,14,12,4,5,0.3,0.3
2024-06-13T0000,1832A,113.3257,33.742,平顶山市,新华旅馆,,49,44,48,34,29,124,,198,174,15,12,8,8,0.4,0.4
2024-06-13T0000,1833A,113.2919,33.737,平顶山市,规划设计院,颗粒物(PM10),55,59,46,25,28,117,,190,167,16,14,7,6,0.5,0.5
2024-06-13T0000,1834A,113.182,33.774,平顶山市,平顶山工学院,,43,39,44,17,24,136,,196,170,9,12,5,6,0.5,0.6
2024-06-13T0000,3204A,113.3025,33.73,平顶山市,规划局,"颗粒物(PM10),细颗粒物(PM2.5)",52,53,51,36,33,115,,190,166,25,17,7,7,0.4,0.2
2024-06-13T0000,3594A,112.8867,33.9116,平顶山市,石龙区,,49,45,67,23,37,154,,200,184,5,23,5,9,0.5,0.6
2024-06-13T0000,2656A,106.6692,35.5461,平凉市,聚贤嘉苑,,49,49,49,19,16,119,,155,,22,22,8,7,0.4,0.2
2024-06-13T0000,2657A,106.7021,35.5307,平凉市,博物馆,,47,47,47,16,18,103,,170,134,29,20,10,13,0.2,0.2
2024-06-13T0000,2347A,114.0997,27.5002,萍乡市,武功山,,8,6,3,3,3,22,,33,,3,3,17,17,0.5,0.4
2024-06-13T0000,2348A,113.8385,27.6434,萍乡市,中医院,,25,25,18,17,11,39,,39,39,5,12,24,9,0.7,0.9
2024-06-13T0000,2349A,113.8493,27.6253,萍乡市,市政府车库,,23,17,13,16,17,36,,28,,6,10,10,7,0.6,0.8
2024-06-13T0000,2350A,113.8676,27.6435,萍乡市,市环保局,,22,19,18,15,14,43,,41,41,7,15,10,5,0.4,0.6
2024-06-13T0000,2351A,113.866,27.6198,萍乡市,安源区政府,,14,14,21,8,9,26,,29,,13,10,17,12,0.9,0.8
2024-06-13T0000,2319A,119.0141,25.4325,莆田市,荔城区仓后路,,16,16,29,6,15,45,,94,60,11,12,6,6,0.7,0.7
2024-06-13T0000,2320A,119.0015,25.4553,莆田市,莆田市监测站,,19,19,30,3,13,29,,98,52,6,9,8,8,0.6,0.6
2024-06-13T0000,2321A,119.1119,25.4561,莆田市,涵江区六中,,,21,31,11,13,,,97,60,23,16,8,8,0.6,0.6
2024-06-13T0000,2322A,119.1013,25.3215,莆田市,秀屿区政府,,31,31,31,12,15,37,,78,46,8,9,7,8,0.6,0.6
2024-06-13T0000,2323A,118.981,25.4792,莆田市,东圳水库,,,,,,,,,,,,,,,,
2024-06-13T0000,2392A,115.0312,35.7636,濮阳市,环保局,颗粒物(PM10),60,70,60,27,25,132,,212,174,22,16,10,9,0.5,0.5
2024-06-13T0000,2394A,115.0574,35.7609,濮阳市,油田运输公司,颗粒物(PM10),69,87,64,22,24,141,,230,185,13,18,10,9,0.7,0.4
2024-06-13T0000,2395A,115.0866,35.7754,濮阳市,油田物探公司,颗粒物(PM10),67,84,66,27,27,146,,231,187,14,13,9,9,0.6,0.6
2024-06-13T0000,3021A,115,35.7668,濮阳市,濮水河管理处,颗粒物(PM10),55,60,59,30,27,137,,213,169,17,15,10,9,0.4,0.4
2024-06-13T0000,2601A,100.98,22.7633,普洱市,市环保局,,20,,11,14,13,40,,44,42,4,4,6,6,0.3,0.4
2024-06-13T0000,2602A,100.9817,22.8322,普洱市,普洱第二中学,,25,,10,17,11,36,,43,39,5,5,8,8,0.6,0.5
2024-06-13T0000,2262A,131.0518,45.8751,七台河市,新一中,,23,23,11,9,9,35,,87,60,7,7,10,9,0.7,0.6
2024-06-13T0000,3345A,131.0577,45.7879,七台河市,中波台,,16,13,6,3,6,20,,80,56,31,11,8,8,0.6,0.4
2024-06-13T0000,3637A,131.0176,45.7761,七台河市,人民广场,,35,35,16,10,10,22,,84,50,17,10,10,10,0.4,0.4
2024-06-13T0000,3684A,130.8781,45.8222,七台河市,新建矿广场,,13,9,11,9,14,17,,59,40,18,19,7,11,0.1,0.3
2024-06-13T0000,1779A,123.9305,47.3636,齐齐哈尔市,安居小区,颗粒物(PM10),58,66,27,30,10,57,,99,64,41,20,6,5,0.4,0.4
2024-06-13T0000,1780A,123.9488,47.3386,齐齐哈尔市,中心广场,颗粒物(PM10),58,66,19,20,11,52,,99,79,44,16,9,8,0.4,0.2
2024-06-13T0000,1781A,123.9483,47.3227,齐齐哈尔市,农牧车辆厂,颗粒物(PM10),52,53,27,13,4,45,,103,73,41,16,8,7,0.4,0.2
2024-06-13T0000,1783A,123.945,47.2988,齐齐哈尔市,市环境监测站,,32,32,20,18,16,67,,81,71,21,14,5,5,0.4,0.3
2024-06-13T0000,3662A,123.6333,47.2075,齐齐哈尔市,富区青少年活动中心,,22,22,20,8,8,64,,,,17,16,11,6,0.1,0.2
2024-06-13T0000,2591A,107.9783,26.5747,黔东南苗族侗族自治州,市环境监测站,,25,24,18,17,11,8,,70,33,31,18,3,3,0.6,0.6
2024-06-13T0000,2881A,107.8908,26.5311,黔东南苗族侗族自治州,凯里学院,,27,27,20,13,10,9,,73,44,12,8,3,3,0.5,0.5
2024-06-13T0000,2593A,107.5228,26.2403,黔南布依族苗族自治州,小围寨,,19,19,12,9,9,10,,60,38,12,6,4,4,0.6,0.5
2024-06-13T0000,3538A,107.5175,26.2978,黔南布依族苗族自治州,沙坝,,22,22,13,9,8,11,,68,48,19,8,4,4,0.6,0.6
2024-06-13T0000,2589A,104.9022,25.0925,黔西南布依族苗族自治州,场坝街,,18,11,12,7,6,56,,80,64,7,8,2,2,0.3,0.4
2024-06-13T0000,2590A,104.8811,25.0992,黔西南布依族苗族自治州,坪东大道,,17,10,12,8,7,52,,81,59,6,6,3,5,0.3,0.3
2024-06-13T0000,2502A,108.6236,21.9667,钦州市,市环保站,,22,22,18,9,5,42,,73,57,23,10,8,7,0.7,0.6
2024-06-13T0000,2503A,108.6549,21.9481,钦州市,沙埠小学,,40,40,27,16,11,44,,74,59,24,14,6,4,0.9,0.7
2024-06-13T0000,2504A,108.5989,21.7431,钦州市,港区一小,,,,27,8,3,73,,71,71,14,9,11,7,0.6,0.5
2024-06-13T0000,3404A,108.5959,21.9633,钦州市,北职校,,32,32,24,13,9,44,,70,56,18,12,9,8,0.7,0.6
2024-06-13T0000,1042A,119.5134,39.8207,秦皇岛市,北戴河环保局,,42,42,55,13,15,113,,164,148,17,6,3,3,0.4,0.4
2024-06-13T0000,1043A,119.7493,40.0116,秦皇岛市,第一关,二氧化氮,62,52,73,16,24,21,,170,128,124,24,4,5,0.2,0.4
2024-06-13T0000,1044A,119.5897,39.9499,秦皇岛市,监测站,颗粒物(PM10),55,60,69,19,24,107,,164,136,21,15,2,4,0.3,0.5
2024-06-13T0000,1046A,119.5251,39.9041,秦皇岛市,建设大厦,,40,40,62,12,18,104,,164,134,28,20,2,2,0.0,0.2
2024-06-13T0000,3132A,119.610547,39.943889,秦皇岛市,文明里,颗粒物(PM10),55,59,67,27,28,106,,158,142,23,9,2,2,0.4,0.4
2024-06-13T0000,1307A,120.6659,36.2403,青岛市,仰口,,15,,9,9,8,48,,102,62,6,4,4,4,0.2,0.2
2024-06-13T0000,1310A,120.4134,36.0658,青岛市,市南区东部子站,,27,12,9,12,6,85,,98,76,4,5,7,7,0.4,0.4
2024-06-13T0000,1311A,120.3664,36.1032,青岛市,四方区子站,,29,17,14,12,9,92,,104,80,7,10,9,9,0.5,0.5
2024-06-13T0000,1312A,120.2994,36.054,青岛市,市南区西部子站,,26,19,10,12,4,82,,112,79,16,10,6,6,0.4,0.4
2024-06-13T0000,1313A,120.4581,36.0858,青岛市,崂山区子站,,29,14,10,12,7,91,,102,82,8,9,8,8,0.4,0.4
2024-06-13T0000,1314A,120.1983,35.9608,青岛市,黄岛区子站,,28,,10,10,6,87,,105,81,6,7,6,6,0.4,0.4
2024-06-13T0000,1315A,120.3999,36.3083,青岛市,城阳区子站,,25,9,18,7,10,80,,98,73,8,13,5,7,0.4,0.5
2024-06-13T0000,1966A,120.0405,35.8735,青岛市,黄岛区4号,,30,12,13,9,5,93,,110,84,6,8,8,8,0.7,0.7
2024-06-13T0000,3362A,120.5014,36.4034,青岛市,即墨2号,,17,13,19,6,8,54,,112,73,14,11,6,6,0.4,0.4
2024-06-13T0000,3642A,120.3503,36.0736,青岛市,市北区南部,,28,16,12,9,6,88,,104,84,9,7,5,6,0.4,0.7
2024-06-13T0000,3643A,120.3948,36.1805,青岛市,李沧区北部,,23,,12,14,10,71,,85,68,4,9,9,9,0.4,0.4
2024-06-13T0000,1702A,113.0426,23.691,清远市,环保大楼,,21,21,34,12,15,46,,102,74,11,16,5,7,0.5,0.6
2024-06-13T0000,1703A,113.0208,23.7106,清远市,凤城街办,,24,24,35,12,19,35,,95,67,16,17,1,3,0.5,0.5
2024-06-13T0000,3025A,113.0477,23.6344,清远市,技师学院,,25,25,32,16,19,44,,120,90,21,16,4,4,0.6,0.5
2024-06-13T0000,3318A,112.9903,23.7403,清远市,清新太和,,16,16,36,11,21,37,,81,54,16,17,4,4,0.5,0.6
2024-06-13T0000,3455A,113.076,23.7198,清远市,清城东城,,20,20,33,9,18,51,,107,77,11,14,5,5,0.4,0.4
2024-06-13T0000,2661A,107.6325,35.7357,庆阳市,庆阳五中,,49,49,55,14,18,130,,168,142,12,12,3,3,0.2,0.3
2024-06-13T0000,2662A,107.6364,35.7067,庆阳市,市环保局,颗粒物(PM10),86,121,53,14,13,128,,167,141,11,11,4,5,0.4,0.4
2024-06-13T0000,1916A,103.7897,25.5035,曲靖市,环境监测站,,27,27,21,14,13,40,,119,96,24,12,3,5,0.9,0.9
2024-06-13T0000,1917A,103.8,25.5364,曲靖市,烟厂办公区,,42,42,23,26,12,52,,118,100,31,12,4,4,1.9,0.8
2024-06-13T0000,3376A,103.7947,25.462,曲靖市,南苑二区,,31,31,18,15,11,57,,121,99,11,12,4,6,0.8,0.8
2024-06-13T0000,3377A,103.7444,25.5261,曲靖市,曲靖师范学院,细颗粒物(PM2.5),53,,19,37,14,52,,121,99,27,17,37,12,1.3,0.8
2024-06-13T0000,1264A,118.8692,28.9398,衢州市,环保大楼,,,31,18,18,12,,,64,50,21,14,4,3,0.6,0.5
2024-06-13T0000,1265A,118.8709,28.9666,衢州市,实验学校,,30,30,19,15,13,13,,79,52,27,13,5,5,0.3,0.3
2024-06-13T0000,1266A,118.8621,28.9808,衢州市,衢州学院,,25,25,16,15,13,2,,84,49,27,15,4,6,0.6,0.5
2024-06-13T0000,1611A,118.5819,24.9117,泉州市,涂山街,,,34,35,,15,26,,81,40,22,16,3,3,0.4,0.5
2024-06-13T0000,1612A,118.5972,24.8978,泉州市,津头埔,,38,33,31,26,16,24,,73,40,26,19,1,2,0.6,0.5
2024-06-13T0000,1613A,118.6663,24.9424,泉州市,万安,,33,29,28,23,16,29,,84,39,15,15,2,2,0.4,0.4
2024-06-13T0000,1614A,118.6117,24.9604,泉州市,清源山,,,,,,,,,,,,,,,,
2024-06-13T0000,3529A,118.6333,24.9264,泉州市,城华南路,,39,39,29,11,10,21,,76,40,23,16,2,2,0.3,0.3
2024-06-13T0000,2626A,88.8876,29.2718,日喀则市,日喀则监测站,,36,20,12,7,5,115,,131,126,6,7,7,6,0.5,0.5
2024-06-13T0000,3726A,88.8781,29.2426,日喀则市,林业技术推广中心,,36,20,13,6,3,114,,128,127,5,6,4,4,0.5,0.5
2024-06-13T0000,1659A,119.471,35.4209,日照市,监测站,,24,14,36,10,21,75,,116,65,13,25,9,10,0.3,0.5
2024-06-13T0000,1660A,119.523,35.4216,日照市,市政府广场,,25,14,36,3,14,78,,110,75,5,18,9,10,0.4,0.6
2024-06-13T0000,1661A,119.5587,35.4044,日照市,港务局,,27,14,25,3,8,84,,94,81,4,13,7,8,0.4,0.5
2024-06-13T0000,3507A,119.5328,35.4625,日照市,职业技术学院,,26,14,34,9,16,81,,108,81,9,14,8,8,0.5,0.6
2024-06-13T0000,3604A,119.3266,35.1044,日照市,岚山环保分局,,44,44,37,3,17,51,,122,72,26,15,8,7,0.6,0.6
2024-06-13T0000,1835A,111.1922,34.7752,三门峡市,市政府,颗粒物(PM10),58,66,68,30,25,58,,194,139,63,37,10,13,0.5,0.6
2024-06-13T0000,1836A,111.1587,34.7942,三门峡市,开发区,颗粒物(PM10),62,74,77,34,35,110,,208,160,23,18,17,15,0.7,0.7
2024-06-13T0000,1838A,111.143,34.7955,三门峡市,风景区,,,,,,,,,,,,,,,,
2024-06-13T0000,3039A,111.1911,34.7829,三门峡市,三门峡市第一小学,细颗粒物(PM2.5),67,54,67,48,24,77,,208,145,46,26,11,14,0.7,0.6
2024-06-13T0000,3598A,111.1,34.7167,三门峡市,富达温泉假日酒店,颗粒物(PM10),51,51,89,18,26,94,,194,136,24,29,12,18,0.4,0.5
2024-06-13T0000,2324A,117.6211,26.2625,三明市,三钢,,9,,32,6,25,24,,57,36,15,16,5,14,0.6,1.5
2024-06-13T0000,2325A,117.635,26.2714,三明市,三明二中,,13,,29,9,18,29,,59,38,13,15,5,8,0.8,0.8
2024-06-13T0000,2326A,117.6028,26.2378,三明市,三元区政府,,15,14,40,10,25,18,,52,30,24,16,2,6,0.8,0.6
2024-06-13T0000,2327A,117.7275,26.3108,三明市,洋溪,,,,,,,,,,,,,,,,
2024-06-13T0000,1876A,109.5078,18.2489,三亚市,河东子站,,21,19,21,7,9,66,,73,70,5,7,3,4,0.3,0.4
2024-06-13T0000,1877A,109.4964,18.2681,三亚市,河西子站,,19,19,20,13,9,48,,73,67,8,7,3,2,0.3,0.3
2024-06-13T0000,3540A,109.7348,18.3443,三亚市,君悦子站,,20,20,25,10,7,32,,67,54,15,9,2,2,0.3,0.3
2024-06-13T0000,2624A,91.7608,29.2313,山南市,山南监测站,,38,,14,8,6,121,,131,130,2,5,5,6,0.3,0.3
2024-06-13T0000,2625A,91.7706,29.2436,山南市,山南人民医院,,38,10,23,6,8,121,,130,129,6,8,6,6,0.2,0.2
2024-06-13T0000,1674A,116.6794,23.3667,汕头市,金平子站,,26,26,21,12,9,49,,68,55,7,8,2,2,0.6,0.6
2024-06-13T0000,1675A,116.7244,23.3633,汕头市,龙湖子站,,24,24,19,3,7,45,,62,52,9,9,5,5,0.8,0.7
2024-06-13T0000,1676A,116.7258,23.2775,汕头市,濠江子站,,21,21,24,3,11,55,,69,58,6,5,4,4,0.7,0.7
2024-06-13T0000,1677A,116.7519,23.4714,汕头市,澄海子站,,22,22,23,11,10,49,,74,56,9,8,4,4,0.7,0.7
2024-06-13T0000,1678A,116.6092,23.2539,汕头市,潮阳子站,,28,28,19,3,9,51,,64,56,3,3,4,4,0.5,0.5
2024-06-13T0000,3444A,116.454,23.2684,汕头市,潮南峡山,,24,24,19,6,9,43,,57,48,6,6,4,4,0.7,0.7
2024-06-13T0000,3624A,116.4069,23.2533,汕头市,潮南子站,,25,25,24,12,10,48,,60,51,3,3,6,6,0.6,0.6
2024-06-13T0000,1693A,115.3653,22.775,汕尾市,市环保局,,23,23,25,8,8,53,,72,62,5,3,4,4,0.5,0.7
2024-06-13T0000,1694A,115.3706,22.7898,汕尾市,市政府,,24,24,22,9,12,53,,73,62,4,2,7,7,0.5,0.6
2024-06-13T0000,1695A,115.3622,22.7925,汕尾市,新城中学,,24,24,30,11,10,56,,81,69,7,4,4,4,0.4,0.4
2024-06-13T0000,2645A,109.9154,33.8715,商洛市,监测站,颗粒物(PM10),51,51,38,19,16,52,,161,91,14,13,4,5,0.4,0.4
2024-06-13T0000,3045A,109.9643,33.8471,商洛市,商州区中学,,40,40,45,14,16,28,,156,86,46,21,8,8,0.5,0.5
2024-06-13T0000,2408A,115.6702,34.4285,商丘市,环境监测站,颗粒物(PM10),61,72,56,24,23,133,,209,185,18,10,9,12,0.3,0.3
2024-06-13T0000,2409A,115.6458,34.4045,商丘市,粮食局,,,33,49,26,22,,,208,,15,9,4,7,0.3,0.3
2024-06-13T0000,2410A,115.6293,34.3948,商丘市,睢阳区环保局,颗粒物(PM10),65,79,58,25,26,134,,210,184,13,10,6,9,0.3,0.3
2024-06-13T0000,3171A,115.6071,34.4465,商丘市,梁园区档案局,颗粒物(PM10),52,53,57,23,31,143,,217,194,16,13,8,10,0.3,0.3
2024-06-13T0000,1141A,121.4,31.238,上海市,普陀,细颗粒物(PM2.5),58,56,33,41,24,56,,124,98,38,25,4,4,0.5,0.5
2024-06-13T0000,1142A,121.478,31.2036,上海市,十五厂,细颗粒物(PM2.5),62,48,32,44,26,71,,112,90,26,26,6,6,0.7,0.6
2024-06-13T0000,1143A,121.467,31.3008,上海市,虹口,,49,43,29,34,23,61,,86,63,24,26,10,10,0.5,0.5
2024-06-13T0000,1144A,121.412,31.1654,上海市,徐汇上师大,细颗粒物(PM2.5),74,67,36,54,31,65,,129,105,28,27,8,8,0.6,0.6
2024-06-13T0000,1145A,121.536,31.2659,上海市,杨浦四漂,,48,48,32,31,22,63,,82,60,24,30,6,6,0.7,0.7
2024-06-13T0000,1147A,121.425,31.2261,上海市,静安监测站,细颗粒物(PM2.5),65,56,34,47,29,63,,119,94,29,25,8,8,0.6,0.5
2024-06-13T0000,1148A,121.703,31.1907,上海市,浦东川沙,,36,33,22,25,18,64,,83,69,26,20,6,6,0.6,0.5
2024-06-13T0000,1149A,121.533,31.2284,上海市,浦东新区监测站,,48,37,25,33,20,68,,90,67,28,28,7,7,0.6,0.6
2024-06-13T0000,1150A,121.577,31.2071,上海市,浦东张江,细颗粒物(PM2.5),53,42,30,37,22,81,,95,78,20,24,5,5,0.8,0.7
2024-06-13T0000,3265A,121.4316,31.3322,上海市,宝山庙行,,48,39,28,33,22,61,,89,65,18,23,7,7,0.6,0.7
2024-06-13T0000,3266A,121.8791,31.4662,上海市,崇明上实东滩,,25,13,12,12,11,79,,100,85,8,14,8,8,0.6,0.6
2024-06-13T0000,3268A,121.3162,31.2838,上海市,嘉定南翔,颗粒物(PM10),56,62,31,38,24,31,,115,63,46,33,5,5,0.8,0.7
2024-06-13T0000,3269A,121.3359,30.7456,上海市,金山新城,,33,23,27,23,25,77,,149,130,19,13,6,7,0.5,0.5
2024-06-13T0000,3270A,121.4996,31.0739,上海市,闵行浦江,细颗粒物(PM2.5),77,57,28,56,27,81,,121,103,16,20,5,5,0.7,0.6
2024-06-13T0000,3271A,121.2886,31.1663,上海市,青浦徐泾,细颗粒物(PM2.5),80,70,36,59,32,44,,145,118,40,23,6,5,0.6,0.5
2024-06-13T0000,3272A,121.2186,31.0378,上海市,松江图书馆,细颗粒物(PM2.5),84,62,39,62,38,82,,170,139,24,22,6,6,0.7,0.7
2024-06-13T0000,3273A,121.3902,31.2059,上海市,长宁仙霞,细颗粒物(PM2.5),62,62,36,44,23,54,,125,104,33,26,8,8,0.9,0.8
2024-06-13T0000,3274A,121.7965,31.0507,上海市,浦东惠南,,48,,21,33,19,91,,88,82,9,15,6,6,0.6,0.6
2024-06-13T0000,3544A,121.4891,30.925,上海市,奉贤南桥新城,细颗粒物(PM2.5),78,,27,57,27,106,,115,105,14,22,5,9,0.6,0.6
2024-06-13T0000,2381A,118.005,28.4572,上饶市,百草园,,21,21,20,12,12,35,,46,39,10,8,4,6,0.8,0.8
2024-06-13T0000,2382A,117.9756,28.4436,上饶市,市监测站,,20,20,39,8,10,38,,61,48,6,9,6,8,0.6,0.6
2024-06-13T0000,2383A,117.9519,28.4628,上饶市,凤凰光学,,19,19,20,10,9,12,,64,44,31,11,3,8,0.8,0.8
2024-06-13T0000,3413A,118.1953,28.4401,上饶市,广丰区教体局,,29,,15,20,8,27,,72,49,5,7,5,4,0.6,0.7
2024-06-13T0000,3685A,117.897,28.4315,上饶市,双创科技城,,27,27,27,16,14,32,,61,49,16,13,1,14,0.6,0.9
2024-06-13T0000,1669A,113.5824,24.7733,韶关市,市八中,,21,19,34,10,18,66,,87,73,10,10,20,16,0.6,0.6
2024-06-13T0000,1671A,113.5917,24.7972,韶关市,园林处,,19,17,24,9,16,59,,77,67,10,9,10,10,0.6,0.7
2024-06-13T0000,1672A,113.6735,24.7791,韶关市,韶关学院,,24,20,25,6,10,75,,80,75,15,10,16,13,0.8,0.9
2024-06-13T0000,1673A,113.5971,24.6863,韶关市,曲江监测站,,23,11,26,3,16,71,,83,74,9,9,8,7,0.4,0.4
2024-06-13T0000,3622A,113.5556,24.8082,韶关市,碧湖山庄,,22,12,28,8,15,68,,87,74,8,10,8,9,0.3,0.4
2024-06-13T0000,2462A,111.5239,27.3033,邵阳市,市水土所,,14,6,11,3,5,44,,52,48,2,3,4,4,0.4,0.4
2024-06-13T0000,2463A,111.4733,27.2317,邵阳市,市一中,,21,6,15,3,10,65,,65,65,5,8,5,6,0.5,0.5
2024-06-13T0000,2464A,111.5283,27.2442,邵阳市,市化工厂,,21,6,14,3,8,66,,66,65,3,8,6,6,0.5,0.6
2024-06-13T0000,2465A,111.4503,27.2537,邵阳市,市罐头厂,,19,6,13,3,6,60,,61,61,6,10,5,5,0.3,0.4
2024-06-13T0000,2466A,111.4328,27.2272,邵阳市,市环保局,,19,,12,3,9,60,,60,60,4,8,4,4,0.1,0.2
2024-06-13T0000,1247A,120.6053,29.9928,绍兴市,城东开发委,,16,16,21,8,15,39,,101,67,19,17,5,5,0.7,0.7
2024-06-13T0000,2921A,120.5483,30.0003,绍兴市,树下王站,,20,17,19,11,15,62,,105,85,10,15,4,4,0.7,0.8
2024-06-13T0000,3408A,120.5683,29.9361,绍兴市,绍兴中专,,16,16,16,10,12,18,,100,58,24,15,7,7,0.5,0.6
2024-06-13T0000,3409A,120.4906,30.0861,绍兴市,柯桥区政府,,28,28,24,14,13,69,,105,89,17,18,5,5,0.5,0.6
2024-06-13T0000,3410A,120.8752,30.0249,绍兴市,重华小学,,18,14,21,8,18,55,,108,89,17,15,7,7,0.8,0.9
2024-06-13T0000,3411A,120.8369,30.0137,绍兴市,上虞中学,,18,15,22,10,17,55,,101,80,18,20,13,11,0.6,0.6
2024-06-13T0000,3560A,120.4722,30.0415,绍兴市,柯桥妇保,,26,26,25,12,15,64,,104,83,22,19,6,6,0.8,0.8
2024-06-13T0000,3658A,120.6153,30.0764,绍兴市,袍江中学,,20,20,20,10,13,64,,116,93,18,22,8,8,0.8,0.7
2024-06-13T0000,1356A,114.1063,22.5545,深圳市,通心岭子站,,16,16,20,7,10,25,,56,28,22,15,5,5,0.6,0.6
2024-06-13T0000,1357A,114.117,22.5625,深圳市,洪湖,,21,21,24,7,10,34,,60,34,19,16,6,5,0.4,0.4
2024-06-13T0000,1358A,113.987,22.5417,深圳市,华侨城,,18,18,21,3,10,52,,59,48,8,9,3,4,0.3,0.4
2024-06-13T0000,1359A,113.9181,22.5171,深圳市,南海子站,,26,26,28,12,13,40,,54,42,22,18,6,6,0.6,0.6
2024-06-13T0000,1360A,114.2458,22.5689,深圳市,盐田,,23,23,26,9,13,1,,41,12,37,28,5,5,0.6,0.6
2024-06-13T0000,1361A,114.2283,22.7244,深圳市,龙岗,,16,16,20,7,9,20,,65,32,29,21,4,3,0.5,0.5
2024-06-13T0000,1363A,114.494,22.5422,深圳市,南澳,,24,24,24,13,10,32,,70,44,6,3,5,5,0.4,0.4
2024-06-13T0000,1364A,114.41,22.6342,深圳市,葵涌,,25,22,23,17,12,20,,75,38,13,10,4,4,0.5,0.5
2024-06-13T0000,1365A,114.297,22.5978,深圳市,梅沙,,19,19,23,3,8,13,,57,24,8,9,3,3,0.3,0.4
2024-06-13T0000,1366A,114.0678,22.738,深圳市,观澜,,23,23,29,9,13,38,,58,40,12,12,7,7,0.5,0.5
2024-06-13T0000,3305A,114.0731,22.559,深圳市,莲花,,19,19,20,9,9,22,,46,22,14,11,5,5,0.5,0.5
2024-06-13T0000,3306A,114.0261,22.6198,深圳市,民治,,18,18,18,9,11,35,,44,35,13,10,4,4,0.5,0.5
2024-06-13T0000,3307A,114.1871,22.6451,深圳市,横岗,,17,16,21,7,11,19,,61,28,33,26,4,5,0.4,0.4
2024-06-13T0000,3447A,114.3551,22.7151,深圳市,坪山,,18,18,19,9,10,15,,64,31,22,13,3,3,0.6,0.5
2024-06-13T0000,3623A,113.8953,22.5861,深圳市,西乡,,29,29,28,9,9,39,,56,42,18,14,5,5,0.5,0.5
2024-06-13T0000,1098A,123.6836,41.9339,沈阳市,森林路,,,,,,,,,,,,,,,,
2024-06-13T0000,1099A,123.505,41.7406,沈阳市,浑南东路,,45,45,31,21,16,67,,202,,45,28,10,13,1.3,1
2024-06-13T0000,1100A,123.4231,41.6989,沈阳市,新秀街,,30,30,30,17,15,92,,182,,28,21,7,13,0.6,0.8
2024-06-13T0000,1102A,123.5903,41.8411,沈阳市,东陵路,,30,30,40,17,19,94,,211,147,23,21,10,12,0.7,1
2024-06-13T0000,1103A,123.4264,41.8467,沈阳市,陵东街,,31,28,27,17,16,98,,199,153,24,19,8,10,0.7,0.9
2024-06-13T0000,1104A,123.4114,41.7653,沈阳市,文化路,,35,30,34,18,22,111,,196,,18,17,6,10,0.4,0.7
2024-06-13T0000,1105A,123.4678,41.7867,沈阳市,小河沿,,36,36,33,18,17,78,,186,,34,21,8,10,1.2,0.9
2024-06-13T0000,1106A,123.4017,41.7972,沈阳市,太原街,,,,29,,16,,,188,,,19,,10,,0.7
2024-06-13T0000,1108A,123.3783,41.9228,沈阳市,京沈街,,34,28,36,15,21,108,,199,,16,17,12,14,0.9,0.8
2024-06-13T0000,2897A,123.2444,41.7347,沈阳市,沈辽西路,颗粒物(PM10),54,57,38,20,18,56,,184,,46,23,16,11,1.2,0.9
2024-06-13T0000,2900A,123.5953,41.9086,沈阳市,裕农路,,32,26,32,22,19,90,,209,143,26,21,8,9,0.8,0.9
2024-06-13T0000,2428A,111.0419,32.395,十堰市,武当山,,37,20,17,3,10,117,,123,121,18,16,12,12,0.6,0.7
2024-06-13T0000,2429A,110.78,32.6494,十堰市,滨河新村,,34,34,29,21,21,42,,125,90,28,11,7,5,0.4,0.5
2024-06-13T0000,2430A,110.7258,32.6389,十堰市,刘家沟,,,,35,17,18,62,,112,,,9,7,5,0.6,0.7
2024-06-13T0000,2431A,110.8839,32.5714,十堰市,铁二处,,29,29,23,18,17,63,,146,110,6,6,5,5,0.7,0.7
2024-06-13T0000,3545A,110.8054,32.8401,十堰市,郧阳区金沙路,,34,34,20,21,15,69,,121,109,10,7,8,9,0.7,0.7
2024-06-13T0000,2709A,86.0497,44.2967,石河子市,艾青诗歌馆,,48,48,33,9,15,103,,123,109,10,13,5,5,0.3,0.3
2024-06-13T0000,2710A,86.0697,44.3075,石河子市,阳光学校,颗粒物(PM10),54,58,36,12,12,102,,122,110,7,8,5,7,0.3,0.4
2024-06-13T0000,3442A,86.047,44.2331,石河子市,南区管委会,,50,50,32,3,11,110,,120,108,2,5,6,6,0.3,0.3
2024-06-13T0000,1029A,114.4422,38.0444,石家庄市,职工医院,颗粒物(PM10),59,68,74,27,31,125,,242,184,26,22,9,7,0.7,0.5
2024-06-13T0000,1030A,114.6063,38.0266,石家庄市,高新区,颗粒物(PM10),60,70,78,25,36,147,,236,190,22,20,5,6,0.6,0.6
2024-06-13T0000,1031A,114.4898,38.1328,石家庄市,西北水源,颗粒物(PM10),97,143,83,39,30,39,,217,144,88,27,6,7,0.6,0.5
2024-06-13T0000,1032A,114.4586,38.0058,石家庄市,西南高教,颗粒物(PM10),75,99,81,31,26,112,,232,184,40,23,8,6,0.7,0.5
2024-06-13T0000,1033A,114.5331,38.0178,石家庄市,世纪公园,颗粒物(PM10),60,70,73,26,26,129,,220,176,26,19,8,6,0.7,0.5
2024-06-13T0000,1034A,114.509,38.0457,石家庄市,人民会堂,颗粒物(PM10),66,81,74,40,35,143,,241,196,24,20,7,4,0.7,0.5
2024-06-13T0000,1035A,114.3524,37.8911,石家庄市,封龙山,臭氧1小时,107,40,48,18,19,214,,216,216,6,8,10,10,0.7,0.5
2024-06-13T0000,2862A,114.5481,38.0378,石家庄市,22中南校区,颗粒物(PM10),75,99,96,34,31,130,,230,183,29,22,14,7,0.7,0.6
2024-06-13T0000,3456A,114.289,38.0906,石家庄市,鹿泉一中,颗粒物(PM10),67,84,79,29,28,135,,227,167,16,20,3,6,0.5,0.5
2024-06-13T0000,3573A,114.8506765,38.0322033,石家庄市,藁城区实验学校,颗粒物(PM10),79,108,116,56,32,134,,231,180,27,21,9,7,0.5,0.5
2024-06-13T0000,3574A,114.0504658,38.0591645,石家庄市,井陉矿区区委大楼,,44,41,53,22,21,138,,214,162,17,32,7,11,0.6,0.5
2024-06-13T0000,4024A,114.6549,37.9020,石家庄市,栾城区星河路,颗粒物(PM10),87,124,91,40,32,123,,226,194,35,23,9,8,0.6,0.6
2024-06-13T0000,1947A,106.3394,38.817,石嘴山市,沙湖旅游区,颗粒物(PM10),63,75,72,14,16,95,,162,118,21,30,15,16,0.5,0.6
2024-06-13T0000,1948A,106.3668,39.0145,石嘴山市,大武口朝阳西街,颗粒物(PM10),69,87,85,18,30,82,,167,121,43,37,20,39,0.5,1.1
2024-06-13T0000,1949A,106.7704,39.2282,石嘴山市,惠农南大街,颗粒物(PM10),61,72,75,21,19,29,,153,93,69,43,24,27,0.7,0.8
2024-06-13T0000,1950A,106.7099,39.1325,石嘴山市,红果子镇惠新街,颗粒物(PM10),70,90,79,30,31,36,,153,102,79,52,12,17,0.6,0.7
2024-06-13T0000,3520A,106.3495,38.9836,石嘴山市,妇女儿童医院,颗粒物(PM10),72,94,73,28,26,71,,152,109,41,39,47,38,1.0,1.4
2024-06-13T0000,3521A,106.7492,39.2069,石嘴山市,石大公路,颗粒物(PM10),60,69,61,34,34,10,,150,80,94,48,12,13,0.6,0.7
2024-06-13T0000,2248A,131.1511,46.6937,双鸭山市,双合村,,39,39,21,9,6,6,,59,44,20,8,10,7,1.1,0.1
2024-06-13T0000,2249A,131.1652,46.6191,双鸭山市,南小市,,25,,18,17,9,16,,65,44,8,8,6,6,0.1,0.1
2024-06-13T0000,2250A,131.1524,46.6554,双鸭山市,环保局,颗粒物(PM10),51,51,27,32,19,4,,55,40,20,9,8,7,1.3,0.1
2024-06-13T0000,2251A,131.12,46.5656,双鸭山市,苗圃,,20,18,17,14,13,20,,54,32,5,7,3,3,0.2,0.2
2024-06-13T0000,2166A,112.4397,39.3522,朔州市,平朔,颗粒物(PM10),68,86,95,42,28,49,,165,112,40,38,7,11,0.7,0.6
2024-06-13T0000,2167A,112.4575,39.3617,朔州市,朔唯,颗粒物(PM10),104,158,122,38,27,59,,162,108,33,40,11,14,0.5,0.5
2024-06-13T0000,2168A,112.4258,39.3197,朔州市,区政府,颗粒物(PM10),53,55,85,13,28,116,,168,134,17,37,6,13,0.5,0.6
2024-06-13T0000,2169A,112.4072,39.3278,朔州市,市环保局,颗粒物(PM10),71,91,94,35,33,49,,168,115,51,34,16,18,0.6,0.6
2024-06-13T0000,2170A,112.4272,39.3681,朔州市,市二中,"颗粒物(PM10),细颗粒物(PM2.5)",89,127,109,66,36,44,,173,116,61,42,12,18,0.4,0.6
2024-06-13T0000,3571A,112.2931,39.53,朔州市,一水厂,颗粒物(PM10),75,99,83,32,26,26,,155,109,76,34,7,25,0.4,0.4
2024-06-13T0000,2225A,124.4002,43.1713,四平市,一商场,,28,28,37,15,24,70,,141,102,56,48,9,6,0.2,0.4
2024-06-13T0000,2226A,124.388,43.193,四平市,境园,颗粒物(PM10),53,56,36,24,20,38,,138,78,64,39,7,6,0.3,0.4
2024-06-13T0000,3486A,124.4036,43.1411,四平市,植物园,,25,25,34,9,20,58,,136,100,49,50,4,5,0.2,0.3
2024-06-13T0000,3713A,124.3419,43.1666,四平市,世纪城,,28,25,33,19,24,76,,143,115,49,47,7,7,0.2,0.3
2024-06-13T0000,2233A,124.8006,45.1214,松原市,江南,,29,28,22,17,12,92,,130,118,26,14,6,4,0.4,0.4
2024-06-13T0000,2234A,124.7965,45.1722,松原市,江北,,26,22,17,15,11,83,,118,94,18,18,4,4,0.4,0.4
2024-06-13T0000,1160A,120.561,31.2472,苏州市,上方山,颗粒物(PM10),51,52,34,30,22,65,,157,120,24,12,6,6,0.9,0.8
2024-06-13T0000,1162A,120.591,31.3019,苏州市,彩香,细颗粒物(PM2.5),80,79,41,59,30,86,,148,124,20,14,7,7,0.8,0.7
2024-06-13T0000,1163A,120.596,31.3264,苏州市,轧钢厂,细颗粒物(PM2.5),92,86,45,68,33,88,,172,140,29,19,6,6,0.9,0.7
2024-06-13T0000,1164A,120.613,31.2703,苏州市,吴中区,细颗粒物(PM2.5),79,84,47,58,30,97,,182,147,27,23,8,8,0.7,0.6
2024-06-13T0000,1165A,120.543,31.2994,苏州市,苏州新区,细颗粒物(PM2.5),97,96,50,72,34,85,,169,117,40,28,8,7,0.8,0.6
2024-06-13T0000,1166A,120.669,31.3097,苏州市,苏州工业园区,细颗粒物(PM2.5),78,95,44,57,28,88,,172,138,22,12,8,8,0.8,0.6
2024-06-13T0000,1167A,120.641,31.3708,苏州市,相城区,细颗粒物(PM2.5),58,47,38,41,27,8,,180,107,77,21,10,8,0.9,0.7
2024-06-13T0000,3289A,120.743,31.3188,苏州市,方洲路,细颗粒物(PM2.5),83,67,37,61,28,90,,192,130,27,17,14,8,0.9,0.7
2024-06-13T0000,3290A,120.5031,31.2774,苏州市,木渎中学,,42,39,30,29,22,62,,152,104,18,14,7,7,0.8,0.7
2024-06-13T0000,3425A,120.624,31.1733,苏州市,越秀幼儿园,细颗粒物(PM2.5),72,66,37,52,31,81,,154,129,29,12,8,8,0.8,0.7
2024-06-13T0000,3431A,120.6505,31.416,苏州市,高铁新城,,38,38,28,22,18,22,,181,114,52,22,8,7,0.8,0.8
2024-06-13T0000,1220A,118.293,33.9528,宿迁市,宿迁学院,颗粒物(PM10),78,106,77,47,38,123,,211,179,31,19,7,5,1.1,1.1
2024-06-13T0000,1221A,118.2442,33.9592,宿迁市,宿迁中学,颗粒物(PM10),68,85,62,41,33,115,,207,177,20,15,7,7,1.0,1
2024-06-13T0000,2996A,118.283,33.965,宿迁市,市供电局,颗粒物(PM10),67,84,59,40,37,123,,224,192,21,13,6,4,1.2,1.2
2024-06-13T0000,3191A,118.3225,33.9447,宿迁市,宿豫区政府,颗粒物(PM10),64,78,67,37,38,97,,210,182,22,14,5,5,1.0,1.1
2024-06-13T0000,3187A,116.9509,33.666,宿州市,远航博物馆,颗粒物(PM10),60,69,52,22,22,146,,218,192,9,8,6,7,0.3,0.3
2024-06-13T0000,3463A,116.9708,33.591,宿州市,社会福利中心,颗粒物(PM10),66,81,61,22,28,130,,198,165,13,14,5,5,0.3,0.3
2024-06-13T0000,3634A,116.9884,33.6305,宿州市,宿州学院,颗粒物(PM10),66,82,57,17,20,143,,206,179,11,10,5,6,0.2,0.2
2024-06-13T0000,3701A,116.9648,33.6252,宿州市,皖北煤电集团,颗粒物(PM10),61,71,54,28,31,146,,218,188,9,11,7,8,0.4,0.5
2024-06-13T0000,2266A,126.9785,46.6365,绥化市,人和东街,,16,15,16,10,9,51,,99,81,13,14,6,6,0.4,0.4
2024-06-13T0000,2267A,126.964,46.6528,绥化市,党政办公中心,,17,16,14,11,8,54,,97,81,11,10,5,5,0.4,0.4
2024-06-13T0000,2451A,113.3583,31.7275,随州市,市委党校,,31,24,37,17,25,98,,135,116,2,6,9,9,0.6,0.6
2024-06-13T0000,2452A,113.3833,31.6908,随州市,市林业局,,31,18,32,15,26,99,,135,124,2,5,7,7,0.6,0.7
2024-06-13T0000,2453A,113.3983,31.7308,随州市,市立交桥水厂,,33,21,37,16,26,104,,141,121,2,8,6,6,0.5,0.6
2024-06-13T0000,2527A,105.5453,30.5678,遂宁市,石溪浩,,41,41,43,19,15,64,,135,111,23,17,8,9,0.6,0.6
2024-06-13T0000,2528A,105.5582,30.5232,遂宁市,市监测站,,35,35,28,13,11,78,,124,106,14,12,7,7,0.4,0.4
2024-06-13T0000,2529A,105.5861,30.5366,遂宁市,行政中心,,29,23,31,17,13,90,,136,124,16,12,20,12,0.5,0.5
2024-06-13T0000,2530A,105.5918,30.4728,遂宁市,美宁食品公司,,37,37,28,18,14,62,,119,99,22,17,10,9,0.4,0.4
2024-06-13T0000,2706A,82.9994,46.7432,塔城地区,东门外小游园,,,21,58,16,10,,,79,70,5,5,6,5,0.4,0.1
2024-06-13T0000,1255A,121.273,28.6459,台州市,黄岩环保大楼,,33,30,17,23,12,41,,69,37,9,17,6,6,0.5,0.6
2024-06-13T0000,1256A,121.419,28.6542,台州市,台州环保大楼,颗粒物(PM10),56,61,27,27,15,48,,86,52,14,20,6,6,0.6,0.6
2024-06-13T0000,1257A,121.377,28.5773,台州市,路桥田洋王,,43,43,22,23,17,56,,85,62,9,17,7,8,0.2,0.4
2024-06-13T0000,3564A,121.2568,28.6681,台州市,台州科技职业学院,,23,23,19,13,10,20,,71,35,34,30,6,6,0.7,0.6
2024-06-13T0000,1081A,112.522,37.8873,太原市,尖草坪,颗粒物(PM10),64,77,66,33,25,72,,214,151,52,33,7,14,0.5,0.6
2024-06-13T0000,1083A,112.434,38.0108,太原市,上兰,,,,,,,,,,,,,,,,
2024-06-13T0000,1084A,112.469,37.7124,太原市,晋源,颗粒物(PM10),63,76,74,30,31,78,,210,149,61,39,6,12,0.4,0.5
2024-06-13T0000,1085A,112.5583,37.7394,太原市,小店,颗粒物(PM10),55,60,64,16,23,88,,218,165,62,40,4,10,0.5,0.6
2024-06-13T0000,1086A,112.5369,37.8692,太原市,桃园,颗粒物(PM10),58,66,68,23,26,80,,213,154,42,36,7,13,0.4,0.5
2024-06-13T0000,1087A,112.57,37.8195,太原市,坞城,颗粒物(PM10),59,68,63,29,22,91,,218,166,49,35,4,12,0.5,0.5
2024-06-13T0000,1088A,112.549,37.9854,太原市,南寨,,50,50,63,13,24,59,,194,133,36,35,6,13,0.3,0.7
2024-06-13T0000,3618A,112.4719,37.7831,太原市,金胜,,46,46,68,17,26,129,,216,163,24,29,5,10,0.3,0.4
2024-06-13T0000,4010A,112.5608,37.8807,太原市,育英中学,颗粒物(PM10),53,55,55,20,23,79,,207,152,42,32,9,12,0.6,0.5
2024-06-13T0000,1656A,117.1437,36.1937,泰安市,监测站,,40,24,69,13,24,128,,219,184,21,14,11,13,0.5,0.5
2024-06-13T0000,1657A,117.0885,36.2017,泰安市,人口学校,细颗粒物(PM2.5),72,,67,52,41,134,,228,194,9,7,8,10,0.2,0.5
2024-06-13T0000,1658A,117.1089,36.1758,泰安市,电力学校,,40,27,70,18,20,127,,217,175,13,11,11,13,0.4,0.3
2024-06-13T0000,3502A,117.1812,36.2275,泰安市,国网新校,,36,32,65,14,17,114,,228,187,16,9,9,12,0.4,0.5
2024-06-13T0000,3503A,117.0313,36.2018,泰安市,交通技校,,47,20,61,8,29,150,,235,202,16,17,10,12,0.2,0.4
2024-06-13T0000,3504A,117.0829,36.13,泰安市,山东第一医科大学,,40,34,77,14,23,127,,232,189,23,17,13,13,0.4,0.4
2024-06-13T0000,1206A,119.905,32.4878,泰州市,公园路,,29,29,44,17,31,63,,158,115,16,18,8,8,0.6,0.7
2024-06-13T0000,1207A,119.9189,32.4625,泰州市,莲花,,25,22,37,17,26,66,,157,115,13,15,8,8,0.5,0.4
2024-06-13T0000,1209A,119.888,32.4639,泰州市,留学生创业园,,26,26,31,15,25,64,,151,110,12,13,7,7,0.6,0.7
2024-06-13T0000,2997A,119.8767,32.3289,泰州市,王营,,28,22,29,19,24,60,,186,134,18,19,9,8,0.5,0.6
2024-06-13T0000,3295A,120.1259,32.5099,泰州市,姜堰区政府广场,,19,19,26,11,17,58,,141,100,16,16,12,13,0.6,0.6
2024-06-13T0000,3435A,119.9192,32.4322,泰州市,周山河街区,,26,20,28,18,30,59,,159,114,13,13,8,8,0.5,0.5
2024-06-13T0000,1037A,118.131,39.6363,唐山市,雷达站,颗粒物(PM10),70,89,76,39,37,116,,266,198,24,20,16,7,1.5,0.8
2024-06-13T0000,1038A,118.1725,39.6334,唐山市,物资局,颗粒物(PM10),67,84,72,41,31,112,,254,189,17,14,14,6,2.0,0.8
2024-06-13T0000,1040A,118.1705,39.6506,唐山市,十二中,颗粒物(PM10),62,74,68,39,34,104,,234,176,16,12,11,4,1.7,0.8
2024-06-13T0000,1041A,118.1869,39.622,唐山市,小山,颗粒物(PM10),70,89,78,35,24,107,,238,175,17,16,12,6,2.1,0.9
2024-06-13T0000,3457A,118.4359,39.2762,唐山市,冀东油田职工医院,颗粒物(PM10),57,63,61,18,21,80,,219,171,22,9,10,11,0.5,0.3
2024-06-13T0000,3575A,118.09279,39.58089,唐山市,正泰大街热力站,颗粒物(PM10),61,72,68,40,30,105,,249,184,15,16,7,4,1.8,0.9
2024-06-13T0000,3576A,118.1562,39.8322,唐山市,丰润区政府,颗粒物(PM10),70,89,82,47,34,119,,252,185,22,24,10,5,2.6,0.8
2024-06-13T0000,3577A,118.43673,39.73809,唐山市,金山小学,颗粒物(PM10),52,54,71,27,26,139,,246,188,13,15,21,11,0.7,0.9
2024-06-13T0000,3578A,118.24498,39.66941,唐山市,政府服务中心,颗粒物(PM10),69,87,105,36,40,118,,,,19,24,17,13,1.2,0.9
2024-06-13T0000,3692A,118.2059,39.6585,唐山市,消防缸窑路中队,颗粒物(PM10),59,68,70,32,27,128,,257,191,16,18,18,9,1.6,0.8
2024-06-13T0000,3693A,118.1436,39.6202,唐山市,路南电大,颗粒物(PM10),63,76,68,38,33,112,,247,183,14,16,10,6,1.7,0.8
2024-06-13T0000,1015A,117.1444,39.1661,天津市,勤俭道,颗粒物(PM10),89,127,77,63,34,149,,268,226,18,20,8,8,0.7,0.6
2024-06-13T0000,1017A,117.237,39.1082,天津市,大直沽八号路,细颗粒物(PM2.5),89,116,85,66,38,128,,238,196,22,25,8,10,0.7,0.6
2024-06-13T0000,1018A,117.202,39.0927,天津市,前进道,颗粒物(PM10),82,113,81,57,32,138,,252,210,25,25,8,10,0.9,0.8
2024-06-13T0000,1019A,117.1837,39.2133,天津市,淮河道,颗粒物(PM10),100,149,89,71,36,155,,269,222,16,24,13,10,1.0,0.8
2024-06-13T0000,1021A,117.307,39.0877,天津市,跃进路,颗粒物(PM10),80,110,82,58,31,139,,272,220,22,26,8,9,0.8,0.7
2024-06-13T0000,1023A,117.707,39.0343,天津市,第四大街,颗粒物(PM10),69,88,81,44,32,124,,222,173,24,37,2,3,0.6,0.6
2024-06-13T0000,1024A,117.457,38.8394,天津市,永明路,颗粒物(PM10),68,86,74,47,33,135,,240,197,20,19,4,7,0.7,0.6
2024-06-13T0000,1026A,117.764,39.1587,天津市,汉北路,颗粒物(PM10),61,71,68,39,30,105,,192,166,24,22,11,9,1.2,0.7
2024-06-13T0000,1027A,117.157,38.9194,天津市,团泊洼,颗粒物(PM10),66,81,68,47,30,131,,267,202,21,22,4,7,0.9,0.8
2024-06-13T0000,2858A,117.7918,39.2474,天津市,河西一经路,细颗粒物(PM2.5),73,65,58,53,34,122,,266,204,10,13,6,8,0.4,0.6
2024-06-13T0000,2859A,117.3747,38.9846,天津市,津沽路,颗粒物(PM10),78,105,82,56,34,125,,259,207,29,21,10,9,0.8,0.5
2024-06-13T0000,2860A,117.1589,39.0845,天津市,宾水西道,颗粒物(PM10),78,106,76,40,32,138,,247,211,28,20,5,7,0.8,0.7
2024-06-13T0000,2922A,117.1941,39.1067,天津市,大理道,细颗粒物(PM2.5),75,98,68,55,29,138,,242,208,21,21,4,5,0.7,0.6
2024-06-13T0000,3020A,117.2101,39.1699,天津市,中山北路,细颗粒物(PM2.5),108,154,87,81,37,151,,269,224,19,25,10,11,0.8,0.7
2024-06-13T0000,3051A,117.3876,39.1488,天津市,西四道,颗粒物(PM10),88,126,80,58,31,130,,270,210,22,30,4,6,1.1,0.7
2024-06-13T0000,3325A,117.0365,39.3828,天津市,雍阳西道,颗粒物(PM10),83,115,77,60,32,180,,273,241,14,20,6,6,0.8,0.5
2024-06-13T0000,3326A,117.0296,39.0605,天津市,辛老路,颗粒物(PM10),78,106,84,42,33,158,,271,243,25,25,4,6,0.9,0.6
2024-06-13T0000,3327A,116.9638,38.9375,天津市,地纬路,"颗粒物(PM10),细颗粒物(PM2.5)",82,114,90,60,36,143,,265,216,22,21,4,6,0.8,0.6
2024-06-13T0000,3460A,117.4067,40.0583,天津市,北环路,臭氧1小时,88,90,61,31,21,190,,268,248,17,18,13,11,0.8,0.5
2024-06-13T0000,3461A,117.3045,39.7169,天津市,建设路,臭氧1小时,72,78,78,41,33,177,,284,258,25,27,14,12,1.0,0.8
2024-06-13T0000,3462A,117.8199,39.3521,天津市,滨水东路,颗粒物(PM10),74,97,75,48,31,108,,269,207,22,24,5,7,1.3,0.9
2024-06-13T0000,2649A,106.0055,34.343,天水市,麦积山,,,,,,,,,,,,,,,,
2024-06-13T0000,2650A,105.7205,34.5786,天水市,公园小学,,48,45,39,33,16,55,,148,98,28,19,7,9,0.4,0.5
2024-06-13T0000,2651A,105.8945,34.5538,天水市,麦积国土局,,47,47,42,30,19,51,,134,89,32,18,7,7,0.6,0.5
2024-06-13T0000,2216A,123.8139,42.3022,铁岭市,汇工街西,,38,38,54,16,22,77,,222,175,29,19,14,13,0.9,0.8
2024-06-13T0000,2217A,123.8649,42.2923,铁岭市,水上乐园,,35,35,43,19,23,83,,217,172,32,22,11,11,0.8,0.8
2024-06-13T0000,2218A,123.8486,42.2867,铁岭市,银州路东段,,39,39,50,20,27,87,,213,170,26,20,7,7,0.7,0.6
2024-06-13T0000,2219A,123.7153,42.2217,铁岭市,金沙江路北,颗粒物(PM10),52,54,46,24,25,76,,207,154,31,25,8,7,0.9,0.9
2024-06-13T0000,2229A,125.9358,41.7173,通化市,光明,,21,21,19,9,9,18,,124,58,10,10,7,6,0.4,0.4
2024-06-13T0000,2230A,125.9446,41.7325,通化市,铁路,,26,26,15,13,9,19,,123,56,13,10,8,8,0.4,0.4
2024-06-13T0000,2191A,122.2532,43.6801,通辽市,艺术职业学校,,39,39,31,17,29,114,,149,130,13,8,6,6,0.2,0.2
2024-06-13T0000,3706A,122.2584,43.6333,通辽市,老干部活动中心,,36,36,31,23,17,104,,115,104,20,16,7,7,0.1,0.1
2024-06-13T0000,3708A,122.2922,43.6189,通辽市,东方明珠社区,,43,33,36,30,23,105,,129,111,17,13,12,10,0.3,0.2
2024-06-13T0000,1922A,109.0656,35.0994,铜川市,党校,,,,,,,,,,,,,,,,
2024-06-13T0000,1923A,109.0697,35.0697,铜川市,王益区政府,颗粒物(PM10),55,59,56,19,17,64,,214,147,37,25,6,6,0.5,0.5
2024-06-13T0000,1924A,108.9344,34.9058,铜川市,新区管委会,颗粒物(PM10),53,56,52,26,20,115,,214,157,18,21,9,9,0.4,0.4
2024-06-13T0000,3651A,108.9543,34.8732,铜川市,旺旺集团,颗粒物(PM10),55,59,52,31,22,102,,220,161,25,21,6,7,0.5,0.4
2024-06-13T0000,2285A,117.8177,30.9412,铜陵市,市第四中学,颗粒物(PM10),53,55,38,20,15,77,,162,126,19,14,10,12,0.7,0.7
2024-06-13T0000,2286A,117.8059,30.9273,铜陵市,市公路局,,42,41,39,29,20,76,,162,129,19,12,7,8,0.7,0.7
2024-06-13T0000,2287A,117.7807,30.9413,铜陵市,市新民污水厂,,45,45,35,25,22,57,,167,100,40,36,45,18,0.7,0.6
2024-06-13T0000,2288A,117.7439,30.8792,铜陵市,市第九中学,颗粒物(PM10),53,56,46,25,20,40,,149,88,42,34,7,6,0.7,0.7
2024-06-13T0000,2289A,117.846,30.9413,铜陵市,车站新区,颗粒物(PM10),51,51,39,34,21,56,,171,127,35,16,6,9,0.5,0.5
2024-06-13T0000,2290A,117.8483,30.97,铜陵市,市职教基地,,49,49,34,25,19,53,,166,117,33,19,9,8,0.9,0.6
2024-06-13T0000,2585A,109.1839,27.7344,铜仁市,铜仁卫校,,12,12,11,6,7,18,,64,36,14,10,2,1,0.3,0.3
2024-06-13T0000,2586A,109.1753,27.6944,铜仁市,铜仁七中,,13,13,12,6,6,27,,58,40,6,5,4,4,0.3,0.3
2024-06-13T0000,2686A,89.1904,42.9418,吐鲁番市,市环保局,,47,47,63,11,19,120,,128,127,15,14,6,6,0.3,0.4
2024-06-13T0000,2687A,89.1673,42.9559,吐鲁番市,地区环保局,,40,40,64,13,21,113,,126,122,16,18,6,6,0.3,0.3
2024-06-13T0000,1662A,122.1214,37.4236,威海市,华夏技校,,25,6,14,3,4,80,,109,80,3,8,4,5,0.1,0.1
2024-06-13T0000,1663A,122.0508,37.5236,威海市,山大分校,,26,,12,3,4,81,,122,85,3,7,5,5,0.3,0.3
2024-06-13T0000,1664A,122.1067,37.5072,威海市,市监测站,,24,7,23,3,8,76,,114,79,1,6,3,3,0.3,0.3
2024-06-13T0000,1982A,122.0693,37.2174,威海市,文登开发区,,26,8,12,3,4,83,,108,80,2,4,5,5,0.6,0.6
2024-06-13T0000,3505A,122.1379,37.3414,威海市,临港区管委会,,26,6,16,3,4,83,,114,82,3,7,6,6,0.4,0.4
2024-06-13T0000,1650A,119.1437,36.7023,潍坊市,环保局,,26,24,61,18,27,68,,190,115,11,15,11,12,0.6,0.7
2024-06-13T0000,2877A,119.1641,36.6523,潍坊市,坊子邮政,,29,29,63,12,24,69,,195,118,14,15,9,9,0.5,0.5
2024-06-13T0000,3178A,119.0587,36.721,潍坊市,潍坊七中,,27,27,60,15,22,64,,190,115,12,13,8,8,0.5,0.6
2024-06-13T0000,3368A,119.1977,36.6872,潍坊市,高新实验学校,,41,41,67,14,22,62,,185,112,16,15,13,11,0.4,0.5
2024-06-13T0000,3416A,119.1755,36.7149,潍坊市,潍坊学院,,27,27,71,10,23,65,,179,110,17,18,9,8,0.8,0.9
2024-06-13T0000,3861A,119.2041,36.7699,潍坊市,寒亭区实验一小,,,22,61,19,23,,,186,127,26,17,11,10,0.4,0.6
2024-06-13T0000,1938A,109.5293,34.5101,渭南市,农科所,,,,,,,,,,,,,,,,
2024-06-13T0000,1939A,109.4974,34.4877,渭南市,日报社,颗粒物(PM10),56,61,58,26,27,94,,196,,50,41,6,10,0.5,0.5
2024-06-13T0000,1940A,109.4636,34.493,渭南市,体育馆,,46,46,60,17,18,132,,219,162,29,33,9,19,0.3,0.4
2024-06-13T0000,1941A,109.4259,34.5023,渭南市,高新一小,,34,30,71,22,24,108,,187,,30,33,7,8,0.6,0.5
2024-06-13T0000,1242A,120.634,28.0089,温州市,瓯海,,26,22,27,18,23,25,,38,22,34,41,4,4,0.6,0.7
2024-06-13T0000,1243A,120.6748,27.9939,温州市,南浦,,22,22,28,15,22,43,,45,30,18,32,4,4,0.6,0.7
2024-06-13T0000,1244A,120.76,27.9747,温州市,龙湾,,22,22,32,14,19,22,,41,25,43,52,5,5,0.6,0.7
2024-06-13T0000,1245A,120.6709,28.0167,温州市,市站,,36,36,39,23,27,10,,34,24,51,44,6,6,0.8,0.8
2024-06-13T0000,3561A,120.6985,27.9251,温州市,茶山,,32,30,27,22,19,14,,43,23,42,37,4,4,0.6,0.7
2024-06-13T0000,2610A,104.2533,23.3594,文山壮族苗族自治州,州水务局,,,9,14,,10,29,,50,40,7,6,6,7,0.2,0.2
2024-06-13T0000,2611A,104.2319,23.3892,文山壮族苗族自治州,市便民服务中心,,15,15,16,9,8,30,,51,39,10,9,6,6,0.2,0.2
2024-06-13T0000,2187A,106.8174,39.6973,乌海市,市林业局,颗粒物(PM10),65,80,71,19,22,47,,142,108,55,31,27,22,1.0,0.8
2024-06-13T0000,2188A,106.7907,39.6667,乌海市,中海勃湾学校,颗粒物(PM10),61,71,75,32,26,25,,149,106,86,40,24,29,0.9,0.8
2024-06-13T0000,3284A,106.813,39.7274,乌海市,海北新区,颗粒物(PM10),87,124,96,28,22,44,,147,107,54,39,31,23,0.6,0.6
2024-06-13T0000,3621A,106.8288,39.6778,乌海市,聚英学校,颗粒物(PM10),81,111,93,28,27,47,,149,104,68,33,49,30,1.4,0.9
2024-06-13T0000,2197A,113.1306,40.9923,乌兰察布市,集宁新区,,40,40,41,25,22,101,,169,144,22,18,3,3,0.6,0.3
2024-06-13T0000,3034A,113.1076,41.0385,乌兰察布市,光明街小学,,,,48,,22,,,168,,,23,,8,,0.3
2024-06-13T0000,3285A,113.1376,40.9509,乌兰察布市,北京八中,,46,46,54,21,19,92,,174,145,26,21,12,12,0.8,0.5
2024-06-13T0000,3421A,113.1775,40.9779,乌兰察布市,市委党校,,36,36,39,14,14,102,,175,147,19,20,10,8,0.7,0.5
2024-06-13T0000,1490A,87.5801,43.8303,乌鲁木齐市,监测站,,36,31,29,8,9,113,,130,122,15,17,5,4,0.2,0.2
2024-06-13T0000,1491A,87.6046,43.768,乌鲁木齐市,收费所,,36,27,33,10,10,115,,124,119,5,20,9,9,0.3,0.4
2024-06-13T0000,1492A,87.4754,43.9469,乌鲁木齐市,新疆农科院农场,,32,28,38,11,13,100,,120,113,11,16,10,10,0.6,0.6
2024-06-13T0000,1493A,87.5525,43.8711,乌鲁木齐市,铁路局,,43,43,31,13,9,113,,130,121,10,15,2,3,0.2,0.2
2024-06-13T0000,1494A,87.6432,43.831,乌鲁木齐市,三十一中学,,32,32,32,15,12,102,,117,110,7,9,6,6,0.2,0.2
2024-06-13T0000,1496A,87.7216,44.1747,乌鲁木齐市,米东区环保局,颗粒物(PM10),58,66,36,19,12,110,,134,126,7,9,6,7,0.2,0.2
2024-06-13T0000,3033A,87.4651,43.4569,乌鲁木齐市,培训基地,,37,9,15,7,3,118,,134,131,4,4,6,6,0.4,0.3
2024-06-13T0000,3437A,88.3118,43.3658,乌鲁木齐市,达坂城区环保局,,38,15,23,7,6,121,,127,125,4,5,4,4,0.2,0.2
2024-06-13T0000,3438A,87.6162,43.8801,乌鲁木齐市,红光山片区,,36,36,35,24,10,109,,120,115,15,19,7,8,0.2,0.2
2024-06-13T0000,3439A,87.7024,43.8004,乌鲁木齐市,新师大温泉校区,,37,35,28,8,10,118,,139,132,15,14,5,5,0.2,0.2
2024-06-13T0000,3440A,87.4921,43.8411,乌鲁木齐市,大绿谷,,39,38,24,27,11,113,,134,126,9,10,6,6,0.3,0.3
2024-06-13T0000,1188A,120.269,31.4867,无锡市,雪浪,,48,48,29,27,16,47,,158,124,44,16,8,7,1.1,0.6
2024-06-13T0000,1189A,120.275,31.6219,无锡市,黄巷,,,,33,,25,,,137,,,19,,7,,0.7
2024-06-13T0000,1190A,120.294,31.56,无锡市,曹张,细颗粒物(PM2.5),64,,28,46,26,46,,164,122,37,21,4,3,0.9,0.5
2024-06-13T0000,1191A,120.242,31.5031,无锡市,漆塘,,49,48,29,34,22,52,,144,111,32,8,3,1,1.2,0.8
2024-06-13T0000,1192A,120.3489,31.5863,无锡市,东亭,,46,46,39,29,25,40,,188,131,41,25,4,3,0.9,0.7
2024-06-13T0000,1193A,120.354,31.5475,无锡市,旺庄,,41,41,37,27,21,40,,179,125,38,24,6,4,1.0,0.7
2024-06-13T0000,1194A,120.245,31.5631,无锡市,荣巷,,45,41,29,31,20,58,,162,132,32,11,7,6,0.9,0.7
2024-06-13T0000,1195A,120.299,31.6817,无锡市,堰桥,,39,34,34,27,22,67,,188,138,23,21,2,2,1.0,0.9
2024-06-13T0000,3428A,120.3142,31.4753,无锡市,华庄,细颗粒物(PM2.5),57,45,28,40,21,32,,154,108,41,14,8,6,1.1,0.6
2024-06-13T0000,2677A,106.1532,37.9648,吴忠市,教育园区,颗粒物(PM10),61,71,59,21,17,32,,154,103,56,25,10,18,0.5,0.4
2024-06-13T0000,2679A,106.1856,37.9956,吴忠市,新区二泵站,颗粒物(PM10),60,70,60,30,20,21,,154,110,78,27,8,15,0.9,0.5
2024-06-13T0000,3648A,106.2112,37.9768,吴忠市,文卫南街,颗粒物(PM10),57,64,60,28,21,30,,154,112,69,34,8,15,0.6,0.5
2024-06-13T0000,1794A,118.3606,31.3519,芜湖市,监测站,二氧化氮,61,59,40,35,25,2,,175,123,121,29,10,7,0.9,0.7
2024-06-13T0000,1795A,118.3714,31.4134,芜湖市,科创中心,颗粒物(PM10),67,83,46,33,25,33,,181,103,92,38,7,8,0.8,0.7
2024-06-13T0000,1796A,118.3673,31.3131,芜湖市,四水厂,颗粒物(PM10),52,53,39,26,22,59,,185,124,90,27,8,7,0.9,0.8
2024-06-13T0000,3328A,118.4209,31.3707,芜湖市,市气象局,,45,45,40,25,26,49,,175,133,78,23,8,9,0.5,0.5
2024-06-13T0000,3465A,118.4781,31.3225,芜湖市,清苑社区,颗粒物(PM10),51,52,42,34,23,15,,167,95,77,33,7,8,0.8,0.7
2024-06-13T0000,3466A,118.2746,31.2326,芜湖市,扬子职业技术学院,颗粒物(PM10),57,63,39,21,23,77,,176,130,24,15,8,9,0.7,0.7
2024-06-13T0000,2495A,111.3014,23.4832,梧州市,市逸夫小学,,38,38,39,21,15,2,,82,36,38,22,9,8,1.0,0.9
2024-06-13T0000,2496A,111.3239,23.4794,梧州市,市十一中,,32,32,33,20,16,6,,82,37,38,26,6,6,0.8,0.8
2024-06-13T0000,2497A,111.247,23.4189,梧州市,龙圩,,43,43,29,24,15,7,,72,37,32,16,7,6,1.0,0.9
2024-06-13T0000,2498A,111.2711,23.4835,梧州市,龙新,,28,28,28,15,11,0,,75,34,37,21,6,6,0.9,0.9
2024-06-13T0000,2711A,87.5475,44.1756,五家渠市,农水大厦,颗粒物(PM10),65,79,45,13,13,104,,124,116,6,11,5,5,0.2,0.2
2024-06-13T0000,3441A,87.546,44.1912,五家渠市,经开区管委会,颗粒物(PM10),64,77,37,11,13,106,,130,123,6,9,5,6,0.2,0.3
2024-06-13T0000,1325A,114.3677,30.5584,武汉市,东湖梨园,,32,28,27,22,18,83,,183,138,18,14,6,6,0.7,0.7
2024-06-13T0000,1326A,114.2529,30.558,武汉市,汉阳月湖,,44,44,27,17,16,35,,164,119,59,21,6,7,0.6,0.4
2024-06-13T0000,1327A,114.282,30.6189,武汉市,汉口花桥,,39,35,33,27,19,63,,162,126,50,19,7,7,0.6,0.4
2024-06-13T0000,1328A,114.3025,30.5332,武汉市,武昌紫阳,,39,39,33,17,17,75,,178,125,44,26,6,6,0.9,0.7
2024-06-13T0000,1329A,114.3646,30.6217,武汉市,青山钢花,,45,40,32,31,24,76,,189,143,40,19,8,8,0.8,0.7
2024-06-13T0000,1330A,114.1566,30.4825,武汉市,沌口新区,,45,45,36,29,25,60,,152,108,50,30,7,7,0.6,0.6
2024-06-13T0000,1331A,114.3014,30.5944,武汉市,汉口江滩,,,,31,,20,,,148,,,45,,7,,0.6
2024-06-13T0000,1333A,114.135,30.6319,武汉市,吴家山,,42,42,27,27,16,69,,131,106,46,20,7,7,0.6,0.6
2024-06-13T0000,1334A,113.8454,30.2917,武汉市,沉湖七壕,,34,34,23,16,15,99,,125,116,22,12,5,5,0.4,0.4
2024-06-13T0000,3153A,114.3877,30.4908,武汉市,民族大道182号,,34,34,31,17,18,59,,175,127,55,18,5,6,0.5,0.5
2024-06-13T0000,2652A,102.6201,37.9251,武威市,监测站,,46,46,38,15,13,88,,150,128,17,15,8,7,0.3,0.4
2024-06-13T0000,3201A,102.6486,37.9325,武威市,东关招商场,颗粒物(PM10),56,62,38,19,16,96,,150,134,16,15,4,5,0.3,0.4
2024-06-13T0000,1462A,108.882,34.2749,西安市,高压开关厂,颗粒物(PM10),66,82,68,21,20,20,,211,113,82,54,5,6,0.8,0.5
2024-06-13T0000,1463A,108.993,34.2629,西安市,兴庆小区,,49,49,50,20,18,76,,242,150,34,33,5,5,0.5,0.5
2024-06-13T0000,1464A,109.06,34.2572,西安市,纺织城,颗粒物(PM10),68,85,67,28,23,18,,215,82,74,50,6,6,0.5,0.5
2024-06-13T0000,1465A,108.9356,34.2173,西安市,小寨,颗粒物(PM10),54,58,49,27,19,32,,229,124,70,41,6,7,0.7,0.6
2024-06-13T0000,1466A,108.954,34.2713,西安市,市人民体育场,颗粒物(PM10),60,70,55,35,26,39,,204,115,61,44,5,6,0.7,0.5
2024-06-13T0000,1467A,108.8922,34.2322,西安市,高新西区,颗粒物(PM10),72,93,60,41,25,6,,193,91,109,51,4,4,1.1,0.7
2024-06-13T0000,1468A,108.935,34.3474,西安市,经开区,颗粒物(PM10),66,81,60,24,18,18,,217,124,86,42,6,6,0.9,0.5
2024-06-13T0000,1469A,108.906,34.1546,西安市,长安区,颗粒物(PM10),61,72,56,16,19,26,,217,103,54,31,4,4,0.6,0.5
2024-06-13T0000,1471A,109.2186,34.3731,西安市,临潼区,,45,45,53,20,20,63,,224,145,47,28,7,8,0.6,0.4
2024-06-13T0000,1472A,108.869,34.378,西安市,草滩,颗粒物(PM10),72,94,60,18,11,6,,196,109,92,42,2,2,0.6,0.4
2024-06-13T0000,1473A,108.985,34.1978,西安市,曲江文化产业集团,颗粒物(PM10),56,61,52,21,18,36,,222,110,70,46,4,4,0.7,0.6
2024-06-13T0000,1474A,109.051,34.3213,西安市,广运潭,颗粒物(PM10),57,64,53,16,19,83,,242,143,42,37,6,6,0.5,0.5
2024-06-13T0000,3524A,108.6116,34.1164,西安市,文体局,,49,49,42,7,11,67,,191,116,24,24,5,6,0.3,0.3
2024-06-13T0000,3605A,109.09,34.5236,西安市,无线电监控中心,颗粒物(PM10),69,87,72,25,23,50,,250,164,78,35,6,6,0.5,0.4
2024-06-13T0000,1483A,101.524,36.6867,西宁市,第五水厂,,,,,,,,,,,,,,,,
2024-06-13T0000,3055A,101.7775,36.6428,西宁市,城北区政府,,28,,36,19,25,83,,138,120,7,18,6,15,0.5,0.8
2024-06-13T0000,3629A,101.8305,36.5786,西宁市,世纪职校,,29,23,35,20,21,78,,135,110,24,25,7,17,0.5,1
2024-06-13T0000,3630A,101.7413,36.6397,西宁市,师大城西校区,,31,31,40,20,23,81,,138,112,24,20,5,15,0.6,1.5
2024-06-13T0000,2612A,100.7939,22.0019,西双版纳傣族自治州,景洪市江南,,24,24,15,11,8,12,,48,32,17,8,8,8,0.6,0.4
2024-06-13T0000,2613A,100.8017,22.0225,西双版纳傣族自治州,景洪市江北,,25,17,24,17,14,9,,48,25,15,9,9,9,0.6,0.5
2024-06-13T0000,3606A,108.7108,34.46,西咸新区,北杜,颗粒物(PM10),79,108,67,23,19,34,,195,109,51,36,4,4,0.7,0.5
2024-06-13T0000,3607A,108.7096,34.2956,西咸新区,同德佳苑,颗粒物(PM10),53,55,53,27,17,33,,198,132,65,36,5,6,0.5,0.4
2024-06-13T0000,3608A,108.8558,34.4978,西咸新区,崇文塔,颗粒物(PM10),60,69,57,13,18,50,,208,125,72,38,4,4,0.6,0.5
2024-06-13T0000,2202A,116.1042,43.9317,锡林郭勒盟,市环保监测站,,28,28,37,3,7,75,,107,84,8,10,11,10,0.2,0.2
2024-06-13T0000,2203A,116.0781,43.9311,锡林郭勒盟,市政府,,30,30,36,3,14,76,,118,88,5,11,7,7,0.2,0.2
2024-06-13T0000,1286A,118.1608,24.8169,厦门市,溪东,,,,,,,,,,,,,,,,
2024-06-13T0000,1287A,118.1514,24.4767,厦门市,洪文,,29,29,25,14,12,18,,43,26,6,3,2,2,0.2,0.2
2024-06-13T0000,1288A,118.0661,24.4444,厦门市,鼓浪屿,,27,27,26,13,13,21,,53,28,12,10,2,3,0.3,0.3
2024-06-13T0000,2842A,118.0936,24.5058,厦门市,湖里中学,,30,30,29,13,14,10,,50,17,14,18,1,2,0.2,0.2
2024-06-13T0000,3527A,118.0958,24.5688,厦门市,集美中学,,37,37,27,23,12,8,,52,25,39,17,1,2,0.8,0.6
2024-06-13T0000,3528A,118.1493,24.7245,厦门市,同安二实小,,10,10,20,3,11,22,,50,33,4,14,1,2,0.3,0.3
2024-06-13T0000,2447A,114.3175,29.8142,咸宁市,森林公园,,32,23,24,18,15,101,,116,106,3,4,8,8,0.5,0.6
2024-06-13T0000,2448A,114.3107,29.8454,咸宁市,市发改委,,37,37,31,18,21,35,,131,90,17,9,7,7,0.8,0.9
2024-06-13T0000,2449A,114.2936,29.8566,咸宁市,咸安区政府,,38,,29,26,23,63,,134,101,9,10,6,6,0.7,0.8
2024-06-13T0000,3655A,114.3375,29.8683,咸宁市,长江产业园,,45,45,37,18,19,20,,145,77,28,23,6,7,0.9,0.9
2024-06-13T0000,1918A,108.7197,34.3956,咸阳市,气象站,,,,,,,,,,,,,,,,
2024-06-13T0000,1919A,108.673,34.3155,咸阳市,实验中学,颗粒物(PM10),57,64,58,22,19,23,,200,126,79,41,5,6,0.7,0.6
2024-06-13T0000,1920A,108.7233,34.3617,咸阳市,师范学院,颗粒物(PM10),71,92,72,31,24,38,,212,131,53,45,6,5,0.5,0.5
2024-06-13T0000,3165A,108.6594,34.2969,咸阳市,两寺渡,颗粒物(PM10),53,56,53,20,18,28,,184,118,62,37,3,3,0.4,0.4
2024-06-13T0000,3525A,108.6396,34.4078,咸阳市,奥体中心,颗粒物(PM10),61,72,62,31,22,28,,191,108,55,38,1,2,0.5,0.4
2024-06-13T0000,1508A,112.9433,27.8614,湘潭市,板塘,,15,15,17,7,10,14,,62,44,18,17,9,8,0.7,0.6
2024-06-13T0000,1511A,112.9118,27.8403,湘潭市,市监测站,,19,,15,13,16,26,,58,43,12,13,7,5,1.0,0.9
2024-06-13T0000,1512A,112.8937,27.8728,湘潭市,江麓,,16,15,24,11,6,24,,64,46,24,27,8,7,0.6,0.6
2024-06-13T0000,1513A,112.9227,27.8159,湘潭市,岳塘,,23,23,28,13,13,20,,51,39,12,14,6,4,0.9,0.8
2024-06-13T0000,1514A,112.9074,27.9119,湘潭市,科大,,18,18,26,11,16,17,,62,45,18,17,5,6,0.8,0.9
2024-06-13T0000,1562A,113.0048,27.9153,湘潭市,昭山,,15,14,19,10,11,20,,66,49,16,12,5,5,0.8,0.9
2024-06-13T0000,1564A,112.4876,27.9164,湘潭市,韶山,,18,18,16,3,6,23,,48,32,9,8,5,5,0.5,0.4
2024-06-13T0000,2492A,109.6414,28.2558,湘西土家族苗族自治州,跃进水库,,15,14,15,10,10,3,,42,18,3,2,4,4,0.8,0.7
2024-06-13T0000,2493A,109.7325,28.3169,湘西土家族苗族自治州,州政府,,29,29,22,14,15,4,,82,42,9,5,7,8,0.7,0.7
2024-06-13T0000,2494A,109.6958,28.2675,湘西土家族苗族自治州,吉首市计生局,,25,25,20,14,15,11,,82,45,13,9,8,8,0.5,0.4
2024-06-13T0000,2432A,112.155,32.0197,襄阳市,襄城运动路,细颗粒物(PM2.5),57,,49,40,26,112,,142,130,14,13,10,9,0.6,0.7
2024-06-13T0000,2433A,112.1392,32.0564,襄阳市,樊城新华路,,44,44,43,25,28,102,,135,121,14,12,10,9,0.6,0.7
2024-06-13T0000,2434A,112.1825,32.1142,襄阳市,高新管委会,,42,42,45,20,31,115,,151,131,11,11,6,8,0.7,0.7
2024-06-13T0000,2435A,112.2106,32.0903,襄阳市,襄州航空路,,39,34,40,25,30,124,,141,127,8,7,8,8,0.7,0.8
2024-06-13T0000,3396A,112.0828,32.0067,襄阳市,襄城隆中路,,36,31,39,20,29,114,,146,134,10,8,9,11,0.6,0.5
2024-06-13T0000,3397A,112.1214,32.1008,襄阳市,高新台子湾,,45,45,44,16,25,114,,155,134,12,13,7,7,0.7,0.8
2024-06-13T0000,2443A,113.9153,30.9285,孝感市,文化路,,,24,26,21,20,94,,124,114,,3,9,9,0.8,0.9
2024-06-13T0000,2444A,113.942,30.9075,孝感市,东城区,,30,18,21,11,17,96,,124,116,8,5,10,10,0.7,0.7
2024-06-13T0000,2181A,112.7383,38.4519,忻州市,开发区,,40,40,61,22,28,96,,160,131,25,36,7,11,0.4,0.5
2024-06-13T0000,2182A,112.7003,38.4928,忻州市,会展中心,,43,41,69,30,30,67,,147,111,35,37,4,7,0.3,0.4
2024-06-13T0000,3208A,112.7283,38.4153,忻州市,市政府,,35,35,61,13,25,90,,176,137,28,30,6,12,0.5,0.5
2024-06-13T0000,2389A,113.836,35.311,新乡市,环保西院,颗粒物(PM10),65,79,80,38,29,83,,240,162,42,24,13,13,0.4,0.3
2024-06-13T0000,2390A,113.884,35.272,新乡市,开发区,颗粒物(PM10),59,68,79,39,28,102,,250,178,28,18,11,13,0.6,0.6
2024-06-13T0000,2391A,113.883,35.303,新乡市,环保东院,颗粒物(PM10),64,78,80,37,31,95,,240,171,35,19,11,12,0.6,0.5
2024-06-13T0000,3054A,113.9194,35.2847,新乡市,市委党校,颗粒物(PM10),76,102,82,37,29,108,,255,184,32,23,9,9,0.8,0.8
2024-06-13T0000,3475A,113.9188,35.3045,新乡市,市政府,颗粒物(PM10),62,74,76,28,23,113,,256,191,30,20,7,9,0.4,0.4
2024-06-13T0000,3476A,113.9135,35.3327,新乡市,河师大,颗粒物(PM10),79,107,92,34,34,110,,260,196,36,26,9,11,0.5,0.5
2024-06-13T0000,3689A,113.9003,35.372,新乡市,行政服务中心,颗粒物(PM10),74,97,78,28,34,60,,232,153,60,33,11,12,0.4,0.4
2024-06-13T0000,2352A,115.0861,27.9317,新余市,北岗,,,,,,,,,,,,,,,,
2024-06-13T0000,2353A,114.9886,27.8431,新余市,飞宇,,32,32,28,17,13,30,,53,46,15,14,3,3,0.8,0.9
2024-06-13T0000,2354A,114.9231,27.8246,新余市,第二水厂,,39,30,26,27,13,31,,62,54,19,11,8,7,1.3,0.7
2024-06-13T0000,2355A,114.9308,27.8036,新余市,市气象局,,34,34,27,21,15,45,,61,58,18,15,4,4,1.1,1
2024-06-13T0000,3206A,114.9149,27.807,新余市,新钢沁园村,,26,26,23,8,8,44,,59,54,9,10,6,6,0.8,0.6
2024-06-13T0000,2054A,114.1099,32.1059,信阳市,平桥分局,,38,28,35,21,24,119,,145,137,7,6,6,6,0.5,0.5
2024-06-13T0000,2064A,113.9956,32.1271,信阳市,南湾水厂,,43,43,42,26,21,106,,139,131,4,3,4,4,0.5,0.6
2024-06-13T0000,2065A,114.0775,32.1195,信阳市,市酿酒公司,,36,31,30,25,22,107,,135,126,7,6,6,6,0.6,0.6
2024-06-13T0000,2066A,114.0609,32.1399,信阳市,审计局,,47,47,35,22,23,118,,144,136,4,4,6,6,0.5,0.6
2024-06-13T0000,2200A,122.0392,46.0656,兴安盟,胜华新制药厂,,25,25,29,17,17,65,,98,81,12,12,4,3,0.6,0.4
2024-06-13T0000,2201A,121.9504,46.0741,兴安盟,科右前旗环保局,,38,34,29,26,24,73,,113,86,9,10,5,3,1.9,0.4
2024-06-13T0000,3035A,122.0931,46.0707,兴安盟,北滨河,,35,25,29,24,20,64,,101,80,8,9,2,4,0.3,0.3
2024-06-13T0000,1077A,114.4704,37.0886,邢台市,达活泉,颗粒物(PM10),66,81,60,22,18,69,,232,163,46,18,17,9,1.2,0.6
2024-06-13T0000,1078A,114.5062,37.0349,邢台市,邢师高专,颗粒物(PM10),73,96,66,26,22,35,,216,130,81,35,19,12,1.4,1.1
2024-06-13T0000,1079A,114.5237,37.0851,邢台市,路桥公司,颗粒物(PM10),68,85,59,31,18,61,,241,171,59,31,17,10,1.5,1
2024-06-13T0000,1080A,114.4725,37.0719,邢台市,市环保局,颗粒物(PM10),80,109,62,25,20,59,,235,160,57,18,20,8,0.9,0.4
2024-06-13T0000,3584A,115.8844,39.0341,雄安新区,容城县环境保护局,颗粒物(PM10),95,140,108,44,28,179,,257,214,24,23,9,8,0.8,0.5
2024-06-13T0000,3585A,115.8665,39.0645,雄安新区,河北容城中学,颗粒物(PM10),107,164,128,58,38,188,,254,221,23,22,9,8,0.7,0.4
2024-06-13T0000,3586A,115.923,38.9405,雄安新区,安新县民政局,颗粒物(PM10),104,158,110,68,37,172,,247,216,25,16,6,5,0.8,0.4
2024-06-13T0000,3587A,115.9324,38.9338,雄安新区,安新县电力局,颗粒物(PM10),112,174,125,59,32,185,,262,226,25,17,9,9,0.5,0.3
2024-06-13T0000,3588A,116.0901,38.9816,雄安新区,雄县环境保护局,颗粒物(PM10),136,222,103,51,26,173,,252,229,27,19,9,7,0.9,0.6
2024-06-13T0000,3589A,116.1105,39.0046,雄安新区,雄县国土资源局,颗粒物(PM10),97,144,105,44,26,171,,249,225,23,17,8,7,0.8,0.5
2024-06-13T0000,1177A,117.179,34.2761,徐州市,黄河新村,颗粒物(PM10),209,356,113,51,29,157,,209,191,18,16,8,8,0.6,0.5
2024-06-13T0000,1178A,117.1918,34.2384,徐州市,淮塔,颗粒物(PM10),188,325,111,43,26,143,,192,175,18,17,9,9,0.6,0.6
2024-06-13T0000,1180A,117.256,34.2153,徐州市,新城区,颗粒物(PM10),213,359,123,54,28,143,,198,182,22,17,8,7,0.5,0.4
2024-06-13T0000,1181A,117.244,34.2911,徐州市,桃园路,颗粒物(PM10),144,237,109,46,27,137,,194,176,14,13,9,9,0.6,0.6
2024-06-13T0000,1182A,117.2933,34.2778,徐州市,农科院,颗粒物(PM10),155,259,118,38,26,144,,207,188,18,16,7,6,0.6,0.6
2024-06-13T0000,3005A,117.1814,34.29,徐州市,鼓楼区政府,颗粒物(PM10),152,254,90,43,30,154,,208,189,10,9,7,7,0.6,0.5
2024-06-13T0000,3006A,117.1694,34.1781,徐州市,铜山区招生办,颗粒物(PM10),286,410,98,45,22,157,,206,189,22,16,7,7,0.6,0.5
2024-06-13T0000,3288A,117.4754,34.4422,徐州市,大泉街道,颗粒物(PM10),106,162,93,27,27,138,,216,192,18,16,10,9,0.5,0.5
2024-06-13T0000,2396A,113.8276,34.0159,许昌市,监测站,,,,69,,12,,,176,,,20,,5,,0.5
2024-06-13T0000,2398A,113.7906,33.9953,许昌市,开发区,颗粒物(PM10),63,75,65,28,26,102,,194,154,23,19,6,6,0.5,0.5
2024-06-13T0000,3134A,113.8172,34.0339,许昌市,市一中,颗粒物(PM10),70,89,61,34,27,106,,188,161,19,17,2,3,0.3,0.3
2024-06-13T0000,3337A,113.8614,34.0442,许昌市,许昌学院,颗粒物(PM10),66,81,58,30,28,111,,202,168,17,14,4,5,0.5,0.5
2024-06-13T0000,3338A,113.843,34.0823,许昌市,芙蓉广场,颗粒物(PM10),70,90,61,36,38,121,,204,174,19,18,8,9,0.4,0.4
2024-06-13T0000,3597A,113.8134,34.1251,许昌市,建安区兴业大厦,颗粒物(PM10),69,88,62,36,31,112,,197,163,16,17,4,5,0.4,0.4
2024-06-13T0000,2316A,118.7581,30.9454,宣城市,鳌峰子站,,44,44,31,24,16,64,,145,116,20,9,4,4,0.6,0.5
2024-06-13T0000,2317A,118.7385,30.9743,宣城市,敬亭山子站,,40,40,28,26,14,82,,133,112,12,6,4,4,0.7,0.6
2024-06-13T0000,2318A,118.7173,30.9427,宣城市,开发区子站,,46,46,35,31,17,70,,137,108,20,12,4,4,0.5,0.5
2024-06-13T0000,3470A,118.7724,30.9141,宣城市,夏渡子站,,36,35,31,25,16,26,,131,87,22,12,5,5,0.7,0.6
2024-06-13T0000,2554A,103.0475,30.02,雅安市,建安厂,,49,49,49,27,22,41,,152,83,55,37,7,9,0.5,0.4
2024-06-13T0000,2555A,103.0111,29.9833,雅安市,市政府,颗粒物(PM10),72,93,55,24,23,65,,163,113,24,17,8,8,0.3,0.3
2024-06-13T0000,2556A,102.9905,29.9775,雅安市,川农大,,36,36,33,23,22,100,,150,126,13,13,8,9,0.4,0.4
2024-06-13T0000,3700A,103.0456,29.9956,雅安市,康养中心,,,48,34,35,21,,,,,,,6,7,,
2024-06-13T0000,1642A,121.2514,37.5639,烟台市,开发区,,25,6,23,3,5,77,,112,85,1,5,9,9,0.6,0.6
2024-06-13T0000,1643A,121.3719,37.5433,烟台市,轴承厂,,25,12,24,6,8,80,,112,86,4,8,9,9,0.4,0.3
2024-06-13T0000,1644A,121.3181,37.5436,烟台市,西郊化工站,,25,,19,7,7,77,,113,85,2,3,5,6,0.3,0.3
2024-06-13T0000,1645A,121.4478,37.4822,烟台市,莱山环保局,,24,,14,3,4,74,,108,79,1,2,8,8,0.4,0.4
2024-06-13T0000,1646A,121.2611,37.4967,烟台市,福山环保局,,22,9,25,3,4,68,,112,79,6,8,8,9,0.4,0.4
2024-06-13T0000,3057A,121.5992,37.4014,烟台市,牟平检察院,,25,6,22,3,4,78,,106,,3,6,7,8,0.2,0.2
2024-06-13T0000,3366A,121.5206,37.4336,烟台市,中国农业大学,,24,6,20,3,5,76,,109,80,4,7,7,7,0.3,0.3
2024-06-13T0000,1926A,109.4131,36.6275,延安市,枣园,颗粒物(PM10),55,59,35,15,12,30,,163,90,52,26,6,6,0.5,0.5
2024-06-13T0000,1927A,109.4761,36.6028,延安市,延大医附院,颗粒物(PM10),58,66,46,21,21,5,,160,73,80,43,5,4,0.6,0.7
2024-06-13T0000,1929A,109.5056,36.6106,延安市,百米大道,颗粒物(PM10),61,71,49,23,17,11,,153,73,86,41,4,5,0.8,0.6
2024-06-13T0000,3652A,109.4809,36.5786,延安市,西北局旧址,颗粒物(PM10),61,71,49,22,15,8,,152,79,75,37,3,3,0.5,0.4
2024-06-13T0000,2237A,129.47,42.8883,延边朝鲜族自治州,妇幼医院,,19,19,22,12,16,27,,116,65,20,16,5,5,0.6,0.6
2024-06-13T0000,2238A,129.5055,42.9108,延边朝鲜族自治州,延边医院,,26,24,24,18,16,41,,118,80,23,17,8,8,0.6,0.6
2024-06-13T0000,2239A,129.3964,42.8881,延边朝鲜族自治州,朝阳川镇医院,,24,18,20,11,14,7,,122,50,47,26,10,9,0.6,0.6
2024-06-13T0000,1215A,120.118,33.4022,盐城市,盐城电厂,,24,12,32,3,20,76,,122,92,8,9,5,5,0.4,0.6
2024-06-13T0000,1216A,120.156,33.3942,盐城市,市监测站,,25,9,32,3,14,77,,113,86,8,10,4,4,0.7,0.7
2024-06-13T0000,1218A,120.2144,33.38,盐城市,开发区管委会,,24,7,28,3,19,74,,105,86,7,7,7,7,0.6,0.7
2024-06-13T0000,3004A,120.1544,33.3663,盐城市,宝龙广场,,21,12,27,3,12,67,,104,83,6,7,6,6,0.4,0.6
2024-06-13T0000,3293A,120.1501,33.3367,盐城市,月亮广场,,24,9,26,3,19,75,,119,95,7,6,5,5,0.5,0.7
2024-06-13T0000,3436A,120.4279,33.205,盐城市,大丰高级中学,,23,6,14,3,7,71,,89,84,4,5,5,6,0.3,0.3
2024-06-13T0000,1186A,119.389,32.3761,扬州市,邗江监测站,,44,44,57,12,19,73,,234,176,24,27,8,7,0.7,0.7
2024-06-13T0000,2869A,119.447,32.4155,扬州市,五台山医院,,31,31,37,19,24,71,,223,164,20,22,5,6,0.6,0.7
2024-06-13T0000,3164A,119.4686,32.3942,扬州市,广陵建设局,,31,31,39,21,25,71,,226,163,22,27,7,7,0.7,0.7
2024-06-13T0000,3195A,119.3633,32.3972,扬州市,市体育局,,44,44,55,19,22,71,,226,172,21,23,7,6,0.6,0.6
2024-06-13T0000,3294A,119.5653,32.4222,扬州市,引江管理处,,30,30,40,15,23,68,,209,154,21,23,7,7,0.8,0.9
2024-06-13T0000,1699A,111.9797,21.8593,阳江市,鸳鸯湖,,35,24,21,24,14,62,,70,63,3,4,6,6,0.6,0.7
2024-06-13T0000,1701A,111.9491,21.8658,阳江市,马南垌,,25,19,25,17,18,54,,61,52,5,12,4,7,0.4,0.6
2024-06-13T0000,3317A,111.9765,21.8947,阳江市,两阳中学,,35,35,27,10,9,53,,64,56,5,8,6,6,0.7,0.6
2024-06-13T0000,3453A,112.0125,21.8749,阳江市,阳东陶然,,19,15,18,8,10,58,,65,59,3,5,3,3,0.5,0.6
2024-06-13T0000,1738A,113.5758,37.8572,阳泉市,市中心,颗粒物(PM10),127,203,73,27,21,35,,195,136,106,43,11,20,0.8,0.9
2024-06-13T0000,1739A,113.4894,37.8731,阳泉市,赛鱼,颗粒物(PM10),68,86,63,29,26,30,,192,126,105,40,7,9,0.9,0.7
2024-06-13T0000,1740A,113.5819,37.8486,阳泉市,南庄,颗粒物(PM10),82,113,84,36,28,76,,198,156,64,31,12,18,0.8,0.7
2024-06-13T0000,1742A,113.5614,37.8703,阳泉市,平坦,颗粒物(PM10),72,94,67,30,24,55,,199,151,94,35,14,14,0.8,0.7
2024-06-13T0000,1743A,113.5158,37.8392,阳泉市,大阳泉,臭氧1小时,73,43,38,22,19,178,,203,200,14,15,11,12,0.7,0.6
2024-06-13T0000,3619A,113.617,37.8571,阳泉市,龙柱,颗粒物(PM10),80,109,82,25,32,68,,191,130,63,51,48,27,1.1,1
2024-06-13T0000,2252A,128.5159,47.4311,伊春市,环保局,,19,19,18,10,8,26,,72,43,8,7,4,5,0.2,0.2
2024-06-13T0000,2253A,128.9102,47.7412,伊春市,电力嘉园,,27,27,17,13,11,27,,75,39,12,9,6,7,0.2,0.2
2024-06-13T0000,2254A,129.5029,48.471,伊春市,汤旺河国家公园,,11,11,10,6,7,5,,69,33,5,5,4,6,0.4,0.4
2024-06-13T0000,3342A,128.4741,47.4346,伊春市,中心小学,,20,15,15,14,9,23,,79,46,12,5,8,8,0.3,0.3
2024-06-13T0000,3343A,128.6871,47.7369,伊春市,检察院,,34,34,22,8,13,12,,84,41,12,7,8,8,0.5,0.4
2024-06-13T0000,3344A,128.8431,47.8474,伊春市,双子河社区,,16,16,14,3,9,22,,84,42,13,7,6,6,0.2,0.2
2024-06-13T0000,3480A,129.1368,47.6417,伊春市,美溪镇,,21,21,21,3,6,13,,68,30,15,13,7,8,0.4,0.4
2024-06-13T0000,2703A,81.2815,43.9404,伊犁哈萨克自治州,市环保局,,29,29,30,8,12,88,,118,102,18,16,7,7,0.4,0.4
2024-06-13T0000,2704A,81.2996,43.9174,伊犁哈萨克自治州,新政府片区,,27,27,25,12,13,82,,109,96,17,12,8,8,0.5,0.4
2024-06-13T0000,2705A,81.3364,43.941,伊犁哈萨克自治州,第二水厂,,35,35,30,16,12,78,,108,95,20,13,8,8,0.6,0.6
2024-06-13T0000,1882A,104.563,28.793,宜宾市,石马中学,,,,,,,,,,,,,,,,
2024-06-13T0000,1883A,104.6201,28.7728,宜宾市,市委,,33,33,25,19,17,39,,122,97,33,14,7,10,0.6,0.5
2024-06-13T0000,1884A,104.6055,28.793,宜宾市,宜宾四中,,46,46,27,25,18,31,,125,99,54,20,8,13,0.6,0.5
2024-06-13T0000,1885A,104.639,28.7562,宜宾市,市政府,颗粒物(PM10),53,55,32,26,19,28,,123,97,53,18,8,9,0.7,0.5
2024-06-13T0000,1886A,104.5742,28.7199,宜宾市,黄金嘴,,33,33,27,19,17,39,,124,91,26,15,8,8,0.6,0.6
2024-06-13T0000,3728A,104.68,28.8071,宜宾市,白酒学院,,28,28,28,14,17,51,,134,106,33,12,7,8,0.5,0.5
2024-06-13T0000,1840A,111.2992,30.6981,宜昌市,白龙岗,,27,27,26,14,14,68,,139,112,19,16,9,7,0.5,0.5
2024-06-13T0000,1841A,111.3549,30.6465,宜昌市,伍家岗,,32,,24,22,19,64,,136,111,18,16,7,7,0.5,0.4
2024-06-13T0000,1842A,111.2628,30.6961,宜昌市,点军区,,33,33,26,17,14,55,,139,111,24,17,6,5,0.3,0.3
2024-06-13T0000,1843A,111.3275,30.7819,宜昌市,夷陵区,,50,50,27,14,14,68,,135,117,20,13,4,5,0.5,0.4
2024-06-13T0000,3546A,111.4606,30.552,宜昌市,猇亭区张家湾站,,,,31,,15,63,,134,103,15,17,11,9,0.5,0.4
2024-06-13T0000,3653A,111.3119,30.7273,宜昌市,云深路,,36,36,28,21,18,74,,147,124,18,14,8,9,0.5,0.4
2024-06-13T0000,2371A,114.3408,27.8064,宜春市,槟榔水业,,,,,,,,,,,,,,,,
2024-06-13T0000,2373A,114.3956,27.7844,宜春市,市石油公司,,24,24,20,9,10,18,,35,28,15,10,3,4,1.3,0.8
2024-06-13T0000,2374A,114.3703,27.7914,宜春市,市气象局,,31,31,24,14,13,24,,48,38,15,9,5,6,1.8,1.3
2024-06-13T0000,2375A,114.4013,27.8074,宜春市,市广电局,,29,28,27,20,12,32,,41,,14,10,1,1,1.4,0.9
2024-06-13T0000,3151A,114.375,27.8097,宜春市,宜春学院北校区,,29,28,23,20,14,31,,51,39,14,11,4,6,1.0,0.5
2024-06-13T0000,3415A,114.4519,28.0828,宜春市,万载县环保局,,16,7,16,3,8,25,,66,47,32,17,18,24,0.6,0.6
2024-06-13T0000,2467A,112.4067,28.6428,益阳市,甘溪港,,29,,18,20,16,39,,109,80,11,6,9,5,0.5,0.5
2024-06-13T0000,2468A,112.3458,28.5808,益阳市,市环保局,,46,46,44,3,12,47,,121,87,4,6,8,8,0.4,0.4
2024-06-13T0000,2469A,112.3437,28.5531,益阳市,市特殊教育学校,,39,39,43,12,17,44,,119,86,10,9,6,6,0.6,0.6
2024-06-13T0000,2470A,112.3347,28.6047,益阳市,资阳区政务中心,,23,23,29,14,15,37,,110,76,11,9,5,5,0.6,0.6
2024-06-13T0000,2471A,112.3744,28.5819,益阳市,赫山环保分局,,35,35,36,3,11,44,,117,81,6,5,6,6,0.7,0.7
2024-06-13T0000,1484A,105.9512,38.6016,银川市,贺兰山马莲口,,49,49,43,20,16,136,,158,144,3,9,6,6,0.1,0.3
2024-06-13T0000,1488A,106.2328,38.4975,银川市,贺兰山东路,颗粒物(PM10),65,80,61,36,27,64,,160,124,50,38,7,8,0.6,0.5
2024-06-13T0000,1489A,106.1358,38.5036,银川市,学院路,颗粒物(PM10),73,96,77,34,30,38,,157,113,67,37,8,7,0.5,0.5
2024-06-13T0000,2924A,106.2266,38.4418,银川市,水乡路,颗粒物(PM10),60,69,73,21,20,34,,145,110,76,36,8,10,0.7,0.5
2024-06-13T0000,2925A,106.2757,38.4842,银川市,上海东路,,50,50,46,11,16,12,,157,107,99,46,12,11,0.9,0.5
2024-06-13T0000,2926A,106.1015,38.497,银川市,文昌北街,颗粒物(PM10),74,98,59,23,23,15,,146,98,104,45,17,8,0.6,0.5
2024-06-13T0000,3523A,106.5105,38.3856,银川市,滨河新区,颗粒物(PM10),65,80,76,21,19,62,,167,117,45,28,29,48,0.5,0.5
2024-06-13T0000,2357A,116.9822,28.1136,鹰潭市,龙虎山,,,,,,,,,,,,,,,,
2024-06-13T0000,2358A,117.0564,28.2642,鹰潭市,新监测站,,29,29,20,16,10,28,,68,46,16,7,35,15,0.9,0.5
2024-06-13T0000,2359A,117.0311,28.2475,鹰潭市,财苑宾馆,,24,24,17,14,7,35,,63,48,15,8,28,10,0.6,0.4
2024-06-13T0000,2360A,117.0222,28.2264,鹰潭市,体育馆,,39,39,24,24,10,50,,72,52,35,15,27,12,0.9,0.4
2024-06-13T0000,2361A,117.0017,28.2131,鹰潭市,三川水表,,40,40,20,21,6,46,,64,44,45,15,19,10,1.1,0.4
2024-06-13T0000,1597A,122.2703,40.7094,营口市,大庆路,,33,33,35,20,18,94,,151,115,24,19,7,6,0.6,0.7
2024-06-13T0000,1598A,122.2150,40.6511,营口市,镜湖西路,,36,36,38,17,15,102,,153,132,19,14,5,7,0.5,0.6
2024-06-13T0000,1599A,122.1658,40.6789,营口市,西炮台,,33,33,40,16,21,99,,145,126,20,15,5,5,0.4,0.5
2024-06-13T0000,3379A,122.1139,40.2278,营口市,鲅鱼圈市民活动中心,,35,26,32,15,16,110,,163,130,11,13,5,7,0.5,0.5
2024-06-13T0000,3866A,122.2469,40.66302,营口市,三高中,,35,31,36,18,20,112,,165,144,13,8,8,7,0.5,0.6
2024-06-13T0000,4006A,122.3622,40.6762,营口市,老边实验小学,,45,45,37,27,20,70,,171,122,52,24,8,6,1.1,0.5
2024-06-13T0000,2477A,111.6217,26.2081,永州市,零陵南津渡,,25,,23,17,12,44,,45,45,6,6,5,5,0.5,0.5
2024-06-13T0000,2478A,111.6156,26.4214,永州市,市环境监测站,,22,21,18,15,12,40,,56,52,9,7,7,7,0.6,0.7
2024-06-13T0000,2479A,111.6236,26.2331,永州市,零陵区环保局,,31,31,24,17,13,50,,55,53,6,6,7,7,0.5,0.5
2024-06-13T0000,2480A,111.5992,26.4364,永州市,永州市环保局,,22,20,17,15,12,38,,49,46,8,7,6,8,0.6,0.6
2024-06-13T0000,2481A,111.5989,26.4519,永州市,冷水滩区环保局,,28,27,19,19,13,40,,49,,8,7,5,13,0.7,0.9
2024-06-13T0000,2638A,109.7414,38.3344,榆林市,红石峡森林公园,颗粒物(PM10),61,72,64,28,5,56,,169,116,55,30,11,15,0.5,0.5
2024-06-13T0000,2639A,109.7456,38.2911,榆林市,世纪广场,颗粒物(PM10),62,73,55,28,24,62,,160,112,58,43,21,17,0.6,0.5
2024-06-13T0000,2640A,109.7289,38.2839,榆林市,实验中学,颗粒物(PM10),62,74,59,25,20,63,,166,121,54,31,13,15,0.6,0.5
2024-06-13T0000,2641A,109.7336,38.2478,榆林市,环保监测大楼,颗粒物(PM10),56,62,54,24,20,51,,160,115,60,39,9,14,0.7,0.5
2024-06-13T0000,2509A,110.1106,22.7019,玉林市,寒山水库,,27,27,28,11,14,34,,65,44,9,6,6,7,0.6,0.6
2024-06-13T0000,2510A,110.1675,22.6411,玉林市,市监测站,,35,35,26,8,15,37,,74,52,11,6,21,14,0.7,0.5
2024-06-13T0000,2511A,110.1433,22.6164,玉林市,南江一中,,42,42,37,10,13,39,,72,46,12,11,8,10,0.6,0.5
2024-06-13T0000,3532A,110.1945,22.6831,玉林市,玉林师范学院东校区,,24,24,21,8,11,48,,66,51,11,12,13,3,0.5,0.5
2024-06-13T0000,3533A,110.0527,22.5893,玉林市,福绵环保局,,21,21,23,10,14,48,,72,51,8,8,1,3,0.5,0.5
2024-06-13T0000,2675A,97,33.0014,玉树藏族自治州,玉树县结古镇,,24,6,3,3,2,76,,114,104,11,4,10,10,0.5,0.5
2024-06-13T0000,1715A,102.575,24.3711,玉溪市,东风水库,,32,32,21,10,12,32,,66,52,9,9,7,6,0.6,0.6
2024-06-13T0000,2882A,102.5389,24.3703,玉溪市,玉溪一中,,16,16,15,9,7,29,,64,46,15,13,10,8,0.6,0.6
2024-06-13T0000,2883A,102.5381,24.3389,玉溪市,文体中心,,15,15,22,8,9,34,,65,49,12,12,10,9,0.6,0.6
2024-06-13T0000,1847A,113.1094,29.3578,岳阳市,南湖风景区,,28,25,24,19,17,66,,111,90,9,10,7,6,0.6,0.6
2024-06-13T0000,1848A,113.1493,29.4251,岳阳市,城陵矶,,46,46,29,20,21,36,,104,,38,34,7,6,0.9,0.8
2024-06-13T0000,1849A,113.1497,29.3575,岳阳市,开发区,,23,22,24,16,16,43,,118,87,25,15,5,4,0.5,0.5
2024-06-13T0000,1850A,113.2621,29.4758,岳阳市,云溪区,,26,26,28,15,15,54,,118,68,6,9,6,6,0.5,0.6
2024-06-13T0000,1851A,112.9943,29.4402,岳阳市,君山区,,23,18,20,16,16,63,,104,,15,10,4,4,0.7,0.6
2024-06-13T0000,1852A,113.2117,29.355,岳阳市,金凤水库,,26,22,24,18,13,46,,125,89,19,10,4,4,0.7,0.8
2024-06-13T0000,1712A,112.0392,22.9169,云浮市,新市府,,10,6,19,6,11,32,,58,46,2,6,5,5,0.5,0.5
2024-06-13T0000,1714A,112.0539,22.9539,云浮市,牧羊,,22,22,27,6,12,16,,62,37,19,18,7,8,0.4,0.5
2024-06-13T0000,3628A,112.0336,22.9374,云浮市,文笔,,16,,12,11,8,49,,64,56,3,8,3,4,0.5,0.5
2024-06-13T0000,2175A,110.9956,35.0147,运城市,运城中学,臭氧1小时,64,70,114,23,26,171,,208,168,11,18,8,9,0.5,0.9
2024-06-13T0000,2178A,110.9686,35.0303,运城市,地区技校,臭氧1小时,78,81,115,35,27,182,,230,189,11,25,8,8,0.5,0.6
2024-06-13T0000,2179A,111.0414,35.1147,运城市,空港新区,颗粒物(PM10),83,116,137,38,36,96,,212,147,39,34,8,13,0.6,0.8
2024-06-13T0000,3667A,111.0283,35.0547,运城市,水利职院,臭氧1小时,72,71,122,33,35,177,,217,192,9,27,6,7,0.4,0.8
2024-06-13T0000,3670A,111.0522,35.0439,运城市,禹都公园,,,,133,,31,168,,218,182,,22,8,8,,1
2024-06-13T0000,1637A,117.558,34.8438,枣庄市,市中区政府,臭氧1小时,67,61,90,22,23,173,,229,202,25,23,9,10,1.0,0.7
2024-06-13T0000,1638A,117.2852,34.7837,枣庄市,薛城环保局,颗粒物(PM10),62,73,92,20,24,164,,226,207,20,20,6,7,0.7,0.8
2024-06-13T0000,1639A,117.5852,34.7745,枣庄市,峄城区政府,颗粒物(PM10),62,73,97,22,28,158,,228,203,26,20,7,8,0.6,0.5
2024-06-13T0000,1640A,117.7276,34.5578,枣庄市,台儿庄区环保局,颗粒物(PM10),92,134,96,22,27,143,,224,194,21,20,9,9,0.6,0.7
2024-06-13T0000,1641A,117.4518,35.0992,枣庄市,山亭区环保局,,45,34,66,7,20,144,,223,198,21,19,6,9,0.6,0.8
2024-06-13T0000,3364A,117.3152,34.8103,枣庄市,市环保局,颗粒物(PM10),59,68,83,19,20,166,,216,199,20,21,5,7,0.5,0.6
2024-06-13T0000,1680A,110.3539,21.2706,湛江市,湛江影剧院,,27,27,27,10,10,56,,68,54,9,14,12,8,0.4,0.4
2024-06-13T0000,1681A,110.3928,21.2228,湛江市,市环境监测站,,18,16,24,12,12,56,,65,56,11,12,6,6,0.6,0.6
2024-06-13T0000,1682A,110.4019,21.1997,湛江市,环保局宿舍,,27,27,25,12,13,39,,64,51,25,16,7,10,0.5,0.4
2024-06-13T0000,1683A,110.4111,21.2028,湛江市,霞山游泳场,,24,24,22,10,11,48,,66,51,12,13,7,9,0.4,0.4
2024-06-13T0000,1684A,110.3316,21.2679,湛江市,麻章区环保局,,35,35,33,24,22,48,,68,52,11,15,27,10,0.4,0.5
2024-06-13T0000,1685A,110.4558,21.2567,湛江市,坡头区环保局,,20,20,26,13,13,58,,70,56,9,12,5,5,0.4,0.4
2024-06-13T0000,1858A,110.5319,29.1217,张家界市,永定新区,,24,24,16,14,13,18,,91,54,11,7,2,2,0.2,0.2
2024-06-13T0000,1859A,110.4697,29.1242,张家界市,电业局,,23,,12,16,12,22,,88,57,7,4,4,5,0.4,0.4
2024-06-13T0000,1860A,110.5594,29.3547,张家界市,未央路,,23,20,15,16,13,20,,84,47,7,5,3,3,0.3,0.3
2024-06-13T0000,1861A,110.4417,29.315,张家界市,袁家界,,11,11,13,3,8,20,,87,52,16,14,6,5,0.7,0.7
2024-06-13T0000,1057A,114.8883,40.8336,张家口市,人民公园,,35,33,35,8,7,110,,156,141,18,10,3,3,0.3,0.2
2024-06-13T0000,1059A,114.8687,40.8042,张家口市,五金库,,39,27,34,14,11,122,,152,137,14,13,6,6,0.2,0.2
2024-06-13T0000,1060A,114.8902,40.762,张家口市,世纪豪园,,37,20,30,9,9,116,,150,134,6,5,2,4,0.3,0.3
2024-06-13T0000,1061A,114.8916,40.8661,张家口市,北泵房,,42,20,27,14,7,134,,162,149,9,8,8,9,0.8,0.7
2024-06-13T0000,3131A,114.879,40.7993,张家口市,烟厂,,35,35,42,11,10,112,,150,136,14,9,4,3,0.3,0.3
2024-06-13T0000,3323A,115.2773,40.9724,张家口市,青少年活动中心,,31,10,26,3,8,97,,144,134,5,5,2,2,0.2,0.2
2024-06-13T0000,2654A,100.4698,38.9524,张掖市,润泉湖,,49,49,30,27,15,89,,146,126,22,11,6,10,0.3,0.3
2024-06-13T0000,2655A,100.4154,38.9422,张掖市,区工会,颗粒物(PM10),66,81,37,20,13,98,,150,128,17,12,6,8,0.2,0.2
2024-06-13T0000,2075A,117.6336,24.4674,漳州市,九湖,,,,,,,,,,,,,,,,
2024-06-13T0000,2920A,117.7116,24.506,漳州市,蓝田镇,颗粒物(PM10),52,53,29,22,13,0,,58,20,34,15,4,4,0.6,0.4
2024-06-13T0000,3216A,114.6622,24.5183,漳州市,漳州党校,,32,32,31,16,14,10,,69,33,33,14,5,4,0.6,0.5
2024-06-13T0000,3530A,117.6296,24.5314,漳州市,西洋坪路,,21,21,25,10,14,2,,60,21,23,13,2,2,0.6,0.6
2024-06-13T0000,2596A,103.7667,27.3736,昭通市,监测站,,44,44,32,17,16,81,,133,114,23,12,7,7,0.3,0.4
2024-06-13T0000,2597A,103.7225,27.3361,昭通市,环保局,,36,36,27,22,15,95,,138,118,19,15,6,5,0.3,0.3
2024-06-13T0000,1397A,112.4267,23.0706,肇庆市,睦岗子站,,22,22,26,11,14,7,,92,48,32,19,6,7,0.4,0.3
2024-06-13T0000,1398A,112.4645,23.0475,肇庆市,城中子站,,22,22,25,15,15,27,,87,55,22,22,11,10,0.5,0.5
2024-06-13T0000,1399A,112.5544,23.1522,肇庆市,坑口子站,,16,16,23,10,15,20,,90,54,17,17,7,8,0.1,0.2
2024-06-13T0000,1400A,112.4753,23.1,肇庆市,七星岩子站,,,,,,,,,,,,,,,,
2024-06-13T0000,3313A,112.4575,23.0166,肇庆市,高要湖西,,28,28,28,10,14,30,,90,53,13,14,5,6,0.3,0.3
2024-06-13T0000,3451A,112.5617,23.2083,肇庆市,鼎湖凤凰,,21,21,18,13,12,22,,98,62,7,6,6,6,0.2,0.2
2024-06-13T0000,1203A,119.6707,32.1875,镇江市,新区办事处,,43,38,34,30,27,56,,202,145,29,25,7,4,0.8,0.6
2024-06-13T0000,1204A,119.4974,32.1968,镇江市,职教中心,细颗粒物(PM2.5),53,44,39,37,43,42,,195,134,38,30,7,7,0.9,0.8
2024-06-13T0000,1205A,119.4303,32.1328,镇江市,丹徒区监测站,细颗粒物(PM2.5),52,,41,36,33,66,,210,170,17,15,4,5,0.7,0.7
2024-06-13T0000,2870A,119.4424,32.1873,镇江市,市疾控中心,,38,35,36,26,24,61,,175,,20,19,3,3,0.9,0.7
2024-06-13T0000,3287A,119.3842,32.1976,镇江市,富润路1号,,48,,23,33,28,73,,209,169,24,19,7,6,0.8,0.7
2024-06-13T0000,1316A,113.69031,34.76122,郑州市,烟厂,颗粒物(PM10),56,62,86,27,32,119,,229,176,34,24,6,9,0.6,0.5
2024-06-13T0000,1317A,113.65724,34.77134,郑州市,郑纺机,颗粒物(PM10),52,53,92,25,30,127,,227,168,25,23,4,6,0.5,0.5
2024-06-13T0000,1318A,113.67526,34.80246,郑州市,银行学校,颗粒物(PM10),54,57,75,27,31,140,,243,188,25,21,7,9,0.4,0.5
2024-06-13T0000,1319A,113.56746,34.81334,郑州市,供水公司,颗粒物(PM10),51,52,101,24,34,145,,242,185,26,26,7,9,0.5,0.5
2024-06-13T0000,1320A,113.7329,34.7178,郑州市,经开区管委,颗粒物(PM10),63,76,83,42,40,91,,224,170,46,24,7,7,0.6,0.6
2024-06-13T0000,1321A,113.73961,34.77172,郑州市,四十七中,颗粒物(PM10),58,66,85,24,29,119,,230,176,24,17,6,7,0.6,0.6
2024-06-13T0000,1322A,113.60532,34.74838,郑州市,市监测站,,46,46,116,26,36,134,,226,141,16,20,2,8,0.8,0.7
2024-06-13T0000,1323A,113.64164,34.7525,郑州市,河医大,,50,50,93,24,25,147,,243,187,18,18,9,9,0.5,0.6
2024-06-13T0000,1324A,113.51488,34.91089,郑州市,岗李水库,,,,,,,,,,,,,,,,
2024-06-13T0000,3471A,113.616563,34.86783,郑州市,惠济区政府,颗粒物(PM10),67,84,119,18,33,100,,234,176,22,22,4,6,0.7,0.7
2024-06-13T0000,3590A,113.8374,34.5589,郑州市,北区建设指挥部,颗粒物(PM10),60,70,73,24,27,120,,224,171,18,23,7,11,0.6,0.6
2024-06-13T0000,3591A,113.30952,34.803229,郑州市,上街区政府,颗粒物(PM10),58,66,110,32,39,134,,236,190,20,16,7,10,0.4,0.5
2024-06-13T0000,1379A,113.3769,22.5211,中山市,华柏园,,19,19,20,11,11,46,,60,52,8,8,6,6,0.2,0.3
2024-06-13T0000,1380A,113.3881,22.5497,中山市,张溪,,15,11,22,9,12,45,,65,53,6,7,6,6,0.4,0.4
2024-06-13T0000,1381A,113.4075,22.5111,中山市,紫马岭,,16,16,20,3,7,49,,64,55,6,6,6,6,0.2,0.2
2024-06-13T0000,1382A,113.4411,22.4853,中山市,长江旅游区,,,,,,,,,,,,,,,,
2024-06-13T0000,3454A,113.3528,22.478,中山市,中山南区,,14,14,20,3,8,44,,61,50,8,8,4,4,0.3,0.3
2024-06-13T0000,2680A,105.0025,37.4635,中卫市,沙坡头消防站,,,,,,,,,,,,,,,,
2024-06-13T0000,2682A,105.1971,37.5002,中卫市,环保局站,,50,50,49,10,17,106,,141,117,17,19,9,9,0.2,0.3
2024-06-13T0000,3650A,105.1698,37.5162,中卫市,沙坡头区政府站,颗粒物(PM10),52,53,57,19,25,67,,147,118,50,21,6,9,0.5,0.4
2024-06-13T0000,1414A,106.3787,29.8279,重庆市,缙云山,,39,34,20,15,9,123,,164,158,8,11,10,8,0.2,0.2
2024-06-13T0000,1416A,106.4213,29.8253,重庆市,天生,细颗粒物(PM2.5),52,38,37,36,20,51,,175,134,35,23,14,9,0.6,0.5
2024-06-13T0000,1417A,106.6263,29.7228,重庆市,两路,,39,39,31,21,19,69,,144,110,34,35,7,7,0.8,0.8
2024-06-13T0000,1418A,106.2953,29.5983,重庆市,虎溪,细颗粒物(PM2.5),55,49,49,39,40,45,,149,111,67,27,6,6,0.7,0.6
2024-06-13T0000,1419A,106.5777,29.5102,重庆市,南坪,,42,42,41,25,25,111,,148,140,15,18,10,9,0.6,0.5
2024-06-13T0000,1420A,106.6556,29.6277,重庆市,唐家沱,,47,47,31,32,18,43,,156,133,53,21,5,5,0.8,0.6
2024-06-13T0000,1421A,106.6349,29.4906,重庆市,茶园,颗粒物(PM10),51,51,40,26,21,39,,120,88,75,32,6,5,1.0,0.8
2024-06-13T0000,1422A,106.3754,29.4572,重庆市,白市驿,,48,40,43,33,29,139,,167,154,18,17,7,6,0.8,0.6
2024-06-13T0000,1425A,106.6205,29.7166,重庆市,空港,细颗粒物(PM2.5),58,45,36,41,28,58,,158,122,51,32,6,6,1.1,0.8
2024-06-13T0000,1426A,106.4782,29.4875,重庆市,新山村,,44,44,41,30,33,49,,139,105,88,37,3,3,1.1,0.7
2024-06-13T0000,1427A,106.5616,29.6453,重庆市,礼嘉,颗粒物(PM10),53,55,33,29,21,68,,142,114,55,43,9,8,1.0,0.8
2024-06-13T0000,1428A,106.4522,29.7091,重庆市,蔡家,,50,50,36,31,23,62,,171,138,40,24,6,5,0.6,0.5
2024-06-13T0000,1429A,106.5093,29.3917,重庆市,鱼新街,颗粒物(PM10),51,52,38,33,20,45,,136,95,47,28,5,6,0.9,0.8
2024-06-13T0000,3014A,106.4958,29.5346,重庆市,歇台子,颗粒物(PM10),62,73,50,34,27,58,,134,116,73,28,6,6,1.0,0.6
2024-06-13T0000,3015A,106.4037,29.5728,重庆市,龙井湾,,42,42,42,27,22,114,,157,150,21,19,7,5,0.7,0.6
2024-06-13T0000,3016A,106.5507,29.4153,重庆市,龙洲湾,细颗粒物(PM2.5),53,45,31,37,28,99,,152,142,26,13,9,9,0.8,0.7
2024-06-13T0000,3133A,106.5468,29.5654,重庆市,上清寺,二氧化氮,57,48,47,30,27,10,,139,95,114,39,6,6,1.4,0.8
2024-06-13T0000,3346A,108.3872,31.1628,重庆市,安康,,35,33,24,24,29,43,,115,76,29,16,6,6,0.4,0.5
2024-06-13T0000,3347A,105.9017,29.3569,重庆市,北山路,,38,32,24,26,18,118,,136,135,19,14,4,4,0.8,0.8
2024-06-13T0000,3348A,105.839,30.1946,重庆市,春阳街,,39,34,28,27,26,71,,100,80,24,13,4,4,0.7,0.6
2024-06-13T0000,3349A,107.7983,30.6758,重庆市,人民东路,,41,41,36,26,21,39,,122,93,38,16,5,5,0.8,0.7
2024-06-13T0000,3350A,106.6479,29.0244,重庆市,滩子口,颗粒物(PM10),51,52,41,26,23,32,,117,89,31,14,5,7,0.6,0.6
2024-06-13T0000,3351A,105.7167,29.7076,重庆市,棠香,,29,29,28,16,19,66,,126,99,16,11,5,5,0.8,0.7
2024-06-13T0000,3352A,107.0732,29.8617,重庆市,桃源西路,,39,28,31,27,20,70,,132,104,14,13,9,10,0.6,0.6
2024-06-13T0000,3353A,107.3535,29.7287,重庆市,迎宾大道,,30,30,30,20,17,0,,126,70,26,12,4,4,0.8,0.7
2024-06-13T0000,3354A,108.815,29.5081,重庆市,舟白,,15,10,17,10,15,32,,119,86,26,8,4,4,0.5,0.3
2024-06-13T0000,3355A,108.3679,30.8426,重庆市,周家坝,,36,34,26,25,27,37,,97,70,29,20,13,13,0.7,0.6
2024-06-13T0000,3356A,108.4319,30.7555,重庆市,百安坝,颗粒物(PM10),76,102,45,35,26,66,,113,100,13,9,10,10,0.4,0.4
2024-06-13T0000,3482A,107.7541,29.3277,重庆市,芙蓉中路,细颗粒物(PM2.5),57,,22,40,17,15,,116,78,34,14,18,6,0.7,0.6
2024-06-13T0000,3483A,108.7661,29.5368,重庆市,西山,,28,,19,19,17,22,,93,60,29,9,4,4,0.6,0.5
2024-06-13T0000,3484A,106.2628,29.32,重庆市,行政中心,细颗粒物(PM2.5),119,102,58,90,54,16,,157,100,58,24,12,9,1.4,0.8
2024-06-13T0000,3485A,107.0944,29.1608,重庆市,高寺路,细颗粒物(PM2.5),52,,28,36,36,45,,106,79,15,10,5,6,0.5,0.5
2024-06-13T0000,3599A,106.2649,29.9851,重庆市,书院路,细颗粒物(PM2.5),68,,33,49,28,66,,165,130,22,20,9,10,0.6,0.7
2024-06-13T0000,3600A,106.2339,29.5559,重庆市,虎峰,,48,48,46,22,23,81,,143,131,18,12,7,6,0.5,0.8
2024-06-13T0000,3601A,106.0499,29.8342,重庆市,龙门街,细颗粒物(PM2.5),65,,32,47,30,39,,148,123,33,17,9,18,1.0,0.8
2024-06-13T0000,3610A,105.5933,29.4105,重庆市,昌元,,41,41,27,20,17,16,,128,85,50,21,4,4,0.8,0.7
2024-06-13T0000,1258A,122.122,30.0203,舟山市,定海檀枫,,28,20,18,12,9,4,,61,23,55,38,7,7,0.7,0.7
2024-06-13T0000,1260A,122.19,29.9944,舟山市,临城新区,,24,24,13,16,7,6,,47,15,42,38,5,4,0.4,0.4
2024-06-13T0000,4033A,122.3123,29.9619,舟山市,普陀东港中学,,24,24,13,16,10,14,,53,35,39,29,7,7,0.4,0.3
2024-06-13T0000,2067A,114.6613,33.6128,周口市,市环境监测站,,50,50,61,25,24,99,,188,157,16,16,7,8,0.3,0.4
2024-06-13T0000,2068A,114.6758,33.6347,周口市,周口师范,,45,45,51,18,23,101,,176,153,9,9,5,5,0.5,0.6
2024-06-13T0000,2069A,114.6546,33.5979,周口市,市运管处,,45,45,54,17,20,102,,195,162,11,10,1,2,0.5,0.5
2024-06-13T0000,2070A,114.6369,33.6406,周口市,川汇区环保局,颗粒物(PM10),53,55,54,26,25,107,,196,167,13,14,3,2,0.4,0.4
2024-06-13T0000,1515A,113.135,27.8244,株洲市,天台山庄,,11,9,14,7,12,33,,63,50,8,9,5,5,0.6,0.6
2024-06-13T0000,1518A,113.095,27.8867,株洲市,株冶医院,,10,10,16,7,10,28,,69,50,12,13,6,6,0.5,0.6
2024-06-13T0000,1519A,113.167,27.8667,株洲市,市四中,,12,9,16,7,9,37,,61,50,8,9,7,7,0.6,0.5
2024-06-13T0000,1520A,113.143,27.8381,株洲市,火车站,,11,11,16,3,8,29,,58,38,10,9,6,6,0.5,0.6
2024-06-13T0000,1524A,113.13,27.8528,株洲市,市监测站,,13,12,15,8,6,39,,62,51,8,8,6,6,0.8,0.8
2024-06-13T0000,1559A,113.251,27.8336,株洲市,大京风景区,,15,15,14,10,7,20,,61,36,4,3,4,3,0.6,0.6
2024-06-13T0000,2031A,113.1817,27.9958,株洲市,云田中学,,26,26,16,14,11,46,,72,56,3,4,8,7,0.6,0.6
2024-06-13T0000,1367A,113.5814,22.2618,珠海市,吉大,细颗粒物(PM2.5),60,,21,43,21,45,,56,47,4,3,4,4,0.2,0.3
2024-06-13T0000,1368A,113.4881,22.2335,珠海市,前山,,22,22,21,10,10,46,,54,48,4,3,5,5,0.4,0.4
2024-06-13T0000,1369A,113.628,22.4251,珠海市,唐家,,16,16,19,3,8,35,,55,39,6,6,5,4,0.3,0.3
2024-06-13T0000,1370A,113.299,22.2281,珠海市,斗门,,,,20,,8,,,45,,,4,,6,,0.5
2024-06-13T0000,3308A,113.3494,22.0569,珠海市,金湾,,26,24,21,18,8,56,,57,55,4,5,3,4,0.4,0.4
2024-06-13T0000,3448A,113.5433,22.1163,珠海市,横琴,,27,27,24,11,9,68,,69,64,3,3,4,4,0.5,0.5
2024-06-13T0000,2420A,114.0189,32.9656,驻马店市,市一纸厂,,38,38,51,23,21,111,,165,140,11,14,6,6,0.3,0.4
2024-06-13T0000,2421A,114.0114,33.015,驻马店市,市彩印厂,,45,45,47,21,25,118,,174,152,13,13,4,4,0.4,0.4
2024-06-13T0000,2422A,113.9976,32.9771,驻马店市,天方二分厂,颗粒物(PM10),53,56,52,26,32,104,,162,137,15,13,7,7,0.5,0.5
2024-06-13T0000,3339A,114.0012,33.0412,驻马店市,小管楼,,49,49,48,22,27,112,,170,148,8,10,10,8,0.5,0.5
2024-06-13T0000,2561A,104.6617,30.1372,资阳市,莲花山,,42,42,29,24,18,114,,137,128,12,11,1,8,0.5,0.6
2024-06-13T0000,2562A,104.6356,30.1506,资阳市,资阳中学,,32,,22,22,19,97,,146,123,10,9,9,9,0.5,0.5
2024-06-13T0000,2563A,104.6295,30.1383,资阳市,四三一厂,,39,,26,27,17,87,,140,124,16,8,7,7,0.6,0.5
2024-06-13T0000,2564A,104.6463,30.1146,资阳市,师范校,,38,35,26,26,16,90,,140,121,15,9,7,7,0.7,0.7
2024-06-13T0000,2565A,104.6296,30.1256,资阳市,区法院,,49,49,26,22,17,94,,146,122,18,11,5,5,0.7,0.6
2024-06-13T0000,1631A,118.0414,36.8103,淄博市,人民公园,颗粒物(PM10),53,56,69,24,25,68,,208,131,46,19,21,16,0.7,0.4
2024-06-13T0000,1633A,117.8525,36.4847,淄博市,双山,,36,27,50,16,21,115,,210,154,21,16,13,13,0.8,0.7
2024-06-13T0000,1634A,117.9592,36.6331,淄博市,气象站,,46,19,56,12,24,146,,205,151,15,16,12,14,0.6,0.6
2024-06-13T0000,1635A,118.3092,36.8194,淄博市,莆田园,颗粒物(PM10),59,68,79,31,26,66,,216,127,50,25,9,13,0.6,0.5
2024-06-13T0000,3363A,117.9883,36.8372,淄博市,新区,,33,31,58,12,18,104,,216,148,28,17,14,13,0.6,0.5
2024-06-13T0000,3644A,117.8661,36.805,淄博市,三金集团,,35,26,57,14,19,110,,203,143,28,22,12,15,0.5,0.6
2024-06-13T0000,3645A,118.0253,36.8406,淄博市,东风化工厂,,46,46,75,9,20,79,,210,136,32,19,11,13,0.6,0.6
2024-06-13T0000,3027A,104.72,29.3427,自贡市,青杠林路,,29,29,25,19,17,34,,128,97,30,10,6,6,0.6,0.5
2024-06-13T0000,3028A,104.776,29.3627,自贡市,檀木林体育馆,,26,24,23,18,17,77,,123,113,25,12,6,6,0.4,0.4
2024-06-13T0000,3360A,104.7894,29.3194,自贡市,南湖救助站,,40,34,24,25,23,0,,118,86,79,17,5,5,0.7,0.5
2024-06-13T0000,3638A,104.7636,29.3338,自贡市,轻化工大学,,28,28,22,17,17,31,,119,89,55,17,7,7,0.5,0.4
2024-06-13T0000,1911A,106.9222,27.6869,遵义市,丁字口,,24,24,16,8,6,28,,95,63,33,13,5,4,0.7,0.5
2024-06-13T0000,1912A,106.9242,27.7019,遵义市,凤凰山,,31,31,14,10,8,38,,109,95,11,4,3,3,0.4,0.4
2024-06-13T0000,1913A,106.8906,27.6486,遵义市,忠庄,,30,27,23,21,12,38,,108,90,30,12,3,2,0.7,0.6
2024-06-13T0000,1914A,106.9231,27.6506,遵义市,舟水桥,颗粒物(PM10),57,64,24,23,9,14,,111,70,23,14,1,2,0.6,0.5
2024-06-13T0000,1915A,106.9178,27.72,遵义市,干田坝,,30,30,14,9,8,22,,120,84,30,12,5,5,0.5,0.4
2024-06-13T0000,3536A,106.8547,27.5919,遵义市,第十二小学,,26,26,16,11,7,12,,110,65,47,15,3,4,0.6,0.6
